0.0292154 4.3589e-05 0.00339233 0.0115389 0.000660206 0.0100119 0.000168755 0.00724739 0.00341591 0.00333048 0.00150474 8.23576e-05 0.919129 0.00452413 0.00321748 0.000407168 0.00211011 
0.00137427 0.000915877 0.0434578 0.0111683 0.000109399 0.00352482 0.712178 0.0822199 0.00129018 0.00185386 0.0263739 0.000483444 4.12524e-05 0.0240564 0.00047108 0.0757801 0.0147014 
0.00778863 0.0500666 0.00607632 0.146654 0.00152277 0.0118886 0.0625751 0.0680526 0.0579858 0.0677448 0.269115 0.00148806 0.076823 0.00466328 0.112735 0.0134791 0.0413421 
0.0568658 0.000420573 0.0905909 0.0267373 0.0040957 0.0045619 0.0772111 0.461383 0.0604299 0.0877091 0.0224304 0.00495601 0.0492664 0.0105161 0.00285324 0.0058937 0.0340785 
0.066526 8.0339e-05 0.0123431 0.045216 0.0094984 0.0408215 0.00429675 0.132913 0.0194096 0.000265192 0.00163571 0.00110144 0.638616 0.00514158 0.00432006 0.000690038 0.0171252 
0.00175976 0.0015896 0.0104321 0.00522686 0.012115 0.000749335 0.00946991 0.0598815 0.029817 0.0513626 0.00920988 0.015482 0.0031867 0.000356142 0.714563 0.00987287 0.0649254 
0.0427424 0.00243318 0.0773935 0.00474848 0.007089 0.0043055 0.00858068 0.0713452 0.000441443 0.0635619 0.028395 0.00213589 0.000950273 0.00634108 0.00195865 0.0451723 0.632406 
0.0146716 0.0337915 0.0114676 0.0773199 0.00182312 0.00336861 0.132483 0.075101 0.0101208 0.0370044 0.141872 0.0010417 0.00426034 0.0233068 0.00013183 0.0366701 0.395565 
0.0172853 0.000699433 0.09038 0.000769755 0.392433 0.00161074 0.218857 0.012558 0.00142561 0.105071 0.105731 0.00724297 0.00103024 0.00243084 0.00524964 0.00866093 0.0285648 
0.0017041 0.000131449 0.00697308 0.273765 0.00321676 0.00312372 0.24412 0.168292 0.00218738 0.0771547 0.00542657 0.0414664 0.0342999 0.00793698 0.00262647 0.0121225 0.115453 
0.0051054 9.17738e-06 0.00111887 0.0161705 1.47967e-05 1.09037e-05 0.00157376 0.000382567 0.00160219 0.000149234 0.000612851 1.53602e-05 0.00306605 0.967379 2.5574e-05 0.000340933 0.00242277 
0.000738911 0.953246 0.000158191 0.00231208 0.000261957 0.000455605 0.00149672 0.0230867 0.0034599 0.00107646 0.00167452 0.000170263 0.00423519 8.52564e-05 0.00293424 0.00109968 0.00350795 
0.000738911 0.953246 0.000158191 0.00231208 0.000261957 0.000455605 0.00149672 0.0230867 0.0034599 0.00107646 0.00167452 0.000170263 0.00423519 8.52564e-05 0.00293424 0.00109968 0.00350795 
0.0132421 0.000290015 0.0450157 0.0923524 0.00032562 0.0110809 0.0421457 0.146544 0.0317137 0.0492124 0.00794369 0.00104807 0.0111199 0.0106334 0.0169709 0.0128241 0.507538 
0.347625 0.00377556 0.0216063 0.00347459 0.00708312 0.00456459 0.102034 0.150241 0.00131729 0.00432747 0.0303226 0.00893952 0.00342128 0.240498 0.00619013 0.00419145 0.060388 
0.0033504 0.00372042 0.0361342 0.0120737 0.0211748 0.0214667 0.0494385 0.0459171 0.000636067 0.0546797 0.0105468 0.00738158 0.015661 0.00457391 0.00399676 0.0530139 0.656234 
0.027454 0.740856 0.000450853 0.0499783 0.00014805 0.00212771 0.00725604 0.00193168 0.00105905 0.00762946 0.0024203 0.000258661 0.00391608 0.0704139 0.0228872 0.0487703 0.0124424 
0.0166166 0.00368244 0.00288194 0.00960029 0.00428074 0.123347 0.0257838 0.531357 0.00874458 0.0100042 0.00128471 0.00233992 0.021543 0.0830168 0.000386828 0.00744816 0.147683 
0.0054847 0.0494829 0.000566129 0.0033474 0.000849595 0.755488 0.00639841 0.00879482 0.00431931 0.0135695 0.0218096 0.00025961 0.00452255 0.000257219 0.0232052 0.0840755 0.0175692 
0.00200365 0.00119942 0.0103059 0.00778451 0.0366452 0.00300064 0.0022655 0.00578603 0.034654 0.0407437 0.00750137 0.00130338 0.0123703 0.00138569 0.0195707 0.00287927 0.810601 
0.0100049 0.000845136 0.00359167 0.00405633 0.00542782 0.0229071 0.0141123 0.00480175 0.72061 0.0659766 0.0813425 0.000188992 0.017324 0.0164214 0.00860663 0.00555574 0.0182277 
0.00393276 0.0172529 0.000391043 0.0161168 0.00551428 0.00352725 0.000809154 0.00242556 0.0104994 0.0070907 0.876267 0.0028139 0.00348402 0.00196067 0.0291722 0.00949336 0.00924894 
0.00393334 0.000577285 0.000691194 0.000741057 0.0509721 0.00133905 0.111347 0.00167169 0.768974 0.0187371 0.00532904 0.00133625 0.000375625 0.000241023 0.000367728 0.0013343 0.0320327 
0.0460288 0.0317185 0.000203402 0.00333917 0.0180946 0.0217869 0.00206934 0.001878 0.00232477 0.0627196 0.00282531 0.0713855 0.0125562 0.695988 0.00784185 0.01776 0.00147976 
0.0107747 0.838934 0.00229 0.00549502 0.000114014 0.00267018 0.0114866 0.017616 0.000611556 0.00732152 0.0135197 0.000241291 0.0310676 0.000216506 0.0393859 0.0121414 0.00611397 
0.0039541 0.353789 0.0162663 0.0108751 0.000251162 0.00842231 0.0530834 0.0739271 0.0339998 0.00995222 0.0299529 0.0430495 0.0248839 0.119341 0.00839355 0.0134107 0.196448 
0.0037553 0.00125463 0.000445138 0.00738859 0.000799475 0.000663171 0.0145506 0.110021 0.00163341 0.00905906 0.0054846 0.00496672 0.006422 0.00426037 0.00573655 0.820974 0.00258591 
0.00529956 0.0755683 0.00236039 0.0125129 0.000704635 0.00370664 0.0026012 0.0718809 0.539838 0.0947216 0.0488718 0.00240182 0.00831554 0.047456 0.0375816 0.0330352 0.0131441 
0.123814 0.00976521 0.000810587 0.00456652 0.00132207 0.00246541 0.00120181 0.0155995 0.0319604 0.402299 0.115685 0.00078847 0.236656 0.000417727 0.0167432 0.0295083 0.00639604 
0.00842162 0.00483087 0.522705 6.60119e-05 0.000143795 0.00111236 0.157721 0.00387311 0.0975277 0.136699 6.99611e-05 0.0010266 0.000320632 0.00613858 0.0466283 0.00731115 0.00540397 
0.000987738 0.0137418 0.00224401 0.0183891 0.00336813 0.754296 0.00188001 0.155006 0.0140344 0.000641285 0.000254044 0.0017295 0.00299159 0.00135705 0.00129913 0.000994574 0.0267851 
0.00438375 0.666416 0.0129285 0.0552561 0.00363195 0.00391041 0.0108462 0.0988415 0.00235899 0.0122024 0.0364886 0.00218646 0.00388761 0.0215861 0.013081 0.0122115 0.0397829 
0.0190255 0.000204655 0.616659 0.00110937 0.000910494 0.0197927 0.170739 0.00975113 0.000965065 0.00518285 0.116995 0.00432151 0.000153416 0.000863877 0.000431691 0.0188378 0.0140568 
0.0185769 0.000408326 0.00312285 0.00257541 0.00320575 0.000879212 0.00201541 0.000152971 0.0025547 0.0140078 0.000237854 0.000577497 0.000300374 0.93234 0.0011368 0.000195056 0.0177135 
0.00175652 0.00482602 0.0102031 0.0490637 0.000390077 0.00419368 0.0492959 0.82048 0.0167625 0.000133114 0.000230015 0.0054226 0.00409511 0.00164741 0.00265617 0.00156802 0.0272761 
0.000638229 0.193255 0.00128606 0.0451348 0.000314676 0.00178784 0.000228513 0.000330992 0.219329 0.0799334 0.0587206 0.000228597 0.0819642 0.0306692 0.283994 0.00108541 0.00109941 
0.00434352 4.68768e-05 0.013958 0.00133735 1.98064e-05 9.96692e-06 0.00188064 0.00140982 0.000454815 0.00184834 0.000178754 1.43892e-05 0.000220438 0.970697 0.000990817 0.00122391 0.00136554 
0.000521154 0.0800121 0.113769 0.000441382 0.000961472 0.000797549 0.00477562 0.000300849 0.00967685 0.00498632 0.00817213 0.000998085 0.00405011 0.0119717 0.722451 0.000383618 0.0357307 
0.900775 9.54641e-05 0.00222622 0.000897955 0.0170279 0.000189841 0.0270162 0.0235639 0.00137228 0.000361636 0.00753411 0.000237575 0.00119685 0.0032351 0.000610199 0.0106723 0.00298785 
0.419366 0.0126728 0.105001 0.00479663 0.0249919 0.0898616 0.0682772 0.046562 0.000827426 0.0748357 0.00791233 0.0396156 0.0143896 0.0274624 0.00231847 0.0353683 0.0257407 
0.00134521 0.000539508 0.059667 0.000943778 0.000167873 0.000216535 0.00689951 0.0102953 0.00115269 0.0254264 0.00103734 0.000201547 0.00364146 0.870644 0.00760845 0.00704321 0.00316976 
0.0112797 0.805527 0.00158497 0.00565617 3.60266e-05 0.00256611 0.0140835 0.0219682 0.000413175 0.00849045 0.0167878 9.78002e-05 0.0392413 0.000128832 0.0503827 0.014706 0.00705023 
0.0317437 0.021268 0.0212688 0.00831933 0.00093942 0.00235055 0.00763597 0.020524 0.00719203 0.00794974 0.0232227 0.000110821 0.036379 0.717452 0.0103942 0.0262885 0.0569616 
0.0137889 0.00085214 0.02593 0.000767956 0.0607312 0.0133571 0.203442 0.00421531 0.0918744 0.0780272 0.0079778 0.256504 0.00436382 0.200337 0.0366054 0.000667453 0.000558137 
0.0417521 0.0290182 0.00489245 0.0170224 0.39223 0.00307519 0.0469223 0.00924292 0.0228873 0.104317 0.0433304 0.00227421 0.0354648 0.00165645 0.0166616 0.11461 0.114643 
0.00359686 0.000237538 0.0779533 0.0264739 0.0115917 0.000472371 0.000199602 0.107595 0.0138038 0.000791991 0.00178285 0.000591144 0.0573361 0.0112689 0.0494799 0.624677 0.0121482 
0.00560797 0.00596613 0.0729009 0.000958524 0.00612727 0.0921968 0.0548465 0.585919 0.00554309 0.00598499 0.00353036 0.00236408 0.00276444 0.024785 0.00267762 0.0921434 0.0356836 
0.000642086 0.97012 0.000188046 0.0118269 0.000125626 0.000243658 0.002 0.00543259 0.00057978 0.0015392 0.000233211 9.40137e-05 0.000739357 0.0026977 0.000598217 0.0007387 0.00220126 
0.000267298 0.97693 9.5479e-05 0.0054389 9.90173e-05 0.000222983 0.00222408 0.00653393 0.000313397 0.00168424 0.000218178 7.25451e-05 0.00069835 0.0014527 0.000556611 0.000736679 0.00245586 
0.000272728 0.973546 9.68761e-05 0.00635499 9.35905e-05 0.00022778 0.00258338 0.0076818 0.000331012 0.00193485 0.000224921 6.61975e-05 0.000718908 0.00165803 0.000566225 0.000791564 0.00285142 
0.000229367 0.930333 0.000178204 0.00530758 8.43073e-05 0.00225491 0.0111605 0.00832815 0.000441443 0.0154391 0.00268803 7.58339e-05 0.000636345 0.00139607 0.000474334 0.000662202 0.0203107 
0.000222928 0.931897 0.000175567 0.00527974 8.04241e-05 0.000896192 0.0111434 0.00830026 0.000434277 0.0154178 0.0026794 7.34174e-05 0.000620098 0.00138002 0.000460517 0.000649424 0.0202895 
0.00382511 0.00434013 0.0500399 0.00112986 0.00581169 0.0185755 0.108593 0.323083 0.00756963 0.0451243 0.029383 0.00175096 0.00409203 0.0991074 0.000258779 0.192513 0.104803 
0.00632371 0.00229819 0.021079 0.00644313 0.00137667 0.00100727 0.619 0.0596379 0.00132454 0.0114399 0.0164359 0.00207746 0.00834383 0.0600476 0.00166797 0.0316364 0.14986 
0.000882862 0.0279159 0.00542645 0.0266149 0.000206097 0.0135027 0.00279686 0.00568352 0.00406248 0.0781941 0.00265191 0.00220531 0.000602569 0.022198 0.0266245 0.775553 0.00487896 
0.0246927 0.000831751 0.140634 0.000230544 0.482976 0.0138888 0.2065 0.0361242 0.000949407 0.031329 0.000280772 0.00185637 0.000372885 0.00170974 0.00110176 0.0193407 0.0371813 
0.0143177 0.014627 0.0012747 0.00713826 0.000166858 0.0018521 0.00129796 0.00237872 0.00330482 0.0230401 0.0220426 0.000130703 0.00290269 0.126624 0.734094 0.0165901 0.0282172 
0.00612332 0.00194285 0.0999149 0.000310179 0.00986875 0.0124725 0.0299343 0.703461 0.000575932 0.0106813 0.0145049 0.000332689 0.00170216 0.0466705 0.00199429 0.0340386 0.0254723 
0.0152077 0.0210424 0.00043144 0.00125783 0.000477554 0.00238206 0.00934374 0.0112178 0.00465414 0.167245 0.0190526 0.000360991 0.00974421 0.0031608 0.523661 0.00150949 0.209251 
0.010691 0.00326046 0.563448 0.000653939 0.0442211 0.00130663 0.0290187 0.00439463 0.000363154 0.000709415 0.00268856 0.000756716 0.000464234 0.135485 0.173206 0.0190686 0.0102644 
0.00669851 0.00218292 0.00243841 0.0032706 0.00117849 0.000372785 0.25053 0.00658975 0.00248074 0.00134497 0.0114483 0.000985548 0.00442815 0.000985711 0.00548266 0.640346 0.0592364 
0.024675 0.00145535 0.0253934 0.118113 0.0052731 0.00246791 0.014884 0.0034518 0.000488518 0.0321801 0.0598031 0.000983852 0.000996037 0.602564 0.000344569 0.0146417 0.0922854 
0.00383976 0.00409194 0.0115705 0.0288138 0.000423942 0.0077979 0.017847 0.0194952 0.00114718 0.30864 0.00112408 0.000680858 0.0823043 0.000533023 0.420308 0.00283435 0.0885483 
0.00530755 0.00208728 0.0386848 0.0230288 0.652038 0.00508758 0.0634971 0.0197545 0.00227673 0.0702552 0.0671803 0.000266149 0.00374759 0.0203957 0.00466719 0.00854936 0.0131766 
0.0224795 0.0323609 0.00887132 0.0886008 0.00638125 0.00230887 0.0574781 0.049258 0.484093 0.00865092 0.0175564 0.000506587 0.0361788 0.00450069 0.0942962 0.0257231 0.060756 
0.0197858 0.489386 0.000631276 0.0533987 0.000507454 0.0453162 0.0320168 0.0240362 0.0274997 0.117185 0.0973446 0.000493732 0.0251762 0.0131698 0.00558414 0.0276307 0.0208371 
0.0124934 0.0117885 0.166755 0.00128665 0.0165417 0.118108 0.0246635 0.142499 0.152532 0.00201815 0.189801 0.000955559 0.00403505 0.000362906 0.000553686 0.0610669 0.0945398 
0.0119954 0.000913272 0.000399249 0.212251 0.0314848 0.0129508 0.00784783 0.0397992 0.000266243 0.22994 0.0208637 0.000314866 0.0077996 0.00215848 0.000601475 0.0303299 0.390085 
0.00433763 0.0973297 0.0163675 0.00796206 0.0235228 0.076219 0.0285708 0.00923788 0.0691802 0.0179228 0.139926 0.0254291 0.00273326 0.00123697 0.0173921 0.333028 0.129604 
0.0248376 0.0169192 0.0116566 0.0119413 0.00608965 0.0655763 0.00580574 0.091694 0.0282793 0.0075949 0.0899921 0.010911 0.475742 0.0180992 0.016266 0.0024599 0.116135 
0.00247038 0.00948603 0.0015568 0.014428 0.0018178 0.000804753 0.0184965 0.0278855 0.00221809 0.00724231 0.0088011 0.00050594 0.00385281 0.00181904 0.842706 0.0180596 0.0378493 
0.0219699 0.0568914 0.00103734 0.00497193 0.000527127 0.0128521 0.0268948 0.00743351 0.000609251 0.150833 0.00523206 0.000667086 0.0509356 0.00657226 0.00535054 0.265942 0.38128 
0.00179415 0.00838914 0.140036 0.0443289 0.0764914 0.252298 0.100088 0.093268 0.0139497 0.0616828 0.0461357 0.00399745 0.0021694 0.00624957 0.0370441 0.0130998 0.0989782 
0.00172257 0.014009 0.00043117 0.0422439 0.0018686 0.00538907 0.000230502 0.00254814 0.00121121 0.0107527 0.00411827 0.000820094 0.00103599 0.899985 0.000252183 0.00404296 0.0093388 
0.00137968 0.0300082 0.000572578 0.0178336 0.00116881 0.000600915 0.00120387 0.852337 0.00104857 0.00606142 0.0195049 0.000415772 0.0168279 0.00046081 0.020635 0.00911575 0.0208253 
0.0497086 0.0109437 0.000128505 0.0183884 0.00191956 0.00534071 0.0212181 0.0367404 0.00567597 0.103905 0.0173576 0.0012119 0.0241782 0.0145731 0.0022513 0.0310496 0.65541 
0.00119988 0.000433337 0.0109223 0.000195897 0.000290711 0.0281853 0.0627123 0.0668183 0.000355249 0.736965 0.0027627 0.00147738 0.0018767 0.012526 0.0281514 0.00131847 0.0438096 
0.00181292 0.000312374 0.00225593 0.000607764 0.909996 0.000884664 0.0142144 0.00316567 0.000378003 0.001852 0.00253755 0.000689729 0.00027317 0.000175282 0.0019213 0.00042019 0.0585032 
0.00980194 0.00512573 0.0202156 0.0204448 0.00793312 0.0112463 0.0154321 0.00704669 0.00431829 0.00466287 0.0110869 0.000415642 0.002358 0.00689387 0.00432949 0.013882 0.854807 
0.00138961 0.0118694 0.000769464 0.00373772 0.000267306 0.00371576 0.000926483 0.00460462 0.00967698 0.813078 0.0100666 0.000596205 0.0424232 0.000751229 0.0115701 0.0598157 0.0247412 
0.000698887 0.0330719 0.0356011 0.00106972 0.00181202 0.00035379 0.0018368 0.00721697 0.000880317 0.021036 0.00290751 0.000675094 0.0280998 0.0135783 0.824191 0.00422595 0.0227446 
0.00711826 0.00812808 0.00134643 0.0423918 0.0011899 0.00624149 0.0106466 0.0234154 0.00413856 0.682054 0.0697443 0.00036944 0.0185013 0.00945782 0.0505772 0.0223145 0.0423649 
0.00480923 0.0111452 0.0104627 0.0275886 0.0035443 0.00303175 0.0294059 0.0141119 0.00112307 0.780035 0.0221466 0.000135428 0.00028168 0.0128257 0.014858 0.0135117 0.0509833 
0.00891989 0.0780131 0.0324795 0.130218 0.00524916 0.0105439 0.00276969 0.085036 0.00109186 0.0104293 0.129845 0.000398272 0.0411892 0.0207586 0.386033 0.0544341 0.00259157 
0.00624074 0.11315 0.094127 0.00724512 0.0128753 0.0103946 0.0345856 0.284109 0.0004787 0.165922 0.00992341 0.00152754 0.00420559 0.000782473 0.0847321 0.161712 0.0079891 
0.00141414 0.0930801 0.0032887 0.0182538 0.000102839 0.0015285 0.000301423 0.0112264 0.00132039 0.0747587 0.00810591 6.86796e-05 0.000445389 0.0559562 0.688269 0.0263573 0.0155228 
0.0415717 0.00881837 0.00583247 0.00629933 0.00901431 0.0110653 0.244527 0.0426478 0.00198832 0.0205132 0.00974794 0.000223634 0.0294731 0.000386292 0.092235 0.256785 0.218871 
0.0333529 0.0131295 0.00330735 0.00606535 0.270098 0.0439726 0.0213736 0.204097 0.000710052 0.0146147 0.0156975 0.000198131 0.0703384 0.00141385 0.0114822 0.155799 0.13435 
0.0105193 0.00541143 0.00183712 0.0625349 0.000630189 0.0271619 0.015813 0.103217 0.00293959 0.0174887 0.0130656 0.000840286 0.00788968 0.000357159 0.0106689 0.0479476 0.671677 
0.0595565 0.00472581 0.00974166 0.017276 0.00352674 0.0024983 0.610946 0.0621145 0.000429859 0.0246237 0.00306088 0.00167833 0.0021221 0.000470818 0.0013224 0.0236474 0.172259 
0.0841613 0.0984558 0.0114797 0.609844 0.00136568 0.00355698 0.00373164 0.00857939 0.000751437 0.00937851 0.00198576 0.00171223 0.00249753 0.00292649 0.00636709 0.0149443 0.138262 
0.0367679 0.00013946 0.0576184 0.297864 0.0178035 0.00136661 0.0857468 0.00144242 0.00519658 0.0171072 0.063868 0.000262986 0.00192512 0.347208 0.0458839 0.0181737 0.00162589 
0.00104345 0.162011 0.000200376 0.00627181 0.00375518 0.0445878 0.203592 0.0022322 0.00031727 0.0122366 0.0125179 0.0236505 0.33226 0.000583502 0.133646 0.0582892 0.00280584 
0.00451393 0.00132107 0.0861018 0.00197497 0.0619121 0.00209903 0.100005 0.00139834 0.00581022 0.0917653 0.00211725 0.412335 0.000886266 0.138895 0.00454254 0.0315707 0.0527505 
0.00166458 0.0376535 0.051123 0.0223203 0.000619493 0.000800391 0.0135344 0.000949072 0.00168802 0.00383801 0.00259413 0.000520848 0.00323743 0.00304248 0.820227 0.00996452 0.0262226 
0.00263655 0.00279555 0.000802725 0.0026246 0.000453004 0.00522167 0.00232651 0.044337 0.00816494 0.00608715 0.00108884 0.00310503 0.013295 0.882473 0.0181105 0.00292556 0.00355207 
0.0221475 0.00138494 0.00249807 0.00919729 0.000879499 0.00233193 0.00271021 0.11016 0.000411615 0.140236 0.0932931 8.82666e-05 0.0125979 0.0031084 0.00105009 0.438004 0.159901 
0.0047589 8.79089e-05 0.0299673 0.00118077 0.180879 0.000629415 0.576276 0.00522169 0.00219041 0.000918281 0.000416478 0.000604285 0.000789746 0.000662237 0.0104896 0.164144 0.0207834 
0.00157426 0.0747712 0.00395361 0.0512069 0.00323182 0.0148539 0.000428104 0.00283739 0.00397031 0.0547407 0.00119604 0.00159047 0.0679848 0.0170435 0.642193 0.0233509 0.0350729 
0.000389733 0.0602529 0.0039582 0.0103123 8.90733e-05 0.000201988 0.000271679 0.0110618 0.00126389 0.0693812 0.00904669 5.99623e-05 0.000420342 0.0302775 0.718542 0.049278 0.0351926 
0.000466488 0.00715872 0.00300604 0.057833 0.0610757 0.00791609 0.0232391 0.195086 0.0696075 0.0586066 0.0792979 0.00212049 0.0945918 0.177143 0.0420512 0.0105465 0.110253 
0.0172368 0.027664 0.0140663 0.0102624 0.029771 0.0127119 0.549294 0.00819701 0.00763807 0.0239126 0.00972971 0.00553202 0.00522416 0.013032 0.00329382 0.0236056 0.238829 
0.000489217 0.169341 0.00489795 0.00381646 0.000973177 0.0176018 0.000119784 0.00355766 0.0282571 0.0488907 0.00506055 0.0037451 0.646941 0.022032 0.0359516 0.00796623 0.000358445 
0.00267255 0.329428 0.0238672 0.0353387 0.00127278 0.0033118 0.000302143 0.00560259 0.00119894 0.0746469 0.0380799 0.00047833 0.0193453 0.00539701 0.442938 0.00601334 0.0101056 
0.0282747 0.325299 0.0131213 0.0478994 0.00635515 0.00671004 0.00632539 0.00233893 0.000118904 5.40592e-05 0.00122606 0.455832 0.0217909 0.00804372 0.0352393 0.0175212 0.0238502 
0.0177193 0.0345638 0.00313506 0.00849349 0.00246815 0.011049 0.052997 0.0295851 0.0146022 0.0162293 0.0251403 0.00100041 0.52902 0.0377102 0.0100936 0.0148023 0.191391 
0.000782405 0.000783886 1.46289e-05 0.00606254 4.17438e-05 0.000201342 0.00229793 0.000448249 0.977069 0.000950266 0.000389272 0.000147212 0.00255614 0.000417327 4.01798e-05 1.25549e-05 0.0077857 
0.0030974 0.00619164 0.00272046 0.0732777 0.00316332 0.0542493 0.215772 0.00859313 0.00275639 0.017664 0.198459 0.00163425 0.0253282 0.000340187 0.0300842 0.2309 0.125769 
0.00214285 0.00309475 0.00179983 0.00537393 0.00102975 0.00118095 0.0209236 0.10426 0.717605 0.0120738 0.0160598 0.0239241 0.0137313 0.0115567 0.0135277 0.00723184 0.0444841 
0.0225283 0.00225454 0.00419685 0.0153438 0.00292288 0.0102462 0.0201127 0.118321 0.00216677 0.0194126 0.00330088 0.00091492 0.364873 0.00125544 0.00282191 0.268887 0.140442 
0.00566322 0.0291768 0.00119209 0.0376791 0.000818208 0.0023782 0.0419241 0.0475565 0.642775 0.0378314 0.0110709 0.00971477 0.0494874 0.000545821 0.0186855 0.0177966 0.0457041 
5.26947e-05 6.05873e-05 0.0054126 0.000541476 0.00232185 9.71991e-05 0.0756758 0.000768907 0.00322194 0.869907 0.000671965 0.000168827 0.00399443 0.0114737 0.000790617 0.000111038 0.024729 
0.00943006 7.63462e-05 0.00815701 0.00129126 0.00027699 0.00171517 0.00232016 0.0121673 0.000711894 0.927976 0.00464921 0.000382673 0.0148888 0.010054 0.000896634 0.00122122 0.00378558 
0.000898545 6.13444e-05 0.000222552 0.000325941 0.000187146 0.000136553 0.00327521 0.000660792 0.000194169 0.00293401 0.00052434 0.000727673 8.75826e-05 0.987167 8.57414e-05 0.0023889 0.000122874 
0.00805959 0.0306563 0.00257382 0.00124368 0.00439265 0.0127414 0.00117408 0.0038009 0.00104286 0.00953465 0.838035 0.00107739 0.0192992 0.00789765 0.018262 0.0162377 0.0239708 
0.0436537 0.00387421 0.00571321 0.00201249 0.0022684 0.00220426 0.0192221 0.0351316 0.00159056 0.714874 0.0408119 0.0415429 0.0288073 0.00148373 0.0010758 0.044672 0.0110619 
0.00307732 0.000612437 0.00101626 0.000614769 0.00628386 0.00242548 0.0556684 0.0154152 0.00237603 0.0227284 0.0154599 0.000681542 0.0193266 0.0169013 0.000176916 0.0135895 0.823646 
0.0044958 0.091528 0.00999454 0.0350254 0.0243103 0.0244004 0.0693504 0.075777 0.00115401 0.0240544 0.0169325 0.0018798 0.053856 0.00234516 0.0203268 0.0918252 0.452744 
0.00678682 0.00269042 0.0214514 0.00764446 0.000965118 0.0838112 0.0325185 0.0543837 0.00740112 0.110553 0.0104594 0.043775 0.00566292 0.374674 0.0343264 0.0121777 0.190719 
0.0309694 0.0228664 0.310666 0.0332156 0.021072 0.0119338 0.0116615 0.0321079 0.0332019 0.0496857 0.0606885 0.133778 0.0109084 0.0382862 0.0106447 0.147652 0.0406621 
0.0338349 0.0106719 0.00344808 0.0457009 0.000528195 0.0012442 0.0931439 0.0514237 0.00249184 0.0733926 0.0423597 0.0052049 0.0160541 0.00288747 0.0979495 0.157801 0.361863 
0.00217733 0.00175802 0.0111659 0.00340789 0.00359602 0.000121955 0.789951 0.00878113 0.000155444 0.000942513 0.00408024 0.00242045 0.000528398 0.00138455 0.0034141 0.164409 0.00170572 
0.00456806 0.00414708 0.094864 0.00730008 0.00910719 0.00108021 0.721386 0.00049383 0.00665817 0.00533761 0.000136465 0.00029686 0.00239571 0.00397529 0.0019424 0.00316356 0.133147 
0.000415772 0.00010628 0.0722963 0.0188125 0.0188302 0.00752698 0.849199 0.00622461 0.000886624 0.0021222 0.00024944 0.000243763 0.000611676 0.00176179 0.000212924 0.00477959 0.0157199 
0.0400554 0.00216494 0.00336944 0.0127641 8.10533e-05 0.00115567 0.0956284 0.0347963 0.00262572 0.65365 0.00617051 0.00305555 0.000932015 0.0123606 0.00541382 0.0267645 0.0990116 
0.0306471 0.00116849 0.00131517 0.00433886 0.00417176 0.00207232 0.0126452 0.0350178 0.000926595 0.713166 0.00530924 0.000650638 0.0715739 0.000609214 0.000290487 0.00467073 0.111427 
0.0106176 0.0125075 0.0128553 0.024741 0.00191193 0.0014082 0.0340992 0.0446152 0.00673243 0.117553 0.00855164 0.00044981 0.0216287 0.243076 0.023107 0.020588 0.415557 
0.00921169 0.00985992 0.00745343 0.00210598 0.00021063 0.00283913 0.0749929 0.0115681 0.00162947 0.773724 0.00215917 0.00831163 0.00138876 0.00126165 0.0021969 0.063747 0.0273396 
0.00754626 0.00460714 0.00942672 0.0189694 0.000301949 0.0252152 0.436763 0.249875 0.00940341 0.0921661 0.00432792 0.00891128 0.0145575 0.00463361 0.00878577 0.0676734 0.0368356 
0.0029668 0.0397233 0.0530696 0.0191703 0.00247553 0.00879916 0.34973 0.0216637 0.00503255 0.0173734 0.00678939 0.00040551 0.0144198 0.00111335 0.0438425 0.0246584 0.388767 
0.00851051 0.00187189 0.0175835 0.00575719 0.000445374 0.00185398 0.0227351 0.221829 0.000296197 0.0381084 0.00555183 0.000134403 0.0179564 0.0194614 0.00106527 0.563589 0.073251 
0.373948 0.0139238 0.0710118 0.0747356 0.000318267 0.00423464 0.0469727 0.144046 0.000635353 0.00941488 0.0303521 0.0172345 0.0180722 0.00699332 0.0105993 0.14692 0.0305882 
0.0260822 0.015248 0.0102326 0.00163133 0.00331819 0.000287823 0.197884 0.0182394 0.00552503 0.0542663 0.00195052 0.00018175 0.0153647 0.000113008 0.00587293 0.0375086 0.606293 
0.0178971 0.000350626 0.0119395 0.0413896 0.00665992 0.0173874 0.0468203 0.00610063 0.738422 0.00208299 0.00498904 0.000872576 0.0827212 0.00748409 0.00997718 0.000981621 0.00392388 
0.00252744 0.00695208 0.0461535 0.0377356 0.00146854 0.000405866 0.235927 0.509101 0.0049054 0.0287561 0.00525868 0.00029584 0.00112196 0.00124045 0.000946042 0.0305402 0.0866641 
0.00183973 0.00597524 0.0122544 0.144716 0.017296 5.54734e-05 0.12696 0.138726 0.049637 0.00902861 0.00518325 0.00016799 0.000265684 0.00100973 0.0356117 0.124189 0.327085 
0.0540057 0.0323727 0.00832992 0.051471 0.000911323 0.00075595 0.252077 0.059356 0.0111991 0.00397444 0.0280551 0.0994046 0.000691835 0.0125009 0.00313073 0.00489935 0.376865 
0.00757007 0.00514102 0.00261684 0.00214751 0.00147484 0.0104448 0.0543966 0.0936279 0.00210685 0.0688978 0.00523737 0.00447109 0.00073519 0.000859629 0.0650257 0.0444265 0.63082 
0.00460712 0.000534127 0.00663014 0.00154431 0.00245376 0.000485981 0.00114977 0.000541366 0.00181668 0.915494 0.00603241 0.000204247 0.0077019 0.0135293 0.00866691 0.00461903 0.0239893 
0.00319692 0.00120583 6.67438e-05 0.00105211 0.000234254 0.00364061 0.0157826 0.00267609 0.00585341 0.935997 0.00622536 0.000257571 0.00312314 0.00159519 0.000130256 0.00107324 0.0178893 
0.00547301 0.000977938 0.0130669 0.015209 0.00411475 0.000947504 0.051781 0.382166 0.00434914 0.0979757 0.00244602 0.00158156 0.000380937 0.0120557 0.0481227 0.0917577 0.267594 
0.020876 0.0150674 0.524597 0.0356037 0.242085 0.00109137 0.0491886 0.0310513 0.00550433 0.0222191 0.00143272 0.00175838 0.00046687 0.0159011 0.00226499 0.00717693 0.0237148 
0.0121365 0.00648073 0.0214267 0.0134564 0.00141723 0.00191745 0.0396956 0.00288816 0.00309668 0.833025 0.00867621 0.00101915 0.000966902 0.0291832 0.00511992 0.00524116 0.0142527 
0.484499 0.00794148 0.00467493 0.00195459 0.00144094 0.00284756 0.0294529 0.203559 0.00175131 0.0228745 0.00912121 0.000319954 0.0028558 0.0180073 0.000245059 0.0706582 0.137796 
0.116497 0.000605493 0.119357 0.0381061 0.00591735 0.0325394 0.0238895 0.0205817 0.0250878 0.0470677 0.00660005 0.000310333 0.0817426 0.386416 0.00331296 0.020695 0.0712742 
0.00347988 0.124092 0.00511673 0.628916 0.003467 0.0141248 0.000688751 0.00168848 0.00228397 0.11188 0.0072754 0.000570082 0.000490306 0.076857 0.00669382 0.00622464 0.00615106 
0.00104635 0.02 0.00500496 0.000281485 0.000693175 0.800135 0.0327529 0.0231888 0.004231 0.0243506 0.00625493 0.0001468 0.00196842 0.0117653 0.0120941 0.000345966 0.0557406 
0.00263963 0.00140932 0.0398763 0.000604466 0.00101812 0.493157 0.161151 0.143793 0.000484711 0.0289768 0.00176912 0.0237479 0.0012931 0.0048132 0.000477348 0.0301883 0.0646015 
0.00134422 0.0134728 0.00769895 0.0143251 0.00453098 0.549291 0.168696 0.0134273 0.00867936 0.0649068 0.00101127 0.000301693 0.0266264 0.00148454 0.0247809 0.0835092 0.0159144 
0.0114173 0.410925 0.010307 0.0153931 0.0021571 0.000505896 0.132991 0.0196705 0.00524251 0.156626 0.0186781 0.000589007 0.0067144 0.031358 0.00630158 0.0871618 0.0839619 
0.0228063 0.0485871 0.0167868 0.00295888 0.000375002 0.000222277 0.0129028 0.002716 0.836558 0.00112426 0.0221775 0.00389382 0.00255747 0.010977 0.00217233 0.0014489 0.0117357 
0.0154454 0.000589688 0.00152775 0.000120844 0.00510858 0.622286 0.152805 0.0672239 0.000578361 0.0259044 0.0111917 0.00133445 0.000245904 0.00472956 0.00898494 0.0103125 0.0716113 
0.00127618 0.00280579 0.00496395 0.00337842 0.000755115 0.0828815 0.476351 0.225672 0.0012889 0.0381015 0.000986265 0.0154758 0.000258284 0.0016311 0.00416015 0.0636489 0.0763643 
0.00190447 0.00183202 0.00170037 0.00176993 0.00044625 0.000366325 0.00366804 0.00326652 4.92358e-05 0.930617 0.0106045 1.72442e-05 0.000120652 0.000160302 0.000122741 3.588e-05 0.0433189 
0.0039276 0.00249685 0.00197742 0.582504 0.0935457 0.0109686 0.0107731 0.0774077 0.0214561 0.0192338 0.0499926 0.00793579 0.000791055 0.0015495 0.000774425 0.114053 0.000613507 
0.0457915 0.0527462 0.000127407 0.00345235 0.000584182 0.838105 0.00554054 0.00426855 0.000520274 0.0166027 0.0053096 0.000260714 0.00591879 0.00217988 0.000184454 0.00526563 0.0131425 
0.000175508 0.0191058 0.000771098 0.00655065 0.00322081 0.00177606 0.0235401 0.025449 0.00193858 0.00802285 0.0129356 0.00106157 0.824071 0.0420223 0.00141703 0.00964659 0.0182959 
0.00719948 0.0076289 0.00601753 0.00966208 0.0037911 0.00174946 0.0308618 0.0625709 0.00160241 0.0303974 0.0524779 0.00187333 0.00364399 0.00251986 0.00833041 0.113796 0.655877 
0.0125558 0.0207421 0.00534562 0.00622665 0.00105925 0.00618756 0.00121437 0.0044224 0.00731214 0.0338388 0.00536759 0.00198358 0.847866 0.00266433 0.000417039 0.0291082 0.0136885 
0.0153184 0.213706 0.00964824 0.0280695 0.00203455 0.0365367 0.00699892 0.00840298 0.00105022 0.490472 0.0473038 0.00216417 0.00806652 0.0207096 0.00273303 0.0827441 0.0240417 
0.0382732 0.0262336 0.103354 0.0515941 0.103399 0.00133517 0.398157 0.0754373 0.00173364 0.00531187 0.00259605 0.0134314 0.000862233 0.0814211 0.0302323 0.0313395 0.0352884 
4.49892e-05 0.0219353 4.27311e-05 0.0270505 0.000143654 0.00361006 0.00528779 0.12388 0.00143261 0.00255509 0.00435016 0.000192303 0.029156 0.753416 0.000902783 0.00854772 0.0174526 
0.018651 0.00357029 0.000248088 0.326116 0.000392695 0.00676872 0.00715446 0.00759637 0.00984204 0.00734053 0.00347625 0.000191755 0.0392137 0.000284311 0.00613246 0.0199117 0.54311 
0.0605173 0.00776299 0.00109505 0.0640526 0.00198143 0.0241882 0.00221792 0.00273125 0.000737687 0.0402139 0.0080813 0.00231385 0.710433 0.00203745 0.0235612 0.0325369 0.015538 
0.0104349 0.554004 0.00744292 0.0207416 0.000689995 0.0178992 0.00530529 0.0287174 0.00133393 0.190625 0.0758144 0.00584232 0.013121 0.0114168 0.00202172 0.0257222 0.0288669 
0.0293042 0.00461363 0.0140635 0.00962311 0.00331387 0.00314874 0.0615357 0.112908 0.00688053 0.293501 0.00523507 0.001162 0.00262935 0.000569926 0.00773929 0.233926 0.209846 
0.00157028 0.00459759 0.0984881 0.0129983 0.00142948 0.0103453 0.0127944 0.106715 0.724101 0.000172796 0.00125355 0.000806972 0.00420839 0.00541678 0.00750487 0.000657972 0.00693954 
0.000891795 0.0677884 0.0337458 0.251509 0.00112667 0.00116864 0.00100001 0.0119028 0.00252107 0.0204041 0.0194463 0.000815216 0.00897342 0.00294858 0.189594 0.344644 0.0415203 
0.00190447 0.00183202 0.00170037 0.00176993 0.00044625 0.000366325 0.00366804 0.00326652 4.92358e-05 0.930617 0.0106045 1.72442e-05 0.000120652 0.000160302 0.000122741 3.588e-05 0.0433189 
0.00810246 0.0892127 0.00277302 0.0467375 0.000633947 0.0202285 0.0969476 0.0350089 0.0323057 0.0296652 0.0289023 0.0120183 0.0394217 0.0326844 0.0116673 0.488541 0.0251499 
0.0142175 7.43734e-05 0.00252338 0.00220922 0.00132838 0.000189655 0.217242 0.133611 0.00193336 0.00213946 0.00314628 0.000185088 0.0936969 0.000829315 0.00147317 0.505106 0.0200954 
0.000590327 0.00297567 0.00124846 6.44556e-05 0.000304937 0.00511496 0.0223516 0.0631887 0.00124827 0.0340243 0.0416224 0.654052 0.000251088 0.000162349 0.00387179 0.00369541 0.165233 
0.00167898 0.0016512 0.00235878 0.00174325 0.000445534 0.000350268 0.00304674 0.00274111 6.43043e-05 0.8822 0.0120442 4.73271e-05 0.000135687 0.000198563 0.000136574 9.40037e-05 0.0910636 
0.0249825 0.00203367 0.0135474 0.753852 0.00166777 0.0041618 0.0108527 0.0351466 0.00561129 0.010185 0.00994982 0.000173819 0.039368 0.00522299 0.045094 0.0107441 0.0274063 
0.00444439 0.0237449 0.114022 0.0534183 0.0174582 0.0165446 0.100259 0.0299173 0.00226774 0.290557 0.039564 0.00195391 0.0165596 0.0146471 0.0110702 0.0413475 0.222224 
0.74335 0.000167356 0.000540441 0.00812755 0.00451726 0.00202647 0.000573249 0.023717 0.00036442 0.00137602 0.00372607 0.00108814 0.00024651 0.078438 0.000653126 0.101606 0.0294824 
0.125678 0.00197235 0.00323705 0.000923495 0.0276676 0.000727558 0.263326 0.442209 0.000963489 0.0497867 0.00943748 0.00379281 0.000242185 0.000497895 0.00330474 0.0213122 0.0449218 
0.00282588 0.00147304 0.00632633 0.00217113 0.000706452 0.000614205 0.00241995 0.00376116 0.00106368 0.941683 0.00666496 0.000399398 0.000231356 0.00180593 0.000300194 0.000149773 0.0274038 
0.0150414 0.00492031 0.0051126 0.067666 0.000972373 0.0227961 0.0110576 0.483247 0.001168 0.288755 0.00541629 0.000524216 0.00370484 0.0015488 0.048266 0.0247607 0.0150427 
0.00190208 0.0027521 0.00462521 0.00247344 0.000839126 0.000727377 0.00254039 0.00229677 0.000231186 0.948522 0.00695507 0.000165165 0.00027999 0.000265958 0.000368164 0.000181462 0.0248741 
0.072198 0.00054004 0.00826912 0.00411563 0.00259759 0.00201396 0.022147 0.0193334 0.000570558 0.0203746 0.00392968 0.00492367 0.0269738 0.0227304 0.000225286 0.00200986 0.787047 
0.0028893 0.0081573 0.0237591 0.0750674 0.00153407 0.00760099 0.0331844 0.596556 0.0102915 0.0744484 0.0025252 0.00627033 0.00682366 0.0816207 0.0328208 0.0206736 0.0157776 
0.0047237 0.072831 0.0848773 0.000646882 0.00307799 0.00610053 0.0317167 0.204701 0.000247285 0.117994 0.0298409 0.000503159 0.00252942 0.00122746 0.00304025 0.1246 0.311342 
0.0149307 0.000570827 0.0220156 0.000101868 0.0152285 0.00543927 0.042927 0.834767 0.00448201 0.000846162 0.0067474 0.000406416 0.00792749 0.0111716 0.000145853 0.0183135 0.0139788 
0.00232267 0.0328304 0.664484 0.00282035 0.00532103 0.00712239 0.0768443 0.0155446 0.00322875 0.0804856 0.00740765 0.00392994 0.00476758 0.00082611 0.0272871 0.0149523 0.0498248 
0.0268982 0.0111763 0.0301791 0.0219564 0.00831254 0.00371891 0.0252988 0.434002 0.00276815 0.262886 0.0437711 0.000297398 0.00236521 0.000200706 0.00426032 0.0275815 0.0943272 
0.0403475 0.0840494 0.100771 0.00276501 0.000551022 0.546722 0.000353954 0.00486183 0.000587091 0.000506294 0.000539581 0.00290886 0.11619 0.00081044 0.0559284 0.0419568 0.000150546 
0.0352094 0.00381532 0.00521055 0.0394052 0.000288926 0.00908695 0.0450384 0.094423 0.00210724 0.0374884 0.0110595 0.00138676 0.0147894 0.00753399 0.0854062 0.0126006 0.59515 
0.0134133 0.00437812 0.000464265 0.40275 0.00576693 0.00166026 0.0012921 0.112374 0.0483009 0.0616277 0.118891 0.000785832 0.0619505 0.00323939 0.00695386 0.0480089 0.108143 
0.0565044 0.0342772 0.00575155 0.174529 0.0216514 0.0227382 0.0616298 0.0157175 0.0013749 0.0788421 0.00360292 0.00389459 0.0145635 0.00709134 0.0727321 0.0151222 0.409978 
0.693399 0.00937168 0.000321174 0.0470706 0.00334523 0.000641947 0.0144374 0.032687 0.00122791 0.00627103 0.00956572 0.00233362 0.0474779 0.0103045 0.0318108 0.0139177 0.0758166 
0.0045403 0.103124 0.000633552 0.022382 0.000571384 0.0696235 0.00205646 0.0338834 0.00346928 0.0433733 0.0426312 0.00474522 0.511237 0.00597955 0.00817915 0.0507556 0.0928147 
0.00459959 0.0166428 0.0114839 0.0598888 0.00221295 0.000756573 0.0100024 0.0408863 0.00849782 0.000894608 0.0221526 0.00542269 0.18913 0.104965 0.0126301 0.418282 0.0915517 
0.0226141 0.0159756 0.0185954 0.0374137 0.0078483 0.571757 0.0560941 0.0203446 0.00228752 0.0355917 0.0622344 0.00240454 0.00910475 0.0260165 0.0439406 0.0196415 0.0481359 
0.00891976 0.00109096 0.00968118 0.0207931 0.00235532 0.00357628 0.00422782 0.0195664 0.00393502 0.85331 0.0106387 0.000106777 0.00311491 0.0043754 0.014967 0.000121205 0.0392202 
0.00925545 0.00927602 0.00191244 0.022206 0.00194114 0.00405958 0.00668881 0.0160825 0.0191097 0.0146003 0.0281443 0.0124879 0.00306639 0.000670187 0.0158219 0.648749 0.185928 
0.0147557 0.00295334 0.00085747 0.00360044 0.0026867 0.00906873 0.820875 0.0373658 0.00186417 0.0423296 0.00144616 0.0112812 0.00395445 0.00704458 0.00419419 0.00538517 0.0303374 
0.00173924 0.00145996 0.00138536 0.0014511 0.000372689 0.000306845 0.00288722 0.0111632 4.50234e-05 0.916769 0.00832261 1.78505e-05 0.000102405 0.000180278 0.000107653 3.61602e-05 0.0536534 
0.00273319 0.00119621 0.00038506 0.000286429 0.000379501 0.00596552 0.0542575 0.0139358 0.000309785 0.862025 0.0028628 0.000123175 0.00197242 0.000526951 0.000739643 0.000300552 0.0520003 
0.00984718 0.038742 0.00165968 0.118524 0.00217822 0.000349752 0.122564 0.0428566 0.00381497 0.236709 0.0083177 0.00537143 0.00116591 0.0625181 0.0201183 0.15474 0.170523 
0.0137307 0.0766022 0.0157052 0.0273687 0.00390075 0.00197877 0.0176436 0.34824 0.000891602 0.0556417 0.000517584 0.00054097 0.00916083 0.002398 0.156814 0.254878 0.0139886 
0.078143 0.0285405 0.00928561 0.00294951 0.00558644 0.00973552 0.0365097 0.0072969 0.016037 0.0551666 0.0690007 0.000388117 0.0123681 0.00208539 0.222664 0.414899 0.0293445 
0.121535 0.0075397 0.0347815 0.0200523 0.0174098 0.00188923 0.034172 0.458799 0.000730286 0.0139483 0.00180168 0.000920795 0.0159407 0.145598 0.000409687 0.037514 0.0869578 
0.00372162 0.000616964 0.00143383 0.00567621 0.000323006 0.00741187 0.0432463 0.0525482 0.00168133 0.0547241 0.0118933 4.78626e-05 0.00649066 0.00011095 0.0504904 0.0457597 0.713824 
0.0141254 0.00655076 0.00995531 0.0070535 0.0329015 0.00077997 0.182187 0.165214 0.000192735 0.0248671 0.026818 0.225629 0.0384557 0.000733981 0.0149301 0.0942793 0.155327 
0.0141495 0.045745 0.0344026 0.0959107 4.48112e-05 0.0536172 0.110526 0.111509 0.0100717 0.107032 0.000831684 0.000477151 0.0452104 0.317557 0.00132409 0.0119307 0.0396598 
0.00223762 0.0214243 0.00153048 0.000626908 0.775332 0.0128912 0.0121727 0.0431847 0.00116105 0.00728606 0.000959525 0.0564266 0.00056122 0.000299254 0.000456573 0.0568964 0.00655385 
0.0653977 0.000596014 0.0140014 0.00357799 0.480814 0.00165533 0.0699421 0.0947524 0.000798043 0.00191327 0.0350201 0.000448811 0.0131843 0.0111742 0.0343872 0.128194 0.0441437 
0.00337146 0.00254397 0.954061 0.00125305 0.000185829 0.000154147 0.00691964 0.00524947 0.00205214 0.00142189 9.0412e-05 0.000383856 0.000709288 0.00156117 0.0109816 0.000243825 0.00881689 
0.00379651 0.160619 0.000979727 0.0679408 0.00172535 0.00303404 0.00527041 0.00847154 0.391756 0.0142263 0.0101776 0.00413265 0.0152213 0.0250522 0.0172423 0.224511 0.0458433 
0.0117645 0.0414868 0.0071914 0.520771 0.00618493 0.00115209 0.00544086 0.0225779 0.0138675 0.00656988 0.0487978 0.00280114 0.152396 0.0519336 0.0496236 0.0367615 0.020679 
0.0138219 0.000270595 0.000530603 0.00170342 0.00451751 0.112125 0.654064 0.0101905 0.00432734 0.0557428 0.00870462 0.00067341 0.000608518 0.0210651 0.00069647 0.0107046 0.100253 
0.00311015 0.164701 0.00720671 0.0110249 0.00031949 0.212877 0.00901736 0.00074575 0.00121741 0.00452059 0.326748 0.000517669 0.00759286 0.0256605 0.217128 0.00639958 0.00121315 
0.0122481 0.00174871 0.0116093 0.00215425 0.00408561 0.0132013 0.701526 0.0149861 0.00176834 0.0367225 0.00591471 0.000550763 0.00516272 0.00597321 0.000632342 0.0859996 0.0957165 
0.00026221 0.0343952 0.555238 0.00860281 0.000420761 0.00218531 0.0956943 0.00775956 0.000235784 0.0517506 0.00256667 8.54138e-05 0.00214308 0.0214016 0.000457891 0.00964777 0.207153 
0.00371725 0.00527919 0.0309175 0.0230786 0.000843487 0.83216 0.0121817 0.0547437 0.000534869 6.8005e-06 0.0159828 0.000344679 0.00474484 0.00893288 0.00487836 0.000405679 0.00124741 
0.00177419 0.00480585 0.715875 0.00157173 0.000738161 0.00320114 0.104444 0.00503511 0.00195531 0.0218966 0.00908921 0.0251963 0.00102662 0.00360233 0.00428586 0.0744908 0.0210122 
0.000498373 0.000231945 0.101365 0.000372072 0.00122692 0.0677344 0.0365841 0.108651 0.00299465 0.000109962 0.643688 0.00036497 0.00449334 0.0288514 0.00043919 0.000140278 0.00225556 
0.00137096 0.0389232 0.000496092 0.0628741 0.000385055 0.0673379 0.00441629 0.00596439 0.0060999 0.0310155 0.00553995 0.00247518 0.00403525 0.0430816 0.0977509 0.162254 0.465979 
0.000456607 0.000414098 0.000545241 0.00146957 0.000342105 0.00226843 0.00826254 0.917804 0.0120779 0.00195552 0.000967142 0.048109 0.00283671 0.000384484 0.000241303 0.000654933 0.00121011 
0.00103891 0.00114989 0.000269458 0.00110291 0.0131429 0.0943611 0.0219758 0.130761 0.000544463 0.000734389 0.00121521 0.0132603 0.0392067 0.000754573 0.647967 0.0296234 0.00289224 
0.00373424 0.00924903 0.00134475 0.755817 0.00043946 0.00119747 0.00435451 0.0279575 0.00650567 0.0426598 0.0377817 0.00033675 0.0521499 0.021233 0.0163218 0.0097167 0.00920122 
