0.00509469 0.00671506 0.00249609 0.332678 0.551611 0.00562403 0.0266374 0.0651199 0.00105978 0.00296449 
0.0740571 0.0843688 0.0823521 0.0732287 0.0752414 0.0700279 0.105516 0.292171 0.0484242 0.0946123 
0.0224999 0.0590927 0.111226 0.0513127 0.0873637 0.0222364 0.0619281 0.0351949 0.527142 0.0220034 
0.00581146 0.00402683 0.652161 0.0183973 0.0977259 0.0667203 0.0742004 0.0411402 0.0393005 0.000516432 
0.0113111 0.00839713 0.0110337 0.174456 0.673126 0.0183598 0.054996 0.0181669 0.0199931 0.0101608 
0.0115515 0.743826 3.45127e-05 0.00684973 0.000271158 0.0121622 9.54583e-05 0.219857 0.00531019 4.16946e-05 
0.0472236 0.0197232 0.00750925 0.0518273 0.119386 0.0138535 0.0917496 0.157276 0.0457433 0.445708 
0.0718065 0.0481066 0.0716394 0.0402102 0.0888917 0.101437 0.383123 0.0634759 0.0794337 0.0518757 
0.00026799 0.00214101 0.00159842 5.10502e-05 0.775177 0.013292 0.0840256 0.0354124 0.039988 0.0480467 
0.0536637 0.00858817 0.488308 0.0550243 0.210236 0.0715418 0.0482956 0.0299039 0.0306334 0.00380559 
0.638722 0.0221443 0.0179598 0.00805161 0.00365552 0.0900918 0.00700849 0.00697609 0.0991466 0.106243 
3.57424e-05 0.0207473 4.25359e-05 0.00757336 0.00977191 0.00627589 0.951145 0.000270935 0.00410752 3.01686e-05 
3.57424e-05 0.0207473 4.25359e-05 0.00757336 0.00977191 0.00627589 0.951145 0.000270935 0.00410752 3.01686e-05 
0.165057 0.0537169 0.0677915 0.0831715 0.12984 0.0486307 0.040505 0.130371 0.19958 0.0813377 
0.0386474 0.0118391 0.0947306 0.0360384 0.0138521 0.0159986 0.111225 0.00405387 0.0246544 0.648961 
0.0378887 0.0631967 0.0239536 0.0739209 0.557272 0.0145797 0.108679 0.037781 0.0484024 0.0343264 
0.640329 0.0246642 0.0309549 0.0498688 0.00787348 0.0824699 0.00413155 0.0509 0.0494157 0.0593926 
0.0226245 0.0492714 0.0354936 0.0838359 0.107181 0.0561995 0.475378 0.0256253 0.0647719 0.0796193 
0.488379 0.293067 0.00958096 0.00733862 0.00809328 0.0356726 0.00575486 0.00349265 0.147402 0.00121988 
0.00518552 0.0162811 0.938173 0.00252128 0.00403186 0.00224736 2.57407e-05 0.00631244 0.0117839 0.0134374 
0.00881573 0.0314339 0.755789 0.0102085 0.0198141 0.063342 0.0387061 0.0124255 0.00438218 0.0550832 
0.0356956 0.0441421 0.00991672 0.0107408 0.0290575 0.844695 0.00819924 0.00953509 0.0017592 0.00625877 
0.000378255 0.000670559 0.000881137 0.0188667 0.88985 0.00387391 0.0713371 3.93451e-05 0.011327 0.00277629 
0.0889827 0.378392 0.0496356 0.066227 0.0303476 0.0346304 0.0047907 0.0624253 0.090189 0.19438 
0.542297 0.0342355 0.00244802 0.00381522 0.0195792 0.0816427 0.278444 0.0274803 0.0100251 3.33229e-05 
0.0826683 0.0102692 0.0684488 0.0251421 0.0281312 0.0497048 0.0486465 0.491759 0.0724145 0.122815 
0.00436939 0.00644958 0.00136195 0.00138106 0.00351645 0.91619 0.000119018 0.036611 0.000109588 0.029892 
0.0534845 0.469589 0.0412345 0.0943244 0.0223839 0.10664 0.0614219 0.0864859 0.0482441 0.0161916 
0.52974 0.0412778 0.0282343 0.133482 0.0791989 0.0080766 0.000138204 0.0367308 0.000144096 0.142977 
0.0465486 0.4088 0.174573 0.0370012 0.0134452 0.00252188 0.013971 0.0464534 0.102995 0.15369 
0.00834735 0.00933738 0.470597 0.0867746 0.0131611 0.0198478 0.013978 0.0870006 0.00210809 0.288848 
0.00672664 0.0123555 0.230512 0.255051 0.0718356 0.0821602 0.00948016 0.020976 0.0766196 0.234284 
0.0288038 0.00862686 0.0718068 0.011171 0.0232178 0.39351 0.0602514 0.111363 0.151702 0.139547 
0.0214289 0.00554247 0.160636 0.00739929 0.000961459 0.687382 0.0572141 0.00678152 0.00638026 0.046274 
0.0347914 0.0226865 0.680247 0.0352425 0.0939573 0.0361516 0.0533827 0.00882959 0.0297679 0.00494308 
0.0945015 0.553219 0.0510093 0.130511 0.0115096 0.0409241 0.00306485 0.0297009 0.00989826 0.0756616 
0.137459 0.0144828 0.0303358 0.0119352 0.0609043 0.0298743 0.0321805 0.0101908 0.177523 0.495115 
0.0499047 0.000180938 0.000108555 0.0220399 0.00160467 0.0299352 0.000217409 0.846719 6.6627e-05 0.049223 
0.0331889 0.0153339 0.773955 0.016474 0.0825303 2.60085e-05 0.00755643 0.00705568 0.00205 0.0618299 
0.092378 0.0562668 0.0481299 0.535118 0.0572725 0.0279243 0.023765 0.112918 0.0172744 0.0289525 
0.0345624 0.0277275 0.0927725 0.00619626 0.0431472 0.0259965 0.00619695 0.045915 0.143682 0.573804 
0.360678 0.0477378 0.00336873 0.00527073 0.0272926 0.114035 0.389296 0.0383368 0.0139677 1.67627e-05 
0.173652 0.0220154 0.362504 0.0410961 0.0425955 0.201218 0.0114397 0.0770702 0.0370264 0.0313823 
0.0121057 0.0339207 0.000795639 0.0083858 0.00847519 0.000933858 0.512715 0.308901 0.0377668 0.0760003 
0.124768 0.016325 0.235155 0.0189379 0.145337 0.181426 0.0367081 0.0443812 0.0204132 0.176549 
0.0146742 0.0101018 0.00376611 0.000169262 0.000152126 0.0516908 0.868244 0.0154181 0.00205912 0.0337239 
0.0358036 0.688597 0.0334903 0.0785732 0.00531264 0.00708293 0.0231496 0.0337593 0.00945176 0.0847795 
0.00355547 0.00199006 0.0141793 0.00403091 0.00146515 0.00933379 0.00169836 0.963214 0.000191901 0.000341102 
0.0042229 0.0004361 0.00525065 0.00390025 0.00174105 0.176946 0.00202477 0.804834 0.000227791 0.000416544 
0.00502993 0.000514408 0.00625714 0.00464777 0.00207006 0.0130665 0.00240192 0.965268 0.000265929 0.000478568 
0.00696489 0.00380442 0.00843828 0.00539178 0.00579281 0.184135 0.00470873 0.776105 0.00157038 0.00308961 
0.00693583 0.00379438 0.00840354 0.00536719 0.00577562 0.0189823 0.00468545 0.941423 0.00156405 0.00306909 
0.0111588 0.511418 0.0695692 0.125928 0.0335791 0.0245856 0.0906949 0.0142364 0.0121573 0.106673 
0.0799388 0.0336043 0.083934 0.0224463 0.1857 0.0359753 0.0843328 0.0293731 0.126987 0.317708 
0.367289 0.0319653 0.0316686 0.037575 0.101086 0.0198173 0.0162884 0.163838 0.0408421 0.18963 
0.0107512 0.0266595 0.0137223 0.681265 0.0141934 0.0122102 0.0897611 0.0960363 0.0332582 0.0221427 
0.00647365 0.0119864 0.0233224 0.101418 0.72002 0.0406419 0.00260464 0.0142317 0.0693558 0.00994573 
0.597151 0.0283614 0.025885 0.0197914 0.109484 0.0276916 0.00545864 0.0221125 0.111178 0.052887 
0.0504717 0.186792 0.0237814 0.545564 0.0130873 0.020904 0.0162375 0.0109028 0.0486216 0.0836373 
0.0262708 0.318004 0.412494 0.0108754 0.0531159 0.0354476 0.0380087 0.0128252 0.0364961 0.0564622 
0.233285 0.23541 0.0744565 0.16549 0.0222386 0.0281911 0.0375008 0.132502 0.0315951 0.0393313 
0.0221784 0.00716655 0.0276891 0.0511434 0.00285695 0.0282982 0.705365 0.0117506 0.00940054 0.134151 
0.0338043 0.101464 0.00173089 0.129461 0.143799 0.0813768 0.0160675 0.0747497 0.0300123 0.387535 
0.00514323 0.625105 0.0179934 0.0189071 0.00130751 0.00522755 0.0699769 0.027832 0.0645378 0.163969 
0.0694431 0.0204769 0.0125359 0.17588 0.0212114 0.00742245 0.0547384 0.605079 0.0186755 0.0145364 
0.48262 0.0212812 0.00847358 0.0219471 0.046027 0.0498467 0.0257529 0.280481 0.0491249 0.0144464 
0.000421946 0.0255223 0.0320429 0.0152642 0.080898 0.0299945 0.331983 0.000130711 0.322721 0.161021 
0.0875836 0.237025 0.111222 0.0765978 0.163754 0.0956611 0.0482901 0.0472002 0.0175091 0.115157 
0.0126704 0.0167857 0.0674968 0.0683314 0.0144446 0.00368177 0.0145913 0.00938897 0.0132508 0.779358 
0.0860527 0.139424 0.0628122 0.0155834 0.151349 0.180174 0.127249 0.160756 0.0640537 0.0125472 
0.0210204 0.772149 0.03109 0.0170689 0.0205767 0.00659784 0.0738064 0.0342124 0.0141982 0.00927988 
0.10623 0.141552 0.0888677 0.177407 0.0231498 0.0303392 0.0224843 0.0792235 0.292024 0.0387226 
0.00590438 0.0156045 0.00133687 0.00291959 0.920383 0.00250281 0.00345651 0.011822 0.00281986 0.0332502 
0.0387152 0.00794377 0.0261725 0.558592 0.00221604 0.116856 0.0263653 0.0244325 0.0891146 0.109592 
0.00344441 0.00550448 0.210043 0.00160358 0.680598 0.0100894 0.0297806 0.040986 0.0141007 0.00385062 
0.103487 0.184565 0.0795693 0.3332 0.0440979 0.0705054 0.0218662 0.0588071 0.0635259 0.0403764 
0.0219883 0.091083 0.00156723 0.0208993 0.0616558 0.00585407 0.130811 0.0322776 0.0321169 0.601747 
0.00104322 1.57238e-05 0.00210799 0.00219835 0.0092593 3.96746e-05 4.1836e-05 0.977021 0.00618882 0.0020837 
0.0839237 0.0104374 0.0481119 0.0167145 0.0293308 0.0210706 0.27999 0.497099 0.00923143 0.00409086 
0.0362142 0.0744615 0.116486 0.273033 0.0259924 0.00797814 0.14589 0.235786 0.0620574 0.0221008 
0.0272456 0.0342051 0.0250731 0.00175447 0.00983429 0.0192271 0.0107271 0.609749 0.219222 0.0429627 
0.243538 0.0513827 0.0242108 0.0601091 0.0537561 0.0234593 0.186387 0.0515142 0.0369208 0.268722 
0.0639222 0.185821 0.0493137 0.0501092 0.0547957 0.040455 0.0716864 0.0908256 0.136424 0.256647 
0.00825643 0.0982259 0.0419952 0.0705816 0.0527001 0.0170681 0.0770578 0.560996 0.063526 0.00959279 
0.0353782 0.126113 0.0986551 0.0195421 0.0777662 0.0611173 0.117005 0.0211122 0.431211 0.0120999 
0.0910163 0.0286922 0.109419 0.00532295 0.451804 0.0199231 0.0640698 0.0780301 0.130127 0.0215964 
0.0729722 0.0925255 0.132081 0.0848106 0.0330064 0.0728417 0.0824502 0.0608884 0.132039 0.236386 
0.0300267 0.323488 0.0446755 0.0119008 0.0327084 0.0297774 0.0138427 0.0165479 0.027898 0.469134 
0.0306951 0.0299079 0.168429 0.0206132 0.018025 0.0324499 0.0287981 0.0504671 0.00142408 0.619191 
0.0419185 0.0163516 0.0124493 0.215625 0.355742 0.0139717 0.124331 0.0211185 0.158811 0.0396807 
0.760261 0.0314504 0.0509642 0.0336554 0.0406085 0.0387389 0.0222941 0.00594065 0.00885809 0.007229 
0.0508822 0.0641855 0.0882933 0.158124 0.0442352 0.0903017 0.0686405 0.0808472 0.0757056 0.278785 
0.0865595 0.320897 0.039659 0.0476688 0.0759478 0.0596168 0.125406 0.0141094 0.223659 0.00647766 
0.0108044 0.0281918 0.0194312 0.0141773 0.852729 0.00144746 0.00317123 0.0105733 0.00721581 0.0522585 
0.00217583 0.00177008 0.00189427 5.18115e-05 0.102323 0.0285789 0.0489955 0.0282946 0.785342 0.000573717 
0.00908029 0.0202822 0.00384293 5.94098e-05 0.00827225 0.00935532 0.0283043 0.00260729 0.0295264 0.88867 
0.181116 0.118642 0.0166118 0.0786451 0.136305 0.143692 0.128498 0.0417982 0.0618557 0.0928352 
0.341707 0.0049185 0.0414044 0.00417827 0.220024 0.00659732 0.0164422 0.0869905 0.0184677 0.259271 
0.0471926 0.0188043 0.0151813 0.126089 0.30364 0.0742198 0.0385789 0.274828 0.0714232 0.0300431 
0.0174399 0.0391234 0.15278 0.00531631 0.392482 0.0471074 0.0426615 0.152345 0.129159 0.0215861 
0.21841 0.202639 0.0298786 0.0546679 0.162518 0.0630053 0.147478 0.0545695 0.0239743 0.0428588 
0.0750136 0.0418006 0.0583287 0.0592639 0.651586 0.02236 0.00882532 0.00810008 0.0641335 0.0105889 
0.0943189 0.0263805 0.0154234 0.114984 0.0757746 0.0632933 0.0864437 0.501743 0.0095591 0.0120799 
0.0371592 0.122101 0.0138799 0.25399 0.0605873 0.0466892 0.0569444 0.134975 0.256722 0.0169535 
0.132202 0.0649362 0.0207329 0.0417968 0.0807276 0.117668 0.462088 0.00651753 0.0641452 0.00918536 
0.0708259 0.165662 0.020369 0.205978 0.0890086 0.157463 0.0391732 0.160176 0.0822691 0.00907554 
0.00138815 0.0453281 0.00160732 0.0436395 0.00397057 0.00435443 0.891618 0.00520526 0.00152889 0.00135932 
0.0341772 0.00699703 0.0304493 0.0877296 0.0566815 0.0844397 0.00116761 0.0178236 0.0156183 0.664916 
0.0126595 0.045933 0.0694015 0.0458509 0.497972 0.0119927 0.148342 0.107687 0.0383864 0.0217745 
0.722916 0.0365982 0.0114437 0.00743655 0.00380209 0.00780713 0.0329159 0.0406999 0.125604 0.0107773 
0.0355623 0.0213888 0.0456924 0.0628449 0.0277763 0.0101903 0.0471001 0.665356 0.0539917 0.0300971 
0.0650449 0.121643 0.0265751 0.0319199 0.102091 0.0886214 0.015186 0.311028 0.0836955 0.154195 
0.0126106 0.380533 0.0058245 0.00349981 0.0108431 0.394239 0.000602958 0.00589117 0.0294309 0.156525 
0.00396588 0.0014819 0.00868416 0.000125771 0.580007 0.000553075 0.12181 0.00263671 0.0242283 0.256507 
0.025699 0.00165661 0.390101 0.00530678 0.027768 0.295203 0.00226081 0.0449706 0.206636 0.000397623 
0.152553 0.0440845 0.0182056 0.0185321 0.0778937 0.0210287 0.0481921 0.571223 0.0193294 0.0289582 
0.209086 0.0773087 0.289856 0.0263112 0.044677 0.108324 0.0818398 0.0200174 0.0793577 0.0632223 
0.0612362 0.215442 0.0463242 0.0625398 0.0605617 0.0521799 0.0182357 0.289604 0.0173756 0.176501 
0.0799995 0.0100392 0.311226 0.0112233 0.00883201 0.0128902 0.0333864 0.0391657 0.457548 0.0356896 
0.663554 0.0458922 0.0225284 0.0425248 0.0315897 0.0460158 0.0402969 0.0105435 0.0174866 0.0795681 
0.0330385 0.055622 0.0341946 0.0419914 0.117285 0.113355 0.0313379 0.0735433 0.449068 0.050564 
0.472466 0.177024 0.0800012 0.039928 0.0373719 0.00779048 0.0407502 0.0959486 0.00480171 0.0439176 
0.175001 0.015325 0.0328849 0.00162833 0.000955771 0.0605246 0.0281643 0.475674 0.16591 0.0439323 
0.0252862 0.0123309 0.152605 0.00998473 0.0257749 0.0200894 0.0296513 0.553458 0.118352 0.0524678 
0.0729594 0.126251 0.0627862 0.104126 0.124119 0.0790053 0.0277155 0.134356 0.195904 0.0727782 
0.073775 0.0241841 0.0231047 0.00695322 0.176005 0.0105436 0.0110146 0.375282 0.199749 0.0993879 
0.0411114 0.0285516 0.00617919 0.0274532 0.0146975 0.665174 0.0118939 0.0202262 0.123461 0.0612521 
0.0317935 0.0165931 0.116031 0.0509046 0.060861 0.0140994 0.00616229 0.0322017 0.261812 0.409542 
0.0741251 0.0760242 0.17203 0.0876422 0.0900054 0.130802 0.130633 0.152355 0.0644263 0.0219564 
0.048951 0.0521861 0.0541836 0.0710265 0.047571 0.0494402 0.0979518 0.123771 0.373853 0.081066 
0.0220134 0.00410978 0.0190822 0.0452696 0.0177754 0.0885105 0.704121 0.0408527 0.0179708 0.0402949 
0.0163533 0.0453154 0.0927132 0.13077 0.161652 0.0484856 0.166892 0.0242659 0.0284071 0.285145 
0.237728 0.113593 0.142253 0.0363765 0.0495309 0.0455654 0.0507344 0.225367 0.0748403 0.0240122 
0.000760494 0.153061 0.00102079 0.00149806 0.0223695 0.000422639 0.000760956 0.134356 0.685108 0.000641583 
0.0248378 0.0466034 0.290059 0.348835 0.0825285 0.116304 0.0357924 0.041461 0.00978704 0.00379097 
0.0486678 0.131389 0.00789019 0.13591 0.114397 0.0076797 0.187 0.27017 0.0541843 0.0427118 
0.0749296 0.0135312 0.502028 0.0378791 0.0639853 0.0591564 0.0365313 0.117303 0.0353929 0.0592636 
0.0435521 0.195045 0.0217817 0.0366084 0.138722 0.12577 0.0760485 0.0489252 0.105408 0.208139 
0.0200195 0.728573 0.00520839 0.0137809 0.0406815 0.0405031 0.0286336 0.0172219 0.0392235 0.0661548 
0.0388126 0.0439792 0.00207159 0.00330833 0.0447038 0.0259043 0.00616583 0.682847 0.0584916 0.093716 
0.0306648 0.0367901 0.0592111 0.0806013 0.0344501 0.0394577 0.206476 0.237463 0.233903 0.0409826 
0.00766267 0.0461724 0.134347 0.0478127 0.0968618 0.452028 0.0288659 0.0407328 0.053887 0.0916302 
0.0367336 0.0957744 0.0153824 0.0236809 0.0468412 0.0873111 0.017051 0.139978 0.0461903 0.491057 
0.0485853 0.058464 0.447007 0.0965518 0.00943031 0.0374574 0.184717 0.0750314 0.0103945 0.0323608 
0.0625774 0.0416599 0.135664 0.113166 0.0122568 0.0824719 0.197654 0.0529689 0.021143 0.280439 
0.00407012 0.0221402 0.0719869 0.790002 0.0230043 0.018661 0.0163054 0.00883577 0.0360328 0.00896177 
0.0425817 0.0334591 0.036727 0.0717502 0.0392502 0.42307 0.0452387 0.0157706 0.108014 0.184138 
0.108845 0.02739 0.0043423 0.0962138 0.20626 0.0335431 0.0630032 0.0840074 0.10351 0.272886 
0.0241685 0.0987939 0.0408433 0.0587561 0.00513115 0.00343213 0.00594517 0.0127812 0.74106 0.00908846 
0.0998834 0.0185026 0.092748 0.0574095 0.0928215 0.0478192 0.0292406 0.170596 0.280522 0.110457 
0.00465678 0.0541935 0.823379 0.0170415 0.00536678 0.0198228 0.00191043 0.0486028 0.0160894 0.00893691 
0.0375304 0.327187 0.0476917 0.0196374 0.0643218 0.149593 0.187913 0.0112558 0.0600821 0.094788 
0.0366992 0.058777 0.0445147 0.230695 0.137399 0.0932077 0.0461234 0.162186 0.117709 0.0726888 
0.033002 0.0906568 0.0042826 0.0295952 0.0196089 0.0444175 0.0316967 0.0490066 0.0151033 0.68263 
0.0127053 0.0201334 0.000419981 0.00600106 0.886139 0.066864 0.000690907 0.0027243 0.000534384 0.00378764 
0.00827317 0.120879 2.78498e-05 0.028476 0.00667782 0.000207892 0.000635608 0.00650879 0.00222655 0.826087 
0.0250088 0.675454 0.00540213 0.0462367 0.125963 0.0302466 0.0140593 0.00278826 0.00780712 0.0670338 
0.0673966 0.0284691 0.0315813 0.0368262 0.0411202 0.012042 0.0990221 0.198249 0.459583 0.0257107 
0.0126668 0.0154055 0.749175 0.00223192 0.0803756 0.0788319 0.0173109 0.0102603 0.0252615 0.00848072 
0.0584611 0.0287722 0.0307968 0.146473 0.160603 0.136557 0.0169533 0.359315 0.024951 0.0371169 
0.0544905 0.0918609 0.024328 0.0197688 0.661043 0.0243669 0.0392098 0.0239019 0.0435526 0.0174776 
0.427763 0.0235393 0.0225327 0.141494 0.0233876 0.028332 0.0999297 0.0157929 0.0513147 0.165914 
0.0423182 0.118523 0.110596 0.121028 0.232882 0.0742441 0.0176035 0.0171441 0.0350105 0.230651 
0.00666141 0.0155321 0.0165164 0.00107205 0.00585564 0.00922505 0.0277771 0.864957 0.0389984 0.0134049 
0.00456399 0.788656 0.0191329 0.0265095 0.0109784 0.0547452 0.0207113 0.0298744 0.0277649 0.0170637 
0.0745712 0.086279 0.0276053 0.0361171 0.0918958 0.0207437 0.0484683 0.0068834 0.0311235 0.576313 
1.93037e-05 0.906211 0.00501272 0.0246361 0.0162824 0.00177878 0.0305652 0.00427575 0.00946105 0.00175731 
0.0265848 0.0603435 0.0381429 0.0547616 0.148671 0.340842 0.0398376 0.0758389 0.173576 0.0414015 
0.033002 0.0906568 0.0042826 0.0295952 0.0196089 0.0444175 0.0316967 0.0490066 0.0151033 0.68263 
0.0639089 0.119045 0.0398465 0.417707 0.0240159 0.137207 0.0459983 0.111907 0.0183701 0.0219932 
0.105658 0.0951378 0.111061 0.139655 0.00751066 0.00618865 0.0600468 0.399369 0.0147864 0.0605874 
0.0143771 0.105654 0.435728 0.00207134 0.248175 0.0013515 0.0851987 0.00539508 0.092376 0.00967296 
0.0256889 0.195687 0.00609954 0.0230483 0.0152656 0.0891351 0.024674 0.0775322 0.0117614 0.531108 
0.589416 0.0654841 0.0509667 0.0991736 0.0199471 0.0142596 0.077156 0.0525519 0.00969026 0.0213552 
0.0232939 0.00502722 0.0546052 0.0193727 0.0147999 0.00863741 0.0984649 0.0278831 0.708864 0.0390516 
0.00187446 0.0221336 0.023832 0.00730563 0.0157056 0.000115014 0.715216 0.000487511 0.0174863 0.195844 
0.0263902 0.553111 0.0226745 0.00980884 0.124554 0.0178375 0.119306 0.0288099 0.0274045 0.0701036 
0.111017 0.046551 0.00225221 0.109217 0.0101317 0.0228391 0.17163 0.0252035 0.152092 0.349066 
0.0490085 0.118581 0.0710655 0.144218 0.0627824 0.0219026 0.228655 0.0541521 0.0371743 0.212461 
0.0168637 0.0462464 0.00220554 0.0151171 0.010035 0.0226872 0.0161927 0.0250264 0.00773046 0.837896 
0.140767 0.477718 0.0158587 0.0344856 0.0495165 0.0561613 0.0543182 0.050308 0.0337539 0.0871122 
0.200589 0.0417951 0.0277231 0.0466447 0.218054 0.0953225 0.0161206 0.273935 0.0308198 0.0489953 
0.0181151 0.105663 0.0224009 0.0791907 0.0561051 0.121723 0.129861 0.0283276 0.400569 0.0380449 
0.0324158 0.00394609 0.0223896 0.0114936 0.00407258 0.0155625 0.0285376 0.00106553 0.862758 0.0177591 
0.0294452 0.724642 0.0614155 0.0235475 0.0141495 0.0216492 0.0137227 0.0617635 0.0302366 0.0194285 
0.312935 0.0683443 0.0545425 0.0358625 0.0518422 0.169479 0.0454538 0.0949467 0.0596337 0.106961 
0.000923855 0.0184456 0.604829 0.0188015 0.297788 0.01425 0.0135542 0.0289248 0.000130714 0.00235221 
0.0940854 0.152312 0.0499349 0.0523766 0.0634659 0.0647283 0.120828 0.101168 0.0836652 0.217436 
0.690299 0.0952813 0.0514827 0.0313022 0.0116298 0.0300094 0.00518216 0.0270038 0.044118 0.0136917 
0.139615 0.00597682 0.633236 0.0560113 0.0164547 0.0334803 0.0289625 0.0425653 0.0162094 0.0274883 
0.0664369 0.0179026 0.0140572 0.0115583 0.0156929 0.0252545 0.0482801 0.0192801 0.774669 0.00686885 
0.189432 0.0279501 0.00437336 0.565401 0.0301976 0.0239648 0.00100206 0.017829 0.0902922 0.0495581 
0.657443 0.0548575 0.0102618 0.00869671 0.102466 0.0781391 0.0570666 0.0126631 0.00658051 0.0118255 
0.0849007 0.218696 0.0521108 0.0260952 0.402749 0.0219002 0.0367115 0.00919915 0.0546797 0.092958 
0.0194988 0.209141 0.00828863 0.0353532 0.0150003 0.0277001 0.0216334 0.0292654 0.00838707 0.625732 
0.0188143 0.00567971 0.0294672 0.0260771 0.0409914 0.00351075 0.017562 0.812235 0.00763988 0.0380226 
0.00776613 0.0133846 0.0378766 0.00592944 0.0364458 0.0124096 0.756361 0.0452515 0.0747729 0.00980195 
0.0256709 0.0810671 0.0037471 0.0352699 0.0152535 0.0470776 0.0284895 0.0427048 0.0131665 0.707553 
0.0166191 0.51742 0.00557119 0.0198693 0.0378385 0.0485637 0.0276162 0.0362318 0.0193047 0.270965 
0.12751 0.0283974 0.0979214 0.0990625 0.0295584 0.051454 0.0534873 0.0653884 0.135282 0.311938 
0.11776 0.198752 0.138236 0.0389113 0.146974 0.135777 0.120031 0.0332742 0.0243214 0.0459625 
0.0838266 0.0619977 0.0218065 0.066314 0.106205 0.0472845 0.559632 0.0303274 0.0086612 0.0139444 
0.0636824 0.0721745 0.0857064 0.0859671 0.0411475 0.12294 0.151523 0.0533853 0.0485772 0.274896 
0.102745 0.206554 0.024008 0.0146827 0.104975 0.0531332 0.0797481 0.0422176 0.105132 0.266805 
0.257406 0.0209739 0.0562724 0.0580656 0.0497652 0.0311736 0.279208 0.124418 0.0248374 0.0978805 
0.235632 0.166497 0.0772213 0.0912419 0.0576563 0.0865144 0.0583957 0.052681 0.0677923 0.106368 
9.76314e-05 0.0292472 0.12118 0.000504596 0.159374 0.000141059 0.00505788 0.0338439 0.647693 0.00285995 
0.0257458 0.206374 0.291834 0.028782 0.0244023 0.0632872 0.143368 0.0015532 0.183312 0.0313419 
0.0412413 0.021921 0.00803211 0.127704 0.000822798 0.0330627 0.0559823 0.591679 0.0846357 0.0349193 
0.0599986 0.002976 0.0430512 0.0393287 0.0113447 0.00178694 0.768889 0.00277317 0.0647143 0.00513766 
0.0600106 0.0258944 0.0694988 0.043518 0.0281349 0.416793 0.0736424 0.169669 0.0575538 0.0552856 
0.03921 0.00867329 0.0146946 0.00775866 0.0242356 0.0181861 0.0214078 0.603162 0.0232877 0.239384 
0.0253706 0.150442 0.0133329 0.0229074 0.00629875 0.583747 0.0235869 0.0352676 0.028851 0.110196 
0.0501907 0.132737 0.00600994 0.00315744 0.146582 0.60757 0.0097805 0.000620415 0.0377865 0.00556485 
0.1511 0.212284 0.023257 0.0692323 0.0107346 0.359339 0.0301835 0.054746 0.0159372 0.0731859 
0.0076902 0.0337922 0.0228361 0.0187206 0.837358 0.00706884 0.00906489 0.00401512 0.0202457 0.0392082 
0.0298047 0.0184771 0.0878734 0.0173627 0.0157514 0.0231536 0.0895791 0.0100544 0.686879 0.021065 
0.0779278 0.00172729 0.054396 0.00070793 0.0374416 0.761539 0.00843965 0.00580441 0.042837 0.00917886 
0.00785592 0.0764275 0.015416 0.0203109 0.626178 0.0300004 0.0176567 0.0977968 0.0607749 0.0475834 
0.00471497 0.00942874 0.033803 0.020674 0.0934259 0.000418616 0.0467276 0.0625514 0.582087 0.146169 
0.0698715 0.0600196 0.249296 0.0271714 0.24631 0.0825156 0.123424 0.00595762 0.130405 0.0050304 
0.622682 0.0409194 0.0157643 0.0173639 0.0247845 0.0939388 0.012367 0.0049115 0.0188122 0.148456 
0.0315909 0.0829561 0.103584 0.351292 0.0521117 0.0356454 0.0955303 0.0600483 0.143196 0.0440458 
0.0363219 0.0649554 0.0294099 0.177426 0.120532 0.0076459 0.147145 0.138105 0.247598 0.0308627 
0.204396 0.0955997 0.0328036 0.00631718 0.197756 0.0185893 0.128314 0.193712 0.0212354 0.101277 
0.0104954 0.000793921 0.943592 0.00103543 0.000483479 0.00402504 0.0037895 0.00198 0.00921945 0.0245857 
0.0125108 0.0496578 0.0826791 0.161849 0.0235277 0.0788921 0.0342335 0.051527 0.0232305 0.481892 
0.129502 0.0434322 0.00349284 0.0456142 0.0614155 0.120283 0.0578718 0.009182 0.471579 0.0576268 
0.0464416 0.0477447 0.0199714 0.0125133 0.00945408 0.0109664 0.722746 0.0474258 0.0564889 0.0262478 
0.0310619 0.0248566 0.0097798 0.0750892 0.0154394 0.785807 0.030527 0.0174795 0.00223818 0.0077215 
0.287018 0.0404601 0.00707544 0.104401 0.00444504 0.0867584 0.128388 0.0557113 0.238592 0.0471515 
0.0181213 0.0367139 0.00904492 0.0145615 0.038324 0.0162518 0.00759028 0.807796 0.0189373 0.0326588 
0.0199312 0.176483 0.0350533 0.303291 0.0689908 0.0494514 0.17432 0.0336533 0.131152 0.0076732 
0.0199312 0.176483 0.0350533 0.303291 0.0689908 0.0494514 0.17432 0.0336533 0.131152 0.0076732 
0.0763345 0.301222 0.0762102 0.0318588 0.0445677 0.289894 0.0111961 0.113402 0.0100282 0.0452866 
0.682612 0.00736394 0.00125596 0.0630774 0.00216683 0.185353 0.00238056 0.00510771 0.0310135 0.0196696 
0.0137374 0.0127217 0.0100043 0.24478 0.0136991 0.067055 0.13052 0.488335 0.0104149 0.00873281 
0.671019 0.0189031 0.0380482 0.0503045 0.0300702 0.00734305 0.0347735 0.105608 0.0351221 0.008809 
0.0145078 0.00626934 0.00120443 0.418309 0.00411417 0.0324171 0.0269024 0.436021 0.0167756 0.0434797 
0.0076902 0.0337922 0.0228361 0.0187206 0.837358 0.00706884 0.00906489 0.00401512 0.0202457 0.0392082 
0.0672143 0.0295081 0.0426688 0.137081 0.415824 0.0151295 0.0635415 0.140359 0.0722279 0.0164458 
0.0556264 0.277072 0.191402 0.207916 0.146662 0.0291684 0.00713387 0.0222153 0.054343 0.00846041 
0.0751049 0.0422061 0.10265 0.398761 0.098876 0.0329551 0.0622496 0.106444 0.0323587 0.0483948 
0.00212183 0.000743274 0.0257018 0.168655 0.470508 0.248726 0.0262978 0.0119487 0.00526175 0.0400351 
0.117549 0.141905 0.128652 0.080227 0.0488862 0.0537042 0.215574 0.00863229 0.019033 0.185838 
0.0346435 0.0587088 0.102299 0.165134 0.0177159 0.0583983 0.0164247 0.0147542 0.0536923 0.478229 
0.0469047 0.00613099 0.0245705 0.0382939 0.119457 0.401101 0.00121018 0.110473 0.104138 0.147721 
0.0295896 0.0502424 0.119789 0.0203647 0.0359534 0.379601 0.0509655 0.233841 0.0539001 0.0257532 
0.0172823 0.0285961 4.58795e-05 0.333322 5.2675e-05 0.575567 2.58239e-06 2.96222e-06 8.51151e-05 0.0450436 
0.322471 0.13525 0.00567494 0.0528242 0.00559567 0.0129038 0.0465281 0.291783 0.0885317 0.0384371 
0.334582 0.00432213 8.98117e-06 3.90733e-05 0.143109 0.174772 0.240841 0.0151485 0.0406717 0.0465058 
0.0982737 0.0271173 0.355946 0.0519118 0.172157 0.0120783 0.020755 0.0280973 0.188744 0.0449208 
0.050296 0.0742773 0.0172234 0.0352908 0.152992 0.0161995 0.0497116 0.560917 0.0241697 0.0189232 
0.101432 0.0797739 0.0740463 0.0251625 0.0641165 0.137599 0.0231023 0.116107 0.303101 0.0755593 
0.0135271 0.411393 0.122719 0.145194 0.0885603 0.0439575 0.0403358 0.116269 0.0070656 0.0109789 
0.270073 0.0114667 0.112708 0.0482268 0.0184542 0.12468 0.281049 0.0438611 0.0160685 0.0734128 
0.0333127 0.0263632 0.225529 0.247512 0.0068509 0.0121117 0.0130706 0.00470339 0.0191977 0.411349 
0.0236925 0.0230906 0.032122 0.161323 0.0198085 0.0402996 0.31042 0.136168 0.0395174 0.213558 
0.0763013 0.0661879 0.115619 0.0729091 0.0280781 0.125634 0.0293269 0.0425104 0.286204 0.157229 
0.117678 0.0544101 0.0968326 0.0305717 0.148645 0.0939542 0.162527 0.154078 0.128556 0.0127482 
0.046304 0.0428979 0.1587 0.0224964 0.0293916 0.0754572 0.075435 0.100311 0.0159446 0.433062 
0.0478659 0.0454576 0.0432604 0.0191855 0.0309161 0.024203 0.139073 0.00799157 0.0495538 0.592493 
0.0889683 0.301157 0.013792 0.100189 0.147574 0.113988 0.0449184 0.0536412 0.0512049 0.0845668 
0.0197998 0.673085 0.0394175 0.0155647 0.0340941 0.0255791 0.0798898 0.0489898 0.0314822 0.0320974 
0.130211 0.00362811 0.139955 0.104275 0.274115 0.282086 0.0111347 0.0417472 0.00419232 0.00865518 
0.0599134 0.141449 0.0170389 0.582695 0.0451065 0.0495705 0.006099 0.0340081 0.0129813 0.051138 
0.0139063 0.00286886 0.0307838 0.00411669 0.898559 0.00249776 0.00936045 0.0115614 0.025109 0.0012366 
0.0673781 0.0239594 0.066809 0.0865259 0.135508 0.039024 0.0440327 0.0468606 0.217074 0.272828 
0.0048016 0.00869363 0.0106113 0.846994 0.0293544 0.00446447 0.0576718 0.0253934 0.0055828 0.00643205 
0.133409 0.0125318 0.114949 0.0143973 0.012169 0.00567372 0.00460125 0.00777941 0.690667 0.00382307 
0.182214 0.0204503 0.0240901 0.0114854 0.0718966 0.143443 0.0161175 0.349389 0.0186871 0.162227 
0.000395228 0.000259383 0.000270953 0.000354639 0.547007 0.000243585 0.127243 0.153085 0.000271028 0.17087 
0.0344006 0.014906 0.0650369 0.0353951 0.00883528 0.0188957 0.0592363 0.0406775 0.0555703 0.667046 
0.0373856 0.0579635 0.0365773 0.102368 0.0277888 0.0116034 0.176237 0.476472 0.0402424 0.0333623 
0.0454186 0.121837 0.0105396 0.580444 0.0164862 0.000504977 0.0616218 0.128585 0.029107 0.00545521 
0.00757434 0.0671557 0.0144802 0.00397023 0.162438 0.693638 0.00084537 0.0145626 0.0143731 0.0209621 
0.0625841 0.0393268 0.0707606 0.064162 0.0226622 0.505702 0.170102 0.00317116 0.0596154 0.00191386 
0.00882777 0.0107746 0.180124 0.147306 0.000260815 0.0695388 0.271758 0.0146967 0.0302448 0.266469 
0.0120747 0.0355188 0.0215751 0.526755 0.214888 0.0405791 0.0618893 0.0282524 0.0103209 0.0481464 
0.0423401 0.0282626 0.146882 0.0815173 0.0850592 0.0794078 0.00656633 0.139659 0.299402 0.0909034 
0.0526818 0.101268 0.15471 0.126887 0.0502366 0.301355 0.0190518 0.0676049 0.101565 0.0246388 
0.0228249 0.177317 0.0099025 0.0757852 0.517049 0.00665616 0.08963 0.00639686 0.0189568 0.0754812 
0.0116958 0.0461623 0.0295544 0.0329657 0.790978 0.00882827 0.0130804 0.00856231 0.017487 0.0406855 
0.0563649 0.0470946 0.0474714 0.0189154 0.0258312 0.00749057 0.00376368 0.0527434 0.078618 0.661707 
0.0949378 0.174717 0.029312 0.0315213 0.11168 0.252297 0.0108947 0.0474816 0.192975 0.0541846 
0.0597441 0.0172114 0.0794683 0.0385775 0.0316158 0.0932755 0.174827 0.0348442 0.0932488 0.377187 
0.040701 0.54927 0.0396496 0.0397807 0.0430893 0.0335032 0.0131084 0.0325942 0.0926244 0.115679 
0.0210738 0.025089 0.0225784 0.0133257 0.466581 0.0173117 0.107061 0.0839885 0.224406 0.0185855 
0.109231 0.0223736 0.0108101 0.0484036 0.158636 0.0891843 0.0223328 0.165871 0.108078 0.265079 
0.102228 0.19568 0.118166 0.0767767 0.0770861 0.155963 0.0339765 0.105336 0.0665273 0.0682607 
0.00104261 0.000805312 0.0585435 0.0018351 0.000882408 0.0172057 0.00895789 0.00215402 0.882482 0.0260916 
0.0610054 0.230995 0.101534 0.386928 0.0330977 0.0190824 0.135197 0.0140445 0.00863756 0.00947899 
0.0183511 0.0214331 0.00888373 0.414816 0.0707068 0.0392077 0.0266153 0.154805 0.18617 0.0590102 
0.171249 0.0101052 0.314025 0.064631 0.0208852 0.0219812 0.073812 0.0786642 0.130774 0.113873 
0.0336278 0.0472333 0.0120124 0.0416792 0.017812 0.0379592 0.504991 0.153624 0.147483 0.00357834 
0.392546 0.0243944 0.189528 0.0591766 0.0663522 0.0473779 0.0298234 0.130689 0.0318532 0.0282581 
0.02561 0.0227654 0.0608327 0.0793621 0.0306049 0.0123825 0.274506 0.0349229 0.139324 0.319689 
0.129705 0.0339148 0.0318702 0.0742879 0.0470626 0.040928 0.123729 0.0342923 0.416215 0.0679956 
0.022123 0.0593307 0.0451999 0.0246671 0.0379882 0.0186653 0.143063 0.60239 0.00620634 0.0403659 
0.190756 0.210981 0.00846602 1.23838e-05 9.35556e-06 0.0137476 0.340581 0.0835791 0.151361 0.000506297 
0.0227387 0.149739 0.0159403 0.00830373 0.0318589 0.0239465 0.0377176 0.0967313 0.0931475 0.519877 
0.00947648 0.0256485 0.630347 0.00801099 0.161265 4.29942e-05 0.0141223 0.00421244 0.00203658 0.144838 
0.050305 0.134441 0.154903 0.0864855 0.0811218 0.0559264 0.223462 0.0531155 0.0380038 0.122236 
0.0193741 0.0225051 0.0542045 0.239225 0.564164 0.0158054 0.0495769 0.0157608 0.0137714 0.00561254 
0.286863 0.00581639 0.011236 0.0103698 0.000780275 0.382115 0.00366732 0.0017858 0.0942189 0.203148 
0.592485 0.0289822 0.0190952 0.026161 0.00883207 0.0924818 0.0220411 0.104113 0.0196403 0.0861684 
0.0729652 0.409908 0.0749245 0.031072 0.183259 0.0187473 0.0454377 0.0623744 0.0272204 0.074092 
0.0441678 0.0243959 0.766275 0.0344845 6.57655e-05 6.36181e-05 0.0748507 0.00163252 0.00671106 0.0473535 
0.316195 0.00790324 0.00974967 0.0100266 1.12444e-05 0.457007 0.00549798 0.00447836 0.0468895 0.142241 
0.591052 0.0258067 0.0216615 0.0266414 0.0118212 0.0704211 0.0204363 0.0879214 0.0425607 0.101678 
0.0216105 0.110088 0.211767 0.00684637 0.086815 0.107446 0.218975 0.0296999 0.106745 0.100007 
0.0612839 0.0441066 0.102412 0.0983395 0.0211005 0.0916264 0.399237 0.044214 0.053944 0.0837366 
0.0366972 0.0418622 0.0244883 0.0151864 0.124816 0.355291 0.0350574 0.0670881 0.110964 0.188549 
0.239335 0.0524765 0.0295183 0.232942 0.0730896 0.0729318 0.00939942 0.0194996 0.0750148 0.195793 
0.0156984 0.00102107 0.655286 0.234983 0.0267157 0.0151853 0.00632926 0.0221673 0.014311 0.00830256 
0.0104106 0.027712 0.0352025 0.206498 0.619325 0.00605046 0.0737226 0.0126978 0.00531865 0.00306189 
0.170447 0.0168676 0.217306 0.0976578 0.072447 0.279069 0.0798486 0.0250137 0.0259644 0.0153783 
0.0442193 0.225094 0.0294534 0.0191257 0.0759335 0.0385166 0.00734866 0.28298 0.159437 0.117891 
0.229682 0.104142 0.0232491 0.0912174 0.0172829 0.0950159 0.119173 0.195862 0.0885043 0.0358705 
0.195121 0.0601397 0.0341167 0.177875 0.199426 0.167831 0.0505263 0.0338268 0.0500431 0.0310949 
0.0587655 0.0240369 0.0161545 0.0162432 0.117624 0.00323572 0.668604 0.0318472 0.0310916 0.0323964 
0.00414282 0.00393306 0.00493084 0.00424678 0.00596207 0.00418009 0.00457672 0.00550847 0.959023 0.00349582 
0.131452 0.116242 0.0196235 0.0225879 0.0216913 0.0227674 0.0355748 0.133143 0.378941 0.117977 
0.0160798 0.727425 0.00787671 0.0214611 0.0524791 0.0278623 0.00471395 0.0277019 0.0751325 0.0392671 
0.525572 9.14421e-05 0.00970508 0.0512157 0.00336537 0.000301269 7.92963e-05 0.178911 0.00522441 0.225534 
0.154683 0.0613025 0.0315451 0.0984496 0.0468465 0.0652515 0.0483575 0.0724035 0.0344616 0.3867 
0.0195522 0.0662945 0.0312712 0.00818058 0.073302 0.0237396 0.0244444 0.0893826 0.0365983 0.627235 
0.505033 0.145142 0.0434206 0.0685047 0.0220933 0.0719063 0.0493075 0.0213114 0.0279704 0.0453107 
0.0152374 0.145166 0.0363031 0.00994195 0.230191 0.0749134 0.117462 0.0319472 0.00658985 0.332247 
0.0486218 0.0233086 0.388962 0.0272209 0.0980744 0.245886 0.0334763 0.0593716 0.0532474 0.0218307 
0.0516085 0.182267 0.245586 0.080086 0.0315684 0.0460403 0.0318926 0.0420804 0.0135756 0.275295 
0.0363282 0.00537122 0.0148013 0.00269596 0.0080862 0.689863 0.0113708 0.116882 0.0112178 0.103384 
0.0516147 0.00898498 0.065818 0.210971 0.276844 0.00544278 0.0346699 0.00981639 0.306473 0.0293646 
0.0636055 0.0087579 0.129378 0.220075 0.0222448 0.312226 0.00613005 0.118811 0.0602804 0.0584916 
0.0605555 0.103605 0.0805108 0.355154 0.156645 0.0670744 0.0291178 0.0289636 0.0707475 0.0476271 
0.00639497 0.0099194 0.0271584 0.111355 0.0055498 0.203301 0.11698 0.0184371 0.445617 0.0552874 
0.0139712 0.00850925 0.0410368 0.586729 0.13746 0.018926 0.00931461 0.000883447 0.151439 0.0317303 
0.0305598 0.0111006 0.00436034 0.848914 0.0348436 0.00815166 0.0313101 0.0211743 0.0085371 0.00104915 
0.0110872 0.0467647 0.0102749 0.00569227 0.71762 0.0305586 0.00935522 0.00574624 0.119191 0.0437096 
0.0017077 0.00345909 0.0336648 0.167356 0.00664233 0.127765 0.051749 0.0161046 0.574725 0.0168268 
0.0017077 0.00345909 0.0336648 0.167356 0.00664233 0.127765 0.051749 0.0161046 0.574725 0.0168268 
0.0261306 0.019117 0.131174 0.114563 0.440391 0.0197983 0.0961958 0.0621193 0.0509612 0.0395498 
0.0112234 0.00948526 0.0130756 0.0410325 0.0206832 0.0333522 0.0251219 0.0654098 0.0494503 0.731166 
0.0437193 0.0598021 0.015714 0.0108261 0.0412012 0.0131843 0.0307103 0.653132 0.0436958 0.0880154 
0.0182124 0.1373 0.134086 0.0982863 0.194492 0.0270625 0.180993 0.0874622 0.0586173 0.0634878 
0.0897966 0.0160581 0.088896 0.0761683 0.0358064 0.0530499 0.199207 0.226815 0.0692466 0.144956 
0.00850706 0.346042 0.250325 0.0927087 0.0289599 0.051099 0.109647 0.0825801 0.015021 0.01511 
0.0329484 0.00726328 0.0411763 0.0022502 0.0375681 0.864321 0.00547955 0.00143425 0.000396867 0.00716182 
0.00995828 0.0416918 0.050908 0.37848 0.0946221 0.0418055 0.055668 0.246628 0.0651159 0.015122 
0.0291394 0.0443926 0.0142337 0.0348689 0.0816019 0.0408782 0.525181 0.0850606 0.135508 0.00913585 
0.116925 0.0601483 0.0118073 0.0626405 0.0219708 0.0274412 0.0117608 0.12871 0.334343 0.224254 
0.285354 0.0669871 0.178869 0.0667875 0.100318 0.0766127 0.0675923 0.052314 0.0561528 0.0490121 
0.0913389 0.0615089 0.395621 0.046311 0.0198581 0.00771329 0.270377 0.0340099 0.0230066 0.0502551 
0.0376002 0.155191 0.0280831 0.020649 0.351821 0.054559 0.0104346 0.161722 0.132374 0.0475672 
0.0258959 0.743843 0.00797212 0.0945886 0.0110398 0.0612203 0.00876903 0.00692685 0.0333435 0.00640096 
0.0448235 0.0680487 0.0817272 0.0426688 0.13094 0.0257308 0.418555 0.018718 0.119754 0.0490342 
0.0338392 0.0283721 0.0314809 0.00803564 0.00515104 0.0846342 0.443612 0.0285856 0.0550175 0.281271 
0.0171674 0.0668921 0.0752782 0.0999685 0.07166 0.0175921 0.0775589 0.0132522 0.530567 0.0300633 
0.0769432 0.0651378 0.162776 0.0169049 0.0421813 0.0566299 0.0769904 0.411864 0.0459311 0.0446422 
0.0140121 0.772837 0.0355543 0.0205569 0.0130184 0.0278018 0.0557722 0.0104496 0.0459696 0.00402787 
0.304735 0.0109899 0.0221637 0.251914 0.161996 0.0329024 0.00710742 0.0120311 0.164682 0.0314785 
0.0599818 0.375209 0.105956 0.054783 0.0549275 0.0385499 0.0404978 0.0396368 0.0558299 0.174629 
0.10142 0.00720252 0.229193 0.272191 0.0174155 0.0366685 0.0951453 0.143299 0.0282685 0.0691971 
0.149606 0.267411 0.0247271 0.118735 0.0713086 0.132113 0.0364103 0.0543848 0.113099 0.032205 
0.131708 0.155161 0.0402089 0.345863 0.043471 0.0273658 0.0487237 0.059183 0.0589498 0.0893656 
0.0116857 0.0156365 0.0792061 0.439463 0.302277 0.00979549 0.0449406 0.0382 0.00833956 0.0504563 
0.00611655 0.0841052 0.0641036 0.0630585 0.00441065 0.00905279 0.00575514 0.0141467 0.00541804 0.743833 
0.00116759 0.0619271 0.086645 0.0590311 0.0112953 0.00377812 0.00576125 0.0136168 0.00114957 0.755628 
0.017168 0.127573 0.00833224 0.104066 0.0493773 0.126799 0.0432713 0.236336 0.0283905 0.258687 
0.121111 0.125195 0.023626 0.159418 0.248919 0.0393032 0.0654596 0.064066 0.079472 0.0734301 
0.128157 0.0404268 0.0128137 0.0376557 0.143022 0.111632 0.194316 0.258025 0.0443571 0.0295946 
0.129354 0.0390678 0.0425801 0.0247884 0.0460386 0.154008 0.034445 0.0968889 0.238799 0.19403 
0.16546 0.131391 0.132877 0.0890859 0.0737345 0.07626 0.0497443 0.102701 0.104588 0.0741578 
0.116717 0.0427019 0.266376 0.0435872 0.050017 0.0831831 0.138993 0.165076 0.0628093 0.0305389 
0.0146131 0.0484952 0.211093 0.0822857 0.128457 0.189251 0.0450083 0.0728908 0.166036 0.0418694 
0.208406 0.0391849 0.0353788 0.0758897 0.0775313 0.0152256 0.00976952 0.364991 0.0367476 0.136876 
0.0634283 0.0174912 0.233622 0.0457218 0.186917 0.21538 0.033472 0.0746497 0.0791956 0.0501217 
0.0173487 0.0913469 0.00889453 0.0393397 0.101252 0.0129409 0.0616288 0.0126848 0.642232 0.0123314 
0.016413 0.0494918 0.0154383 0.276338 0.0156829 0.222345 0.0657692 0.0574608 0.144054 0.137007 
0.00972086 0.213506 0.00828773 0.252263 0.00475013 0.0302091 0.0159941 0.0308405 0.404198 0.0302304 
0.0626134 0.0992989 0.107543 0.0951826 0.0385144 0.0275487 0.267852 0.127588 0.0452841 0.128574 
0.0394186 0.140082 0.0718058 0.058129 0.0918342 0.0219337 0.350444 0.0662419 0.139812 0.0202987 
0.0959902 0.0643038 0.055445 0.0354728 0.0645523 0.0700314 0.239596 0.114431 0.0734082 0.186769 
0.0277536 0.0665504 0.123394 0.0252225 0.0820974 0.185249 0.305747 0.0301026 0.148495 0.00538793 
0.0613828 0.0146296 0.0116601 0.0100226 0.0251789 0.0181108 0.0176085 0.0497951 0.0208337 0.770778 
0.94265 0.00496998 6.37285e-05 0.0483474 9.8873e-05 0.00300788 0.000350701 7.96769e-05 0.000150217 0.000281155 
0.0987887 0.0522824 0.578896 0.0300301 0.0352606 0.0423176 0.0157418 0.0682567 0.0376291 0.0407971 
0.0248061 0.0424861 0.00385467 0.0367455 0.148125 0.0622524 0.00945633 0.477014 0.0704149 0.124846 
0.0278008 0.0723681 0.0487177 0.102647 0.000831535 0.0602647 0.130846 0.00773905 0.0270837 0.521701 
0.0411578 0.256124 0.254344 0.00694811 0.0768272 0.0494427 0.0386478 0.0237866 0.0472852 0.205437 
0.00650219 0.000158977 0.00334692 1.33643e-06 0.58807 0.00119829 0.0684303 0.0011468 0.0350131 0.296132 
0.12426 0.571811 0.00310127 0.0298709 0.0533764 0.0196696 0.0327539 0.0510129 0.0800523 0.0340915 
0.177172 0.101278 0.028288 0.0418433 0.0661279 0.0223656 0.013132 0.0225887 0.445801 0.0814036 
0.013936 0.0100161 0.0828963 0.0278476 0.692934 0.0353907 0.034791 0.0412403 0.0382603 0.022688 
0.129728 0.049386 0.0336689 0.023739 0.0297103 0.210345 0.200188 0.151246 0.0550402 0.116949 
0.118641 0.0208005 0.154118 0.0205141 0.00991725 0.0134123 0.171796 0.320808 0.143039 0.026954 
0.0177043 0.164187 0.550598 0.00351961 0.0104445 0.0994837 0.0184276 0.0903412 0.0264493 0.0188455 
0.0380441 0.00165089 0.0938662 0.0045213 0.0105399 0.0936336 0.249719 0.480572 0.0203791 0.007074 
0.0165974 0.0113385 0.00631015 0.00746974 0.17349 0.00613618 0.013703 0.0227881 0.688963 0.0532045 
0.182728 0.103895 0.0613607 0.196102 0.0532088 0.101956 0.0584475 0.0768052 0.0917142 0.0737821 
0.0188231 0.00503568 0.483626 0.00520392 0.00614803 0.135493 0.0922314 0.0472443 0.0472168 0.158978 
0.0848756 0.214045 0.0551855 0.219593 0.0503555 0.0118673 0.0722295 0.233653 0.0418081 0.0163871 
