0.127266 0.0699795 0.132132 0.0370632 0.15665 0.0723736 0.0838586 0.0696993 0.122386 0.128591 
0.0631637 0.104581 0.0716082 0.0747651 0.174395 0.148414 0.0799096 0.0930178 0.062388 0.127758 
0.120696 0.102652 0.112995 0.0642201 0.159234 0.0451928 0.072424 0.0778384 0.0647215 0.180027 
0.0518785 0.160434 0.108073 0.0948973 0.15849 0.0665669 0.0805456 0.0719829 0.117461 0.0896706 
0.105061 0.145611 0.0670905 0.0405729 0.116197 0.090054 0.0910428 0.121702 0.122599 0.10007 
0.0534727 0.0945376 0.0399817 0.047084 0.128378 0.0561798 0.359878 0.128959 0.0328779 0.0586516 
0.117122 0.0866547 0.0438865 0.0216856 0.0994378 0.0832648 0.313226 0.0963978 0.0728695 0.0654549 
0.0736769 0.146912 0.0735592 0.0320576 0.158428 0.23911 0.0535962 0.0625471 0.0630864 0.0970269 
0.105804 0.096717 0.0721515 0.015547 0.292622 0.0450307 0.108329 0.0535914 0.162646 0.0475618 
0.0554956 0.235968 0.182052 0.0384186 0.116837 0.031371 0.0820918 0.0639935 0.0940894 0.0996837 
0.576032 0.00735955 0.210862 0.00716921 0.0068938 0.00716712 0.00716957 0.162365 0.00694199 0.00803985 
0.116073 0.178279 0.0310087 0.0444379 0.0873823 0.0617145 0.122812 0.0715417 0.0886763 0.198075 
0.170781 0.0743993 0.0793194 0.0515897 0.118381 0.0430159 0.126898 0.0536159 0.0832401 0.198759 
0.12454 0.174925 0.146278 0.0478641 0.186572 0.0710099 0.055349 0.0546122 0.0657391 0.0731105 
0.0352437 0.0103616 0.170666 0.126677 0.379471 0.0192285 0.0070643 0.161897 0.0879459 0.00144448 
0.464654 0.0197007 0.079403 0.0365223 0.0612018 0.0399189 0.0395471 0.00860371 0.147039 0.10341 
0.115907 0.0614502 0.150931 0.11417 0.153692 0.0348397 0.135227 0.07502 0.0608834 0.0978798 
0.066078 0.133353 0.0467984 0.031117 0.0777452 0.0464777 0.0509188 0.0721187 0.340538 0.134855 
0.133678 0.11012 0.0537955 0.0360598 0.0701365 0.0418117 0.0776238 0.14593 0.273333 0.0575118 
0.0355666 0.0785429 0.044627 0.0310223 0.038989 0.0448723 0.454068 0.0653285 0.139862 0.0671207 
0.101072 0.0537757 0.120628 0.170328 0.111622 0.0710581 0.108987 0.0809475 0.0980013 0.0835805 
0.0578632 0.096449 0.149313 0.0457256 0.139685 0.0526684 0.188134 0.116007 0.108401 0.045754 
0.0597152 0.0534575 0.0624586 0.0616521 0.072954 0.0827146 0.226181 0.0946837 0.220151 0.0660318 
0.0864551 0.103343 0.109333 0.0607636 0.230972 0.0519749 0.0892997 0.0641329 0.126607 0.0771195 
0.179277 0.108907 0.205524 0.0571697 0.0803453 0.039427 0.0818138 0.0244354 0.142204 0.0808968 
0.0502866 0.175558 0.0846548 0.0461407 0.0643635 0.0604969 0.189027 0.0669334 0.119019 0.14352 
0.120053 0.129604 0.128147 0.0675723 0.0919428 0.0728991 0.0648738 0.122909 0.10256 0.0994399 
0.146958 0.173237 0.0314564 0.0715045 0.0528197 0.0853425 0.0555806 0.169208 0.14539 0.0685042 
0.0416997 0.0319806 0.0786738 0.0286436 0.0946634 0.0584017 0.105508 0.380495 0.116063 0.063872 
0.0440061 0.147652 0.0577797 0.128756 0.13615 0.144079 0.209236 0.0568595 0.0461644 0.0293175 
0.157729 0.0845396 0.146322 0.0576891 0.0792074 0.0876133 0.0870269 0.0810271 0.15907 0.0597755 
0.0566112 0.025945 0.0927574 0.0663328 0.0309529 0.266819 0.144883 0.0736568 0.146035 0.0960068 
0.112017 0.130702 0.128323 0.031723 0.15861 0.0773156 0.0748574 0.0790078 0.0869661 0.120479 
0.0798704 0.260024 0.080408 0.0371327 0.0646931 0.092828 0.135811 0.0563315 0.0858789 0.107023 
0.117157 0.0765002 0.0368032 0.0853854 0.0954606 0.0636262 0.0806043 0.353031 0.0250936 0.066339 
0.0433434 0.0800744 0.128628 0.0602029 0.0166634 0.280046 0.0289284 0.0391312 0.0855953 0.237387 
0.183479 0.186767 0.0814095 0.0446804 0.178189 0.102528 0.0529642 0.0607454 0.0775716 0.0316659 
0.0344692 0.0356714 0.110812 0.541502 0.0751816 0.0106146 0.0637093 0.0687045 0.0149545 0.0443811 
0.0752241 0.161666 0.0497939 0.0399206 0.12339 0.143457 0.127639 0.0460415 0.098732 0.134137 
0.0787482 0.187399 0.247023 0.0717647 0.0951609 0.0824692 0.0239677 0.0560793 0.118774 0.0386135 
0.073764 0.080767 0.128008 0.0927226 0.0773083 0.071967 0.184043 0.0919366 0.106738 0.0927459 
0.0762754 0.0637527 0.163037 0.173826 0.0652215 0.062854 0.031895 0.171608 0.139641 0.0518899 
0.130363 0.071742 0.0633667 0.0574747 0.0672193 0.0438525 0.114957 0.0748952 0.232504 0.143625 
0.130363 0.071742 0.0633667 0.0574747 0.0672193 0.0438525 0.114957 0.0748952 0.232504 0.143625 
0.0995983 0.127699 0.115518 0.0407096 0.0865206 0.103262 0.115287 0.0780387 0.164383 0.0689848 
0.0396787 0.16614 0.0344112 0.0248526 0.0603354 0.250112 0.137111 0.0321944 0.0457869 0.209378 
0.0601868 0.0900589 0.133202 0.106895 0.108063 0.0824918 0.0540868 0.149179 0.106052 0.109784 
0.00406553 0.0016873 0.000580584 0.0479296 0.415701 0.0735236 0.310397 0.00342247 0.0605353 0.0821574 
0.0265731 0.0622342 0.0725863 0.0669845 0.130177 0.056661 0.147121 0.0239094 0.354161 0.0595923 
0.0481665 0.112172 0.104584 0.0722684 0.189103 0.0197942 0.0952801 0.125761 0.210378 0.0224928 
0.0984072 0.0444148 0.0905062 0.131606 0.108362 0.090718 0.121036 0.126219 0.0742388 0.114491 
0.123425 0.0567187 0.134972 0.0720939 0.139013 0.0799344 0.113867 0.0357738 0.109117 0.135084 
0.115241 0.0655563 0.0778382 0.0626336 0.13804 0.112123 0.0990279 0.0671259 0.15789 0.104525 
0.0960584 0.086546 0.0856646 0.0191745 0.071338 0.0519271 0.133607 0.111281 0.191197 0.153207 
0.10645 0.139837 0.16007 0.0750563 0.0374911 0.195136 0.0776217 0.101982 0.0320218 0.0743344 
0.0387049 0.0291562 0.307028 0.0929669 0.09243 0.0896131 0.0506517 0.0769823 0.188897 0.0335693 
0.173189 0.0491087 0.118768 0.138492 0.0169681 0.114905 0.0449341 0.125219 0.16993 0.0484864 
0.173014 0.0807187 0.281093 0.0744033 0.0445532 0.0283711 0.0507546 0.129787 0.0936992 0.0436055 
0.238312 0.0726096 0.0587249 0.148529 0.0921707 0.0541531 0.15946 0.0433512 0.107845 0.0248449 
0.0751588 0.0565296 0.0228718 0.166242 0.104722 0.158808 0.0795058 0.167742 0.149264 0.019155 
0.173368 0.0471766 0.0629734 0.137806 0.141384 0.0772225 0.214073 0.0327704 0.0798954 0.0333303 
0.166266 0.107545 0.0498368 0.0544908 0.0999896 0.0492016 0.0865743 0.0718948 0.137866 0.176335 
0.0174699 0.0151072 0.130782 0.258532 0.129271 0.121623 0.0234699 0.109922 0.16382 0.030002 
0.0499691 0.181801 0.0626764 0.298696 0.0931628 0.0699658 0.0115136 0.0852027 0.123169 0.0238441 
0.0679442 0.0309244 0.0937628 0.147709 0.0352071 0.106116 0.235176 0.214427 0.0333588 0.0353749 
0.0894009 0.0961244 0.0435295 0.0164607 0.106233 0.274205 0.0176267 0.0596703 0.0779814 0.218767 
0.120432 0.0865724 0.0350186 0.0135272 0.0844886 0.351154 0.01441 0.0478174 0.0723481 0.174232 
0.00146546 0.0307647 0.00168773 0.140284 0.0400442 0.052767 0.00635188 0.602097 0.0272515 0.0972867 
0.0480808 0.114778 0.0834677 0.265279 0.126118 0.108942 0.0334084 0.127985 0.0501206 0.0418204 
0.0683561 0.0699526 0.0948294 0.0706752 0.0315834 0.0354438 0.341012 0.109018 0.0974543 0.0816747 
0.0145788 0.015432 0.361303 0.262479 0.00964139 0.0469795 0.091829 0.163452 0.0029078 0.0313975 
0.22354 0.172388 0.114093 0.0797301 0.0257152 0.05546 0.0542328 0.12389 0.0572193 0.093731 
0.165687 0.10107 0.0658442 0.0883886 0.148937 0.0345413 0.0886736 0.0465856 0.188061 0.0722117 
0.0103508 0.0708022 0.164619 0.238695 0.0580902 0.123953 0.101928 0.0779597 0.0712254 0.0823765 
0.0750736 0.0200204 0.0865967 0.136524 0.104744 0.0719675 0.132958 0.155729 0.0717421 0.144645 
0.203711 0.0324145 0.0741314 0.17011 0.0558389 0.109383 0.063321 0.112213 0.0898063 0.0890707 
0.172913 0.133528 0.172794 0.0990682 0.0419403 0.0368791 0.0478418 0.067524 0.0556824 0.171829 
0.097048 0.214494 0.142982 0.0812693 0.0843883 0.0649305 0.106022 0.0899055 0.0648833 0.0540762 
0.125138 0.202592 0.100436 0.0422182 0.0997801 0.172466 0.0689426 0.0492843 0.0780693 0.061073 
0.182506 0.12174 0.0602433 0.206713 0.069906 0.0533512 0.126909 0.0509074 0.0869726 0.0407511 
0.260653 0.0403631 0.102573 0.119347 0.0792311 0.0328313 0.0889079 0.0920058 0.158568 0.0255195 
0.0732939 0.0926299 0.153965 0.118447 0.16033 0.11545 0.0382697 0.0588863 0.0887849 0.0999433 
0.141785 0.140361 0.0960089 0.0373748 0.141745 0.102207 0.0562686 0.0893767 0.142258 0.0526151 
0.136163 0.0106348 0.0385167 0.073318 0.0211505 0.0347334 0.0131406 0.309413 0.122845 0.240085 
0.167973 0.0115132 0.0414709 0.0958149 0.0205351 0.0261081 0.0166488 0.302182 0.134973 0.18278 
0.0993195 0.079435 0.100684 0.137236 0.119482 0.0527858 0.0485269 0.0749265 0.178463 0.109141 
0.0384399 0.0937744 0.091939 0.1693 0.101761 0.185311 0.0705729 0.0728291 0.0734035 0.10267 
0.0560125 0.0454172 0.117374 0.0503235 0.277331 0.0489972 0.0460291 0.188655 0.11352 0.0563408 
0.0605355 0.108533 0.0656182 0.106806 0.0117565 0.195673 0.0348252 0.026654 0.195151 0.194447 
0.116562 0.0145387 0.0969158 0.0594906 0.0644254 0.248532 0.0403541 0.0563918 0.00960115 0.293189 
0.164579 0.0163097 0.114856 0.000566689 0.00808935 0.00113046 0.000840169 0.137957 0.53614 0.0195317 
0.0962378 0.0564475 0.104863 0.122275 0.13646 0.0769455 0.0481735 0.175729 0.0924053 0.0904639 
0.0982439 0.101671 0.0939682 0.099041 0.0952363 0.0990121 0.099046 0.106812 0.095902 0.111069 
0.0590255 0.0504846 0.120303 0.109198 0.21364 0.0852474 0.100603 0.128094 0.104131 0.0292728 
0.151504 0.0757391 0.172777 0.051007 0.06519 0.067267 0.0726785 0.148664 0.0980776 0.0970961 
0.126521 0.0617408 0.188826 0.0331654 0.0762982 0.069542 0.0784206 0.0642125 0.155722 0.145552 
0.124984 0.089545 0.0705604 0.0810906 0.0855384 0.0588013 0.175855 0.076543 0.125755 0.111326 
0.0509619 0.0729495 0.0560409 0.066478 0.0552639 0.0521465 0.119154 0.305971 0.155336 0.0656988 
0.099983 0.165372 0.0485058 0.104414 0.0509692 0.189539 0.0426689 0.128074 0.0845579 0.0859161 
0.152214 0.0786155 0.0537692 0.209258 0.049322 0.141 0.18251 0.0388122 0.0585114 0.035987 
0.111028 0.151762 0.00923279 0.147309 0.199925 0.0501859 0.0653072 0.163973 0.0338493 0.067427 
0.0671693 0.0812598 0.107251 0.126646 0.218892 0.117283 0.0725253 0.092446 0.0680499 0.0484785 
0.130782 0.079432 0.101759 0.0972371 0.123603 0.087499 0.0505749 0.141132 0.0957825 0.0921981 
0.126026 0.242704 0.000798285 0.177531 0.0210356 0.0386921 0.139676 0.0281291 0.0782127 0.147195 
0.023176 0.0138753 0.0178428 0.700931 0.0198151 0.176484 0.0116038 0.00875103 0.0100912 0.0174297 
0.190576 0.0662197 0.114514 0.151243 0.0878791 0.00932126 0.18171 0.0536884 0.104196 0.040651 
0.0630512 0.083044 0.0634217 0.335067 0.0421974 0.0454899 0.0814185 0.164433 0.0888109 0.0330664 
0.0437758 0.0517503 0.0243035 0.275953 0.196447 0.107463 0.0932752 0.0779106 0.0935121 0.0356094 
0.11617 0.0885056 0.0999793 0.115755 0.117761 0.10946 0.0432683 0.0922327 0.142546 0.0743214 
0.109864 0.267547 0.044993 0.0734246 0.0646003 0.0513252 0.0785416 0.127238 0.0766376 0.105828 
0.0507578 0.100462 0.114035 0.0953529 0.0800708 0.212666 0.0774072 0.154617 0.0468052 0.0678257 
0.040105 0.113248 0.0906477 0.0359291 0.211491 0.14302 0.0789712 0.0370015 0.163284 0.0863022 
0.0995864 0.138936 0.116757 0.120801 0.144267 0.155521 0.0795562 0.0526661 0.0567342 0.0351757 
0.0675929 0.201862 0.0785746 0.0471148 0.155787 0.0328056 0.152656 0.0484888 0.165823 0.0492953 
0.0942049 0.12649 0.118224 0.0649022 0.0857252 0.0866749 0.14045 0.187766 0.0442569 0.051307 
0.0665784 0.194251 0.113603 0.0907795 0.0921616 0.124078 0.0935297 0.105374 0.0508048 0.068839 
0.0374039 0.142405 0.117897 0.0526595 0.128655 0.121341 0.0598488 0.107558 0.173228 0.0590044 
0.0496591 0.142556 0.171034 0.0526117 0.0975559 0.0937248 0.103791 0.144796 0.0857643 0.0585073 
0.141454 0.0296478 0.013754 0.0818841 0.31593 0.191444 0.13769 0.0464739 0.0218828 0.0198386 
0.174072 0.0840222 0.0664669 0.113378 0.0475681 0.16225 0.119903 0.0628174 0.0337732 0.135748 
0.0701844 0.168139 0.119426 0.0762166 0.158254 0.0940685 0.0538175 0.106623 0.0888059 0.0644659 
0.0703959 0.101167 0.0496151 0.193682 0.101962 0.191638 0.129355 0.0153909 0.118626 0.0281676 
0.0516036 0.0205011 0.105008 0.303494 0.0902171 0.143086 0.102554 0.0517505 0.0804454 0.0513403 
0.312897 0.0399962 0.0465394 0.130306 0.147092 0.0743495 0.131508 0.0327527 0.0489521 0.0356074 
0.041326 0.179847 0.0703062 0.0444172 0.194527 0.0801086 0.0466108 0.0933762 0.0310504 0.21843 
0.128665 0.0501713 0.0690178 0.120518 0.0908417 0.0927744 0.0548315 0.154189 0.0677117 0.171279 
0.119091 0.0867462 0.035153 0.112919 0.0822049 0.195566 0.12452 0.128356 0.0446269 0.0708171 
0.094982 0.101864 0.163796 0.168182 0.00562764 0.212342 0.0335856 0.0415185 0.0669658 0.111136 
0.0935632 0.0962301 0.0519478 0.128391 0.0300489 0.122676 0.271271 0.0832144 0.0667314 0.0559255 
0.107402 0.106879 0.0328586 0.101841 0.0654311 0.183555 0.181866 0.0959002 0.0511857 0.0730806 
0.0253728 0.164003 0.064053 0.101056 0.0931424 0.000419199 0.0633205 0.142902 0.124246 0.221485 
0.0503659 0.156158 0.0681114 0.190297 0.0392779 0.0876365 0.153925 0.0396683 0.140593 0.0739663 
0.0776791 0.049923 0.117718 0.098353 0.0932312 0.0678989 0.230347 0.121578 0.0332644 0.110008 
0.0656574 0.134486 0.126682 0.0581446 0.100094 0.106784 0.0633024 0.13627 0.103745 0.104834 
0.0177059 0.0372495 0.0942131 0.102782 0.0447695 0.0435916 0.0862811 0.439513 0.0858363 0.0480576 
0.0259789 0.0340557 0.0798885 0.471195 0.0335463 0.0217321 0.117267 0.0924837 0.0819359 0.0419166 
0.279127 0.0629079 0.0988134 0.0994232 0.0630621 0.0702245 0.0403137 0.0890912 0.140063 0.0569739 
0.149345 0.0206711 0.0819126 0.0330893 0.322272 0.0595537 0.0328937 0.129135 0.111655 0.0594725 
0.0882194 0.0379608 0.158911 0.106019 0.16711 0.0409031 0.133138 0.149349 0.00593043 0.112459 
0.0218363 0.149391 0.110536 0.0743295 0.0875357 0.0683882 0.0554018 0.0834955 0.0536579 0.295428 
0.178109 0.159447 0.099925 0.0603866 0.0406701 0.0830087 0.126503 0.0339778 0.146915 0.0710584 
0.0804667 0.0888813 0.079497 0.209051 0.0823465 0.210109 0.116089 0.0218408 0.0952763 0.0164433 
0.214252 0.0284105 0.255611 0.109281 0.0144067 0.0153238 0.059293 0.121055 0.169541 0.0128258 
0.0459582 0.170236 0.106824 0.155009 0.0317496 0.0845671 0.145357 0.107585 0.112006 0.0407087 
0.0396575 0.109453 0.127003 0.0591099 0.241394 0.112236 0.0761037 0.105889 0.0779314 0.0512231 
0.0395282 0.0591212 0.053224 0.0460925 0.0460059 0.367683 0.185049 0.137349 0.015419 0.0505288 
0.0541391 0.0268738 0.135662 0.0611836 0.382638 0.0482968 0.0274184 0.22884 0.0176961 0.017252 
0.0405059 0.0628987 0.0696169 0.0475134 0.139694 0.156976 0.187986 0.217517 0.0447622 0.0325299 
0.0865406 0.0830339 0.109909 0.0654516 0.142349 0.0899123 0.124674 0.122523 0.0923122 0.0832955 
0.0831736 0.137346 0.153101 0.0598624 0.0564573 0.132604 0.102331 0.0812319 0.155614 0.0382791 
0.167374 0.155224 0.0419314 0.0705193 0.119315 0.204704 0.0461726 0.0738777 0.0649727 0.0559082 
0.088007 0.0451692 0.0449503 0.126214 0.204116 0.188691 0.11524 0.0531822 0.0524597 0.0819701 
0.232244 0.121711 0.047751 0.0478779 0.124716 0.103868 0.0939548 0.0650739 0.0735048 0.0892985 
0.0591466 0.154574 0.173973 0.0497131 0.0573358 0.0496986 0.0546725 0.0536135 0.127468 0.219804 
0.130526 0.0342403 0.0264108 0.0894006 0.240511 0.255663 0.0505342 0.0307204 0.0174588 0.124535 
0.110102 0.164155 0.0416859 0.31895 0.0531575 0.168433 0.0385225 0.0327911 0.0235121 0.0486905 
0.0699558 0.107716 0.129146 0.0401886 0.157881 0.0709874 0.0987124 0.118739 0.113923 0.0927499 
0.23435 0.169462 0.0223371 0.0512801 0.100421 0.05877 0.0645803 0.038913 0.205927 0.0539602 
0.0436774 0.094048 0.0278075 0.544282 0.0210652 0.0672775 0.0162621 0.0608491 0.110301 0.0144301 
0.0223275 0.397622 0.0269648 0.114888 0.118383 0.0431193 0.0949431 0.0914008 0.0527992 0.0375525 
0.081809 0.058839 0.129541 0.106839 0.112724 0.0554355 0.132154 0.125323 0.0986999 0.0986357 
0.0665469 0.0585648 0.203282 0.107079 0.0407224 0.107973 0.126401 0.137558 0.0657319 0.0861397 
0.263063 0.0423909 0.0396364 0.20919 0.0906238 0.100554 0.0297357 0.133605 0.0594206 0.0317802 
0.043046 0.149298 0.0454799 0.0170244 0.185153 0.175448 0.135249 0.0240516 0.11883 0.10642 
0.107083 0.0467563 0.203395 0.0716303 0.0816561 0.0680134 0.121263 0.0815442 0.11344 0.105218 
0.0411483 0.0371387 0.140539 0.300525 0.0491831 0.16078 0.0294394 0.0644549 0.0527597 0.124032 
0.280634 0.0523536 0.143872 0.0346939 0.111638 0.0502407 0.0730117 0.0403482 0.0826658 0.130542 
0.0407878 0.166647 0.0948364 0.171397 0.0841357 0.0745542 0.101644 0.0877 0.130083 0.0482144 
0.045169 0.0676071 0.0952487 0.161729 0.090498 0.0435203 0.187308 0.163683 0.105838 0.039399 
0.123468 0.0843931 0.178164 0.375946 0.0670089 0.029918 0.027189 0.0177228 0.0217934 0.0743963 
0.105271 0.0344421 0.22764 0.0777961 0.161087 0.0550173 0.1817 0.0871929 0.0614764 0.0083763 
0.105737 0.0557452 0.127596 0.0563789 0.130502 0.139044 0.0486101 0.0647723 0.219979 0.051636 
0.0513235 0.0623403 0.178645 0.169185 0.0304921 0.0381003 0.0606541 0.343526 0.0420262 0.0237075 
0.0884283 0.259278 0.0845056 0.0727505 0.0686568 0.0721728 0.0602833 0.0927463 0.0665796 0.134599 
0.0356239 0.132843 0.0581615 0.0786279 0.160784 0.0927202 0.153907 0.124134 0.0833232 0.0798763 
0.0576216 0.0284856 0.141747 0.0799583 0.0544326 0.176442 0.0705893 0.30283 0.0439252 0.0439685 
0.0884384 0.0781228 0.0556071 0.06717 0.134326 0.0902656 0.158881 0.104911 0.13186 0.0904184 
0.0818665 0.0771445 0.166396 0.0867775 0.0849041 0.0585018 0.162087 0.0805844 0.144171 0.0575671 
0.108602 0.106167 0.0417029 0.11154 0.135768 0.117424 0.0925282 0.180172 0.0665847 0.039511 
0.230072 0.0523338 0.112711 0.0484306 0.108455 0.0100969 0.299545 0.0826438 0.0533591 0.00235271 
0.369047 0.0394834 0.0608592 0.0966245 0.0817369 0.0490411 0.0575667 0.118807 0.0818277 0.0450066 
0.183818 0.0938851 0.141397 0.113992 0.0705753 0.07196 0.0637089 0.0748457 0.0995812 0.0862373 
0.12053 0.121926 0.18572 0.103785 0.166272 0.126688 0.063752 0.0536155 0.0418364 0.0158746 
0.0423883 0.064001 0.166524 0.107822 0.0845845 0.0619976 0.130444 0.150695 0.122211 0.0693319 
0.0953944 0.0920914 0.0685402 0.0318824 0.0743607 0.170886 0.0563337 0.0948575 0.138499 0.177155 
0.0597336 0.0822833 0.210276 0.0515359 0.141087 0.0270668 0.146565 0.118948 0.13923 0.0232736 
0.0494133 0.112027 0.0456395 0.0494561 0.10005 0.0623238 0.284572 0.118225 0.0577547 0.120538 
0.0805671 0.118606 0.0816908 0.115553 0.174504 0.0254212 0.126932 0.0692528 0.0863178 0.121155 
0.144624 0.125466 0.0728421 0.115508 0.131607 0.0717942 0.122347 0.0697141 0.100055 0.0460425 
0.172677 0.126948 0.109099 0.020428 0.00654561 0.197855 0.148692 0.0929987 0.0898005 0.0349567 
0.082476 0.0286476 0.158183 0.0959828 0.171594 0.0440337 0.128498 0.15595 0.00821874 0.126417 
0.061631 0.0608339 0.10723 0.124044 0.0901753 0.0955295 0.0968733 0.129098 0.0931419 0.141443 
0.0763393 0.105566 0.112129 0.0813191 0.107789 0.0890518 0.0828345 0.102149 0.159492 0.0833295 
0.0434843 0.10686 0.187001 0.0718432 0.0440655 0.0727739 0.0999795 0.114255 0.135106 0.124631 
0.214091 0.0660464 0.165016 0.00284495 0.312338 0.04776 0.0587996 0.0301615 0.0407645 0.062178 
0.0930516 0.0987034 0.0431774 0.0896969 0.169445 0.0898076 0.0866318 0.177246 0.0658681 0.0863723 
0.0554767 0.0856938 0.171512 0.124818 0.195054 0.100591 0.0639567 0.0611682 0.0805745 0.0611558 
0.124864 0.159315 0.149305 0.112485 0.100487 0.0858382 0.0642613 0.0625985 0.10862 0.0322257 
0.0881397 0.152536 0.064307 0.162713 0.184138 0.0420177 0.0520691 0.159382 0.0391423 0.0555559 
0.104952 0.0682949 0.0337951 0.236482 0.0556816 0.209614 0.0662519 0.10091 0.0795695 0.0444487 
0.0972448 0.144992 0.151361 0.0340951 0.113846 0.0250125 0.114758 0.140342 0.0932221 0.0851254 
0.0734357 0.0707648 0.115925 0.0688686 0.162833 0.106179 0.145703 0.0510579 0.0605382 0.144695 
0.0582194 0.0839479 0.0932765 0.139894 0.0371066 0.206061 0.0557678 0.083472 0.121066 0.121189 
0.11143 0.0971491 0.0809184 0.0730771 0.108634 0.0863978 0.0618255 0.113784 0.143967 0.122817 
0.0880643 0.0631789 0.0831439 0.0592688 0.132075 0.160804 0.142013 0.0905393 0.0965385 0.0843745 
0.0992876 0.063753 0.0934376 0.153438 0.161988 0.0872137 0.0841354 0.0732186 0.086027 0.0975004 
0.224314 0.0553875 0.086466 0.0368092 0.111375 0.125155 0.0342783 0.0442188 0.256211 0.0257858 
0.0623396 0.0897003 0.0979988 0.134516 0.0656619 0.159975 0.106281 0.0431938 0.185678 0.0546561 
0.083814 0.0598795 0.165265 0.213922 0.0785296 0.0646735 0.0614584 0.074816 0.116475 0.0811673 
0.102251 0.0604989 0.124474 0.0710559 0.055899 0.292025 0.0253243 0.109481 0.116136 0.0428542 
0.0902825 0.119582 0.286661 0.069415 0.0717013 0.0207426 0.074826 0.16886 0.0488892 0.0490406 
0.102898 0.103705 0.19251 0.0407203 0.0302053 0.114382 0.132341 0.0552812 0.130876 0.0970818 
0.0666044 0.0792984 0.180598 0.183714 0.0361143 0.138178 0.0958033 0.0891873 0.0785694 0.0519333 
0.0981343 0.116027 0.190314 0.0623624 0.106574 0.0894217 0.0901701 0.0699537 0.127104 0.0499385 
0.00667329 0.606538 0.00668342 0.0400286 0.00668041 0.0400291 0.0733859 0.00665311 0.140256 0.073073 
0.110252 0.150154 0.0241384 0.0269064 0.368233 0.0977242 0.0818404 0.0334833 0.0386558 0.0686124 
0.0207752 0.0436095 0.0326755 0.248893 0.102403 0.148322 0.102554 0.201925 0.047495 0.0513468 
0.0967838 0.0810746 0.250601 0.106554 0.0372136 0.0910703 0.0955251 0.104151 0.0577037 0.0793226 
0.106493 0.0815334 0.107327 0.0857667 0.140647 0.142326 0.100307 0.0686231 0.0739664 0.0930114 
0.194247 0.0981494 0.0819666 0.0242789 0.093227 0.0843582 0.21893 0.056195 0.112384 0.0362639 
0.230465 0.105137 0.0858296 0.0238986 0.150884 0.113764 0.035128 0.0808853 0.123499 0.0505107 
0.111582 0.0680129 0.137036 0.133031 0.059393 0.0704603 0.108048 0.102443 0.124866 0.0851267 
0.117225 0.047291 0.092371 0.0806077 0.185044 0.252216 0.0498187 0.0802154 0.058106 0.0371059 
0.0366577 0.151906 0.179407 0.0556822 0.126432 0.0470493 0.127351 0.177748 0.0528329 0.0449339 
0.125556 0.151069 0.0523768 0.0951304 0.115364 0.106677 0.0717432 0.0412151 0.105573 0.135295 
0.0559083 0.17077 0.0528646 0.110117 0.196469 0.149824 0.0646216 0.0602951 0.0582494 0.0808794 
0.225409 0.0380571 0.0937915 0.0691894 0.1176 0.0444649 0.150583 0.054907 0.0491874 0.156811 
0.0373967 0.0499141 0.0518643 0.0586004 0.0365781 0.0261413 0.571637 0.105632 0.0289996 0.0332364 
0.133138 0.0434947 0.150025 0.162072 0.06897 0.128351 0.139016 0.0557602 0.0803592 0.0388143 
0.0956094 0.0395724 0.10764 0.0600473 0.0428997 0.170602 0.109569 0.102261 0.221313 0.0504861 
0.0940538 0.0470468 0.120819 0.129336 0.152339 0.0470884 0.134998 0.126159 0.0832208 0.0649396 
0.164215 0.125775 0.12242 0.0274885 0.0867303 0.0770227 0.0909034 0.1215 0.0987335 0.0852116 
0.11612 0.0963664 0.153846 0.0449188 0.106686 0.0646403 0.175624 0.0912231 0.111603 0.0389734 
0.0622024 0.0548133 0.101382 0.12672 0.0714609 0.145446 0.0431474 0.12496 0.0820327 0.187837 
0.0239063 0.0513257 0.0317416 0.0817153 0.0293946 0.141894 0.354285 0.171394 0.047614 0.0667293 
0.0252949 0.0850055 0.0244963 0.0899466 0.0227223 0.105752 0.379427 0.147911 0.0361682 0.0832764 
0.126998 0.137579 0.178327 0.115316 0.0690983 0.069446 0.110929 0.0561406 0.0619128 0.0742528 
0.0381223 0.124108 0.0594013 0.273564 0.0682099 0.127603 0.101752 0.164348 0.0322947 0.0105975 
0.0966734 0.0907774 0.167787 0.155595 0.0312978 0.0459229 0.0920284 0.173257 0.0673225 0.0793386 
0.140572 0.0704359 0.0924981 0.0774774 0.17037 0.0700854 0.057672 0.0988398 0.11509 0.10696 
0.0763765 0.0475373 0.156885 0.122896 0.125789 0.0668391 0.161687 0.0783318 0.0707064 0.0929515 
0.0813398 0.155408 0.0387947 0.0529298 0.0523089 0.130081 0.151133 0.238334 0.0742881 0.025383 
0.0890905 0.137355 0.0438814 0.122023 0.0470916 0.266857 0.107002 0.0291354 0.0755913 0.0819732 
0.11187 0.119329 0.181134 0.0455312 0.0469718 0.110804 0.0873739 0.211143 0.0343708 0.0514723 
0.0879272 0.0369668 0.200413 0.0470287 0.194767 0.136839 0.0191849 0.21893 0.0218168 0.0361267 
0.0083021 0.0997815 0.100281 0.292736 0.0152992 0.256934 0.0347081 0.0911693 0.0591334 0.0416551 
0.0169582 0.153993 0.0846446 0.230175 0.0174203 0.216403 0.0344932 0.086952 0.107103 0.0518576 
0.0427812 0.0686067 0.341558 0.148318 0.124354 0.0367359 0.0548848 0.048565 0.103755 0.0304413 
0.131058 0.0652068 0.11408 0.114713 0.147993 0.163242 0.0389295 0.0416664 0.0635886 0.119522 
0.0616102 0.15129 0.155872 0.14858 0.0457257 0.0942961 0.0643928 0.0622535 0.0965261 0.119453 
0.0345157 0.193261 0.0555623 0.100404 0.0277406 0.0604421 0.0899007 0.190469 0.0501935 0.197511 
0.143253 0.0314348 0.121784 0.0901814 0.0658897 0.0813226 0.0781297 0.194282 0.0941129 0.0996104 
0.0477341 0.0348113 0.150608 0.0930786 0.119001 0.0382532 0.0997958 0.0358948 0.305226 0.0755968 
0.098334 0.0564616 0.0781113 0.0773137 0.115644 0.194474 0.0376843 0.098164 0.112647 0.131166 
0.0341319 0.0388908 0.0469806 0.14266 0.0147638 0.0581022 0.238922 0.295627 0.0204497 0.109472 
0.0681198 0.0793893 0.127704 0.0462437 0.0855301 0.16215 0.224709 0.0180938 0.175558 0.0125027 
0.163783 0.108827 0.0604373 0.0984315 0.0506991 0.116097 0.0883945 0.104951 0.0289916 0.179388 
0.0671272 0.0740865 0.0929431 0.175052 0.130995 0.0846593 0.108216 0.138777 0.0183212 0.109822 
0.0870658 0.232902 0.0384963 0.108012 0.165473 0.0753738 0.0395837 0.105513 0.061427 0.0861535 
0.0604739 0.110002 0.0599687 0.117484 0.0935091 0.126792 0.0801032 0.167655 0.0881988 0.0958131 
0.136385 0.0570561 0.0899178 0.0405866 0.220444 0.100339 0.13149 0.0733758 0.0825316 0.0678736 
0.108932 0.140114 0.086987 0.101522 0.0853672 0.0509894 0.0461386 0.143232 0.168882 0.0678356 
0.0592668 0.120971 0.0222939 0.150405 0.0470712 0.274729 0.0801424 0.207465 0.032212 0.00544416 
0.0568284 0.0995468 0.112334 0.0498574 0.160492 0.095866 0.138055 0.143136 0.0826415 0.0612434 
0.0715433 0.0804543 0.0234875 0.262468 0.088429 0.204752 0.156704 0.00596854 0.0901431 0.01605 
0.0313191 0.122244 0.106905 0.181205 0.0574395 0.0586324 0.11473 0.179738 0.0918112 0.055974 
0.14681 0.0857209 0.0856023 0.0762929 0.076706 0.156563 0.0811817 0.0624955 0.181037 0.0475906 
0.092456 0.0682448 0.0507721 0.0993687 0.181434 0.200049 0.10252 0.0527561 0.121822 0.0305775 
0.0981223 0.0663008 0.107751 0.0873676 0.0923258 0.125732 0.039323 0.0863183 0.222808 0.0739511 
0.0715433 0.0804543 0.0234875 0.262468 0.088429 0.204752 0.156704 0.00596854 0.0901431 0.01605 
0.0427278 0.0357091 0.241802 0.35149 0.0344234 0.0885679 0.0469586 0.0772834 0.0652436 0.0157943 
0.0715433 0.0804543 0.0234875 0.262468 0.088429 0.204752 0.156704 0.00596854 0.0901431 0.01605 
0.0495639 0.121 0.16491 0.230526 0.0728915 0.0742924 0.144268 0.0686457 0.0527839 0.0211177 
0.032464 0.141168 0.100244 0.0800327 0.124606 0.146088 0.0549683 0.187667 0.092427 0.040335 
0.0580233 0.0639696 0.107108 0.158746 0.144767 0.0555594 0.0635308 0.146341 0.0314912 0.170464 
0.0528349 0.204623 0.102557 0.127407 0.0274121 0.185146 0.129398 0.0525211 0.0957745 0.0223266 
0.0400034 0.0867836 0.0803141 0.219477 0.0897491 0.186473 0.109654 0.0474628 0.0878183 0.0522649 
0.0680597 0.135776 0.124785 0.0331227 0.123551 0.089927 0.0976371 0.0844159 0.210016 0.0327098 
0.11535 0.0326652 0.253824 0.192616 0.0257118 0.0526175 0.160177 0.0508848 0.0314171 0.0847358 
0.124646 0.0803102 0.118233 0.075858 0.105991 0.0478984 0.147941 0.0648032 0.0531097 0.181209 
0.0887074 0.0592237 0.106183 0.0990596 0.052985 0.160428 0.0829428 0.102417 0.201064 0.0469895 
0.297233 0.0642399 0.0993062 0.10443 0.073233 0.0378387 0.0215222 0.106593 0.132407 0.0631976 
0.0197168 0.1783 0.0651931 0.292888 0.0326223 0.212979 0.0452495 0.0863406 0.0207752 0.0459352 
0.0934687 0.143858 0.0902247 0.134468 0.115247 0.0973069 0.0547388 0.0850237 0.0961893 0.0894758 
0.100634 0.133643 0.0902231 0.0534659 0.111428 0.0712682 0.134647 0.140895 0.104605 0.0591909 
0.0645842 0.0803597 0.0804164 0.0584989 0.110596 0.133136 0.0865568 0.131002 0.217205 0.0376453 
0.047718 0.10137 0.0268003 0.111765 0.17103 0.0740839 0.146749 0.137158 0.0283196 0.155005 
0.0533059 0.0356841 0.117642 0.223897 0.0968563 0.170617 0.0972889 0.0191429 0.0561531 0.129413 
0.0769831 0.143601 0.0846645 0.199747 0.0771124 0.113526 0.0445244 0.113058 0.0770002 0.0697827 
0.137589 0.0870307 0.0984254 0.139095 0.0726762 0.139176 0.0658814 0.138332 0.068137 0.0536569 
0.107421 0.0760678 0.0992679 0.0371701 0.227645 0.0947267 0.101428 0.096641 0.0693368 0.0902955 
0.0481862 0.103425 0.0758533 0.202874 0.0437767 0.176862 0.0388458 0.125962 0.119071 0.0651458 
0.0675321 0.0457932 0.0996425 0.0325376 0.0348699 0.469251 0.0951797 0.0804235 0.0192097 0.0555605 
0.0638056 0.091716 0.0436824 0.0851861 0.0422588 0.123652 0.3083 0.0998254 0.0594351 0.082139 
0.100173 0.103703 0.0628013 0.145756 0.0305899 0.260965 0.11269 0.0612958 0.100426 0.0216012 
0.0736568 0.0597629 0.0436252 0.10688 0.105112 0.0963915 0.26872 0.115486 0.0758584 0.0545069 
0.0532606 0.16022 0.0651267 0.119743 0.124149 0.0942131 0.0760757 0.0581262 0.174011 0.0750735 
0.0805915 0.0781762 0.0735155 0.0576201 0.0978027 0.0641598 0.102821 0.0794498 0.201045 0.164818 
0.137503 0.0873202 0.0581534 0.108618 0.0907634 0.0670673 0.134551 0.0606866 0.0760501 0.179286 
0.0238888 0.0610378 0.234028 0.0431622 0.0376746 0.0975498 0.237245 0.216898 0.0269245 0.0215914 
0.0438142 0.0874872 0.142885 0.052973 0.141404 0.117644 0.0493763 0.16103 0.0257986 0.177589 
0.0850835 0.0899164 0.0675871 0.0712358 0.113933 0.0730317 0.0367099 0.135619 0.167518 0.159366 
0.193334 0.0424169 0.125779 0.0693527 0.181438 0.194998 0.0567869 0.0302167 0.0930183 0.0126597 
0.021601 0.0142958 0.159411 0.228939 0.19443 0.088193 0.079823 0.110931 0.0790478 0.0233287 
0.114698 0.0268174 0.102957 0.138878 0.0867673 0.105496 0.0695743 0.123413 0.0295587 0.201841 
0.0877903 0.0813624 0.0726815 0.136888 0.0726035 0.258374 0.0576857 0.0797649 0.0804456 0.0724042 
0.0828329 0.0259727 0.0272772 0.251505 0.0804806 0.0674129 0.0656462 0.236642 0.0971802 0.0650503 
0.052802 0.122891 0.176694 0.173011 0.0971632 0.176462 0.0603457 0.066149 0.0275703 0.0469114 
0.116385 0.123033 0.0485442 0.22331 0.117064 0.0849215 0.0591075 0.0258296 0.140992 0.0608128 
0.00130522 0.010228 0.0971841 0.420176 0.130274 0.0373184 0.155727 0.076721 0.0693564 0.00171006 
0.0865607 0.0653599 0.199308 0.139183 0.0671319 0.0919198 0.155263 0.0549859 0.0584821 0.081806 
0.106105 0.0832475 0.0668462 0.153793 0.101135 0.0569114 0.0481921 0.0567944 0.19622 0.130755 
0.0542708 0.0987749 0.113145 0.202297 0.0571011 0.114745 0.0883261 0.0921991 0.0868085 0.0923337 
0.0638055 0.244299 0.0396537 0.144226 0.0194098 0.0808557 0.096516 0.0758721 0.0491507 0.186212 
0.129734 0.0815847 0.0963552 0.0930881 0.107335 0.08693 0.0614962 0.134331 0.121378 0.0877686 
0.148057 0.191691 0.0416555 0.0158706 0.0149067 0.370073 0.134029 0.0271853 0.0286304 0.0279018 
0.115932 0.104123 0.113792 0.0689461 0.048322 0.124799 0.190365 0.0675589 0.075275 0.0908881 
0.047469 0.0591493 0.148404 0.0705281 0.094578 0.121627 0.064901 0.131013 0.10328 0.159049 
0.106824 0.262068 0.064674 0.0155121 0.0949611 0.0163812 0.1422 0.0210129 0.0484068 0.227959 
0.205518 0.0301552 0.0613489 0.0937925 0.168808 0.0531233 0.0270323 0.124154 0.0305739 0.205493 
0.0460729 0.00367183 0.00196727 0.0289134 0.0724946 0.14048 0.259733 0.350498 0.0516972 0.0444708 
0.114698 0.0268174 0.102957 0.138878 0.0867673 0.105496 0.0695743 0.123413 0.0295587 0.201841 
0.0503962 0.0925243 0.207659 0.087394 0.0822539 0.095383 0.0816652 0.155344 0.0798348 0.0675455 
0.14819 0.103097 0.210284 0.161172 0.0804059 0.0794146 0.0753849 0.0180386 0.0700121 0.0540004 
0.104163 0.0886442 0.0368679 0.322232 0.0587709 0.05681 0.0619263 0.11255 0.119196 0.03884 
0.0411791 0.150609 0.15214 0.172323 0.0774756 0.0704589 0.0610359 0.0473427 0.149679 0.0777571 
0.0586829 0.0459665 0.0583377 0.136214 0.0352731 0.0306861 0.281398 0.0624338 0.166218 0.124791 
0.194198 0.0807182 0.119611 0.0511595 0.129591 0.0793258 0.0903467 0.0595289 0.123329 0.0721917 
0.0496229 0.0651284 0.0841151 0.0602518 0.124745 0.118636 0.0769451 0.240731 0.128195 0.0516302 
0.0676572 0.108119 0.0700337 0.182793 0.0435898 0.167154 0.219087 0.0607163 0.0468851 0.0339658 
0.0750979 0.0542013 0.124357 0.19058 0.0255339 0.100799 0.218376 0.112266 0.0724587 0.0263306 
0.0588189 0.129099 0.0782213 0.1816 0.0386131 0.096184 0.285565 0.0645467 0.028874 0.038478 
0.0258063 0.108517 0.0324053 0.204492 0.027245 0.0804931 0.177314 0.0528643 0.150622 0.140241 
0.0503192 0.0377065 0.0861193 0.0657747 0.106523 0.0792044 0.0431804 0.343312 0.152452 0.0354084 
0.0172355 0.0778223 0.0486055 0.30901 0.0254771 0.0964745 0.219495 0.0330699 0.0561082 0.116702 
0.135502 0.0533058 0.0738793 0.159089 0.194773 0.0603372 0.13564 0.0564184 0.0701167 0.0609389 
0.158548 0.0728347 0.085142 0.0562198 0.151263 0.0756734 0.0525454 0.0610201 0.228402 0.0583513 
0.0564145 0.114226 0.07923 0.0966415 0.134273 0.041728 0.0661127 0.0752495 0.246482 0.0896423 
0.0902079 0.0606894 0.0982406 0.081004 0.0961962 0.178351 0.0441782 0.0716997 0.171169 0.108264 
0.0929568 0.0915748 0.127611 0.136399 0.0980213 0.145985 0.0845458 0.123203 0.060455 0.0392483 
0.0483342 0.104795 0.138971 0.158704 0.101155 0.147437 0.0329587 0.0574949 0.0869779 0.123173 
0.305847 0.128396 0.0733615 0.0916316 0.0386396 0.107821 0.036048 0.103243 0.0360032 0.0790088 
0.0465665 0.170379 0.0686278 0.123697 0.176395 0.0412971 0.0771871 0.0497729 0.141715 0.104362 
0.0383341 0.0854386 0.137021 0.0975896 0.0682373 0.0787416 0.0597012 0.238041 0.0382255 0.15867 
0.110876 0.00767929 0.180191 0.215555 0.00466287 0.203437 0.0230621 0.105105 0.033323 0.116109 
0.0646761 0.0602674 0.119783 0.13479 0.0141096 0.0633773 0.0630241 0.455883 0.0125206 0.0115688 
0.00127046 0.171624 0.241814 0.167523 0.0968263 0.033092 0.165971 0.0119821 0.032726 0.0771716 
0.23545 0.101177 0.0378892 0.266582 0.0390874 0.0571079 0.0304137 0.078799 0.0656798 0.0878149 
0.137082 0.0474224 0.0765275 0.238432 0.0392767 0.141332 0.0571484 0.131623 0.0876959 0.0434609 
0.30359 0.0818318 0.0537115 0.0250905 0.00736423 0.0525741 0.0414237 0.00683935 0.197732 0.229843 
0.113238 0.0941669 0.079166 0.178552 0.134478 0.0575486 0.0947556 0.0359473 0.108383 0.103764 
0.0568957 0.209209 0.0662448 0.200495 0.0601646 0.0500905 0.0805057 0.116116 0.0983798 0.0618995 
0.0514385 0.0384292 0.0735112 0.193899 0.0678925 0.168995 0.105949 0.153578 0.0853581 0.0609499 
0.099654 0.0581154 0.099568 0.159633 0.0360632 0.190546 0.029635 0.117 0.171306 0.0384795 
0.0327583 0.0896891 0.0736386 0.0472957 0.197279 0.095918 0.122699 0.0313692 0.0702773 0.239075 
0.0320169 0.13533 0.0670191 0.0982524 0.164713 0.129632 0.0438362 0.0652085 0.0763724 0.18762 
0.0724671 0.026713 0.0445509 0.245456 0.0806871 0.0729666 0.0556726 0.244104 0.0980239 0.0593589 
0.063027 0.0859227 0.0611529 0.0771999 0.176441 0.0490557 0.222117 0.0479189 0.121475 0.09569 
0.129039 0.0486736 0.100157 0.204542 0.119621 0.0125504 0.196306 0.0648523 0.0425858 0.0816718 
0.0571611 0.127586 0.101266 0.017507 0.13276 0.294876 0.0704911 0.11005 0.0712095 0.017094 
0.0696722 0.118674 0.0641884 0.210696 0.133753 0.0560153 0.0662999 0.0371367 0.154588 0.088977 
0.0632576 0.069937 0.0603046 0.160679 0.177781 0.18189 0.0638575 0.0987426 0.0320732 0.0914767 
0.147589 0.0471156 0.102795 0.10073 0.0879453 0.0645785 0.09173 0.054212 0.201584 0.10172 
0.00547889 0.00702429 0.0049263 0.0191116 0.0102555 0.0465671 0.107523 0.626945 0.0473317 0.124837 
0.0562346 0.116866 0.106392 0.204312 0.0701913 0.0728699 0.0666199 0.101943 0.0751903 0.129381 
0.0145514 0.0395116 0.0615354 0.226093 0.00563164 0.0982736 0.108761 0.16776 0.245693 0.0321894 
0.12262 0.0522916 0.0526855 0.131751 0.11275 0.21175 0.0491917 0.164841 0.0481372 0.0539809 
0.0883812 0.0348616 0.0742283 0.112626 0.0523208 0.25215 0.100728 0.145727 0.100863 0.0381156 
0.128166 0.0994107 0.094347 0.218136 0.0357095 0.0726967 0.170603 0.0483733 0.0996065 0.0329511 
0.166502 0.0597284 0.157296 0.0613848 0.0932104 0.0611829 0.080967 0.0559505 0.143911 0.119867 
0.0557216 0.0272211 0.0915222 0.167254 0.144867 0.0946435 0.107388 0.0759512 0.166157 0.0692752 
0.152669 0.0695389 0.0654272 0.061686 0.0881828 0.131116 0.0997059 0.0845693 0.130691 0.116414 
0.0869975 0.297164 0.0112452 0.0514332 0.0869656 0.0633404 0.0879822 0.0512551 0.204774 0.058842 
0.150855 0.0507277 0.0508152 0.0801536 0.0454538 0.368647 0.103644 0.0506319 0.0460915 0.0529804 
0.0650716 0.0864504 0.132651 0.115457 0.119154 0.0797404 0.128473 0.123209 0.0752476 0.0745458 
0.0916369 0.100104 0.207677 0.100656 0.149916 0.124977 0.0434575 0.0451366 0.102604 0.0338341 
0.0856377 0.0415552 0.0837534 0.0948352 0.0987419 0.155245 0.0496279 0.113315 0.183761 0.0935271 
0.0655824 0.0658136 0.0872016 0.0713797 0.100162 0.121798 0.187375 0.0321396 0.130902 0.137646 
0.0875688 0.104244 0.0647976 0.228529 0.0369417 0.176605 0.0351252 0.0602774 0.144035 0.0618765 
0.104891 0.0941174 0.0633564 0.0704868 0.0555123 0.0963857 0.0578883 0.0875068 0.336552 0.0333031 
0.058779 0.164391 0.044577 0.23222 0.0888444 0.0534277 0.0633747 0.0598745 0.159596 0.0749159 
0.0665554 0.0339432 0.107819 0.092225 0.0735636 0.0872913 0.180938 0.210253 0.112061 0.0353507 
0.00642108 0.00664504 0.0303673 0.00647318 0.00622451 0.00647129 0.312891 0.53201 0.0279682 0.0645282 
0.155091 0.083766 0.103532 0.0580314 0.119995 0.0808367 0.0905454 0.0502671 0.166577 0.0913592 
0.0984242 0.0734953 0.167133 0.123373 0.0495389 0.0761053 0.17413 0.0526945 0.135098 0.0500083 
0.082549 0.123625 0.0327355 0.164178 0.113088 0.14055 0.0750206 0.0980753 0.119173 0.0510064 
0.0508709 0.152236 0.04534 0.243817 0.0737058 0.205712 0.0395012 0.0925519 0.0403305 0.0559341 
0.044287 0.119667 0.0674084 0.149099 0.0776531 0.0794116 0.0370459 0.32741 0.0559675 0.0420511 
0.171071 0.0471032 0.0518023 0.0177938 0.148741 0.118662 0.0458853 0.252519 0.0957425 0.0506796 
0.0461024 0.0412067 0.0675284 0.402926 0.0662774 0.154196 0.0542173 0.100097 0.024245 0.0432035 
0.056551 0.0991056 0.130652 0.0182418 0.0484839 0.148482 0.0508676 0.296725 0.0716126 0.0792787 
0.0604568 0.27208 0.0352833 0.0443342 0.100361 0.0921023 0.104934 0.0422741 0.0433857 0.204788 
0.0243341 0.117728 0.166726 0.0474038 0.178211 0.186877 0.0686753 0.0730983 0.0842923 0.0526544 
0.0665628 0.0676926 0.0757397 0.100448 0.0994115 0.227624 0.0777875 0.162046 0.0691203 0.0535675 
0.0540124 0.0353937 0.0595853 0.226741 0.257102 0.130735 0.112402 0.0782543 0.0219343 0.0238395 
0.0574766 0.116499 0.0995144 0.110316 0.0527185 0.0867739 0.120931 0.129067 0.0891522 0.137551 
0.117841 0.0205736 0.0948014 0.151491 0.133729 0.0558237 0.08378 0.133555 0.0669095 0.141495 
0.0404686 0.0732387 0.0278927 0.293005 0.0349951 0.142826 0.153439 0.140808 0.0178319 0.0754959 
0.053546 0.141981 0.254831 0.0873722 0.0542509 0.074593 0.167545 0.0745518 0.0517956 0.0395331 
0.159051 0.0690513 0.0697749 0.10193 0.039816 0.128415 0.106565 0.214905 0.0540156 0.0564751 
0.0735214 0.182644 0.0522345 0.162532 0.18196 0.150405 0.0426474 0.0925328 0.041084 0.0204392 
0.025567 0.0790927 0.0930801 0.18888 0.144409 0.0867366 0.203978 0.0482044 0.0730661 0.0569865 
0.0691013 0.123748 0.239559 0.036968 0.0962352 0.0373156 0.0383053 0.0728976 0.117636 0.168233 
0.0852022 0.0738186 0.0669939 0.17161 0.16956 0.102864 0.0855785 0.064646 0.0614196 0.118307 
0.0680586 0.0886804 0.185692 0.0410917 0.111488 0.140902 0.144488 0.0339699 0.147786 0.0378441 
0.0520546 0.0546491 0.061872 0.143954 0.0843006 0.0362382 0.0816508 0.254653 0.117087 0.11354 
0.199048 0.00767977 0.0414804 0.0730912 0.112802 0.300996 0.0249958 0.142268 0.0536984 0.0439396 
0.0825589 0.116932 0.0743341 0.09225 0.165836 0.0763223 0.119812 0.108183 0.0309487 0.132823 
0.137321 0.0422674 0.343803 0.093028 0.0421326 0.0942755 0.0478628 0.0641356 0.0907033 0.0444706 
0.0929109 0.154833 0.0896705 0.0763035 0.0965814 0.0834777 0.0487825 0.0704172 0.16204 0.124984 
0.0434801 0.0512914 0.102332 0.127138 0.0509034 0.245443 0.0702922 0.223023 0.0353703 0.0507268 
0.0573945 0.0551617 0.19988 0.0593812 0.0971837 0.0658501 0.146214 0.155318 0.0436498 0.119968 
0.0488504 0.240474 0.0915075 0.163393 0.0179606 0.126403 0.0778001 0.0907701 0.0236891 0.119152 
0.0305313 0.199625 0.0544628 0.182889 0.0146136 0.137523 0.154174 0.094196 0.0555346 0.0764503 
0.191867 0.0540696 0.096901 0.12035 0.0406793 0.291167 0.0294928 0.0686618 0.0901394 0.0166723 
0.0817715 0.0909324 0.0972409 0.117513 0.0964214 0.0449429 0.141246 0.122183 0.14673 0.061018 
