0.115758 0.0838941 0.0676707 0.100679 0.0659428 0.178928 0.0901833 0.12213 0.011938 0.0705202 0.0923557 
0.113014 0.122835 0.0996374 0.0466174 0.127695 0.119323 0.123491 0.0409036 0.0395231 0.0951375 0.0718225 
0.142261 0.0642917 0.100317 0.154937 0.0458011 0.108368 0.0585481 0.0572193 0.0336431 0.0791719 0.155441 
0.0841415 0.0389317 0.122064 0.22937 0.0463961 0.109424 0.117905 0.0399564 0.0400101 0.0666231 0.105178 
0.0745406 0.0964092 0.0866853 0.0687657 0.0577715 0.0777762 0.0615571 0.0593116 0.0508534 0.28403 0.0822992 
0.132971 0.0506717 0.030538 0.0221273 0.0424253 0.112248 0.173365 0.0740659 0.103668 0.213912 0.0440081 
0.194281 0.0400257 0.0149904 0.0328078 0.11112 0.124342 0.166234 0.108932 0.0481989 0.132367 0.0267022 
0.0944788 0.23697 0.108586 0.0368274 0.0860345 0.0668665 0.0573131 0.0403701 0.116772 0.101891 0.0538898 
0.146238 0.0686948 0.168243 0.0929946 0.155575 0.0956751 0.0799597 0.0430418 0.0131741 0.0606408 0.0757629 
0.086318 0.0475413 0.193448 0.0700481 0.149958 0.0991896 0.0795962 0.037001 0.0748801 0.0272237 0.134795 
0.301692 0.00714722 0.074208 0.0772829 0.00700052 0.00667637 0.497007 0.00721327 0.00761447 0.00704691 0.00711137 
0.0844659 0.0798385 0.146701 0.0744986 0.0988926 0.214614 0.0721093 0.0531879 0.0502463 0.0739355 0.0515103 
0.0967393 0.085785 0.136615 0.170165 0.0804145 0.221261 0.0475274 0.0148408 0.00968036 0.0820893 0.0548823 
0.0432493 0.0975015 0.365875 0.0737273 0.0828285 0.0578738 0.0496847 0.0976235 0.0289982 0.0561716 0.0464664 
0.0396766 0.328964 0.0313247 0.0893441 0.0825216 0.226409 0.0576999 0.0613419 0.00822914 0.0675476 0.00694088 
0.10831 0.0657791 0.209391 0.133958 0.037782 0.0451243 0.0521764 0.0333083 0.120742 0.0746176 0.118812 
0.0207323 0.107278 0.434488 0.013412 0.0855708 0.0179513 0.130072 0.0516758 0.00913192 0.046495 0.0831932 
0.111054 0.0339481 0.119057 0.0983568 0.14114 0.0602333 0.0991424 0.0423202 0.154534 0.106765 0.0334488 
0.0652464 0.0780185 0.312463 0.0409962 0.115625 0.0705517 0.0656733 0.0685709 0.0946134 0.0209728 0.067269 
0.0380575 0.113791 0.097735 0.227343 0.0474713 0.059047 0.0445982 0.202239 0.0108739 0.127795 0.0310494 
0.104733 0.0118594 0.113814 0.0937792 0.11436 0.136338 0.0505766 0.0975018 0.0892503 0.0327268 0.155061 
0.0961253 0.0859703 0.0942129 0.243986 0.0355068 0.0949951 0.144442 0.0636589 0.0269675 0.0525137 0.0616216 
0.170208 0.0593587 0.11106 0.127456 0.0443066 0.128104 0.0669692 0.0691592 0.0358715 0.10117 0.0863366 
0.0865269 0.118718 0.0825446 0.126071 0.15007 0.0493519 0.131186 0.077648 0.035482 0.0629614 0.0794407 
0.18235 0.157186 0.105066 0.0556243 0.0430771 0.1257 0.0533416 0.0281177 0.0324099 0.057167 0.15996 
0.112892 0.115338 0.0911048 0.166334 0.049182 0.149291 0.0895515 0.0895314 0.033538 0.0459873 0.0572513 
0.118101 0.0910023 0.117848 0.147785 0.0629586 0.0689878 0.110843 0.0575638 0.0245008 0.140726 0.0596841 
0.0726968 0.069738 0.163763 0.134642 0.0862102 0.0592078 0.0726699 0.0509634 0.0550816 0.168846 0.0661808 
0.0205848 0.0305906 0.105315 0.0585273 0.121134 0.255368 0.0341193 0.0701369 0.0507971 0.0592086 0.194219 
0.0298165 0.176125 0.0243456 0.0956925 0.195993 0.108479 0.0537114 0.0976943 0.0665048 0.0714571 0.0801813 
0.147129 0.0680918 0.0987902 0.109293 0.0589313 0.117895 0.15979 0.066908 0.0508401 0.0953462 0.0269856 
0.0523483 0.213897 0.0168474 0.180447 0.257078 0.0357449 0.0381841 0.0334633 0.0831637 0.0318273 0.056999 
0.113115 0.0712432 0.138372 0.0827541 0.0710277 0.116001 0.115796 0.0529494 0.0590893 0.102939 0.0767134 
0.100988 0.113402 0.0510773 0.0707479 0.0403189 0.130711 0.0650162 0.0876639 0.0643716 0.05485 0.220854 
0.194842 0.150424 0.0453434 0.146783 0.0241821 0.0239214 0.0918801 0.0901608 0.0646039 0.0666768 0.101182 
0.0378128 0.119558 0.0275231 0.0472283 0.219352 0.0171369 0.128314 0.135441 0.0426523 0.11026 0.114722 
0.0700088 0.0591446 0.228853 0.10953 0.120688 0.0640728 0.0353619 0.128566 0.0168131 0.0580388 0.108923 
0.439397 0.455332 0.000828892 0.0569736 0.0395669 0.00423828 0.000143348 0.00162485 0.00015593 0.000865842 0.000873765 
0.143119 0.106018 0.0804906 0.0768835 0.131922 0.0902738 0.0708052 0.027441 0.108015 0.0846935 0.0803382 
0.0330746 0.031105 0.328556 0.0755424 0.0385093 0.129263 0.129265 0.0224576 0.0548526 0.0234642 0.133911 
0.0811955 0.0598569 0.0726153 0.161688 0.0714624 0.0752519 0.102919 0.0422277 0.140465 0.124487 0.0678312 
0.0171639 0.239714 0.0690085 0.0759916 0.0240831 0.0711488 0.0461911 0.0330611 0.203607 0.0764273 0.143604 
0.083458 0.0885822 0.137679 0.0914685 0.125701 0.081228 0.149725 0.0602603 0.0307089 0.0677809 0.0834093 
0.083458 0.0885822 0.137679 0.0914685 0.125701 0.081228 0.149725 0.0602603 0.0307089 0.0677809 0.0834093 
0.1019 0.0575074 0.191414 0.0541182 0.131583 0.0946086 0.131673 0.0460274 0.00805599 0.11126 0.0718528 
0.0412871 0.07011 0.0475638 0.201672 0.0741676 0.143386 0.166606 0.0816983 0.0181698 0.117556 0.0377828 
0.0280412 0.0508777 0.308307 0.0399814 0.176797 0.134622 0.0396351 0.0728758 0.0329126 0.033965 0.0819848 
0.0916211 7.08285e-05 0.00650914 0.0309892 0.151212 0.129773 0.0651826 0.00137117 0.149038 0.0238134 0.35042 
0.0310363 0.0384478 0.0542491 0.030502 0.0849926 0.123546 0.0381414 0.430493 0.102429 0.0419931 0.0241694 
0.0540875 0.0438502 0.0648957 0.129717 0.173952 0.108791 0.143763 0.0175792 0.00554278 0.0905391 0.167283 
0.166941 0.021523 0.128678 0.0349581 0.0773518 0.208613 0.069943 0.036783 0.0668543 0.103924 0.0844303 
0.0751418 0.0398477 0.203969 0.131119 0.0401189 0.111884 0.118576 0.0578692 0.0474457 0.110436 0.0635916 
0.0524072 0.135423 0.0730327 0.0478623 0.132144 0.0800197 0.105891 0.051158 0.0525505 0.142951 0.126561 
0.129648 0.117293 0.0615178 0.0822165 0.0777446 0.141596 0.118045 0.0674671 0.0305778 0.0426759 0.131218 
0.0844449 0.0859939 0.0955238 0.0965963 0.0555743 0.10465 0.0696772 0.0603602 0.245236 0.0665957 0.0353473 
0.168147 0.271609 0.0207713 0.0138809 0.142379 0.0324269 0.090632 0.0143172 0.118761 0.096601 0.0304742 
0.0177595 0.106926 0.0741917 0.096313 0.133605 0.078737 0.0428867 0.0823878 0.167407 0.0570972 0.142689 
0.0106681 0.199469 0.172438 0.0518167 0.0934045 0.0320687 0.00716825 0.0147903 0.211341 0.0460778 0.160758 
0.0658905 0.0368741 0.0663991 0.0481105 0.0484351 0.0365824 0.0641773 0.326034 0.0220208 0.0373285 0.248148 
0.0773685 0.134245 0.0703754 0.0181854 0.0260848 0.245042 0.16143 0.123603 0.0259698 0.05872 0.058976 
0.0629184 0.0315967 0.0963418 0.0495352 0.0625269 0.028091 0.0501919 0.310106 0.0474021 0.0365114 0.224779 
0.115023 0.122617 0.0479325 0.0698913 0.150867 0.118412 0.145607 0.0615986 0.066897 0.0822348 0.0189203 
0.0207712 0.0484133 0.071783 0.0501819 0.144513 0.141074 0.0924077 0.105935 0.135149 0.105082 0.0846896 
0.116983 0.0701907 0.0286497 0.057318 0.0546768 0.0198774 0.0315381 0.122666 0.301447 0.0866657 0.109988 
0.0837056 0.0675901 0.0413175 0.100186 0.0892868 0.146222 0.08387 0.046283 0.0530225 0.207742 0.0807749 
0.0734569 0.0256998 0.0398654 0.163408 0.0384673 0.0315467 0.11468 0.183841 0.217354 0.0779743 0.0337055 
0.0595793 0.0602646 0.0326179 0.129987 0.0456522 0.090757 0.0926749 0.175722 0.222356 0.062691 0.0276977 
0.00411325 0.150048 0.0412323 0.253493 0.00385577 0.00249897 0.0483865 0.0179758 0.203357 0.229181 0.0458579 
0.0460841 0.0808798 0.12398 0.0812592 0.106164 0.202278 0.0378127 0.0580812 0.0834881 0.105252 0.0747216 
0.0453886 0.252249 0.12664 0.0269917 0.0737017 0.101958 0.0251187 0.0417346 0.112918 0.0853854 0.107914 
0.0549344 0.0198077 0.0524911 0.516484 0.0299216 0.128549 0.125417 0.00888679 0.00657449 0.0123594 0.0445751 
0.0666673 0.0673393 0.17344 0.182413 0.0400604 0.0423711 0.0736968 0.0516111 0.0586011 0.071195 0.172606 
0.0796367 0.060334 0.163405 0.0587176 0.17269 0.0865448 0.0967411 0.13842 0.0235835 0.0674723 0.0524553 
0.131116 0.114499 0.0610731 0.049041 0.0789922 0.0342325 0.0493691 0.00494126 0.244045 0.0713619 0.16133 
0.0485331 0.0484131 0.152967 0.110485 0.0964615 0.0654805 0.0858193 0.0730944 0.0335028 0.108749 0.176495 
0.104411 0.0921874 0.0360632 0.0692847 0.0685466 0.0474967 0.0743468 0.187227 0.0689318 0.136476 0.115029 
0.0755602 0.0342815 0.074998 0.0600279 0.0512143 0.0558725 0.28795 0.254955 0.0350653 0.0460863 0.0239884 
0.059227 0.095099 0.112208 0.105752 0.0761188 0.0738259 0.132364 0.221191 0.0195633 0.0598116 0.0448394 
0.0507569 0.126606 0.0561999 0.127938 0.0549833 0.184265 0.0741374 0.0409853 0.0483539 0.0905477 0.145227 
0.0378292 0.0882828 0.105249 0.0435813 0.10926 0.0504178 0.102693 0.0614331 0.196382 0.0672013 0.13767 
0.0169123 0.150786 0.0669889 0.0478603 0.0577342 0.136883 0.0767113 0.143805 0.030443 0.114264 0.157611 
0.111545 0.0444755 0.0333798 0.0985648 0.158251 0.11219 0.113957 0.0425065 0.0590178 0.107716 0.118397 
0.134068 0.159726 0.112028 0.0705598 0.078894 0.158244 0.0882934 0.056527 0.0524201 0.0463692 0.0428708 
0.0483253 0.0231957 0.0450586 0.0238799 0.0439655 0.0423562 0.0718691 0.337075 0.0485154 0.0427276 0.273032 
0.0532493 0.0159196 0.0489375 0.0249937 0.0377569 0.0448345 0.0745493 0.306039 0.0464279 0.03395 0.313342 
0.119459 0.162919 0.252481 0.0433933 0.0254988 0.0761205 0.0900408 0.047018 0.0565021 0.0714804 0.0550873 
0.116359 0.171134 0.0998165 0.0642976 0.0427223 0.0977655 0.158845 0.108889 0.0612683 0.0380363 0.040866 
0.0236254 0.115554 0.0634361 0.273307 0.0455536 0.0496899 0.0392497 0.156692 0.0542644 0.0693519 0.109276 
0.126778 0.0881462 0.22687 0.134175 0.0470172 0.0872824 0.136122 0.0419204 0.035033 0.0474028 0.0292529 
0.132144 0.116523 0.140139 0.146624 0.0113885 0.0826463 0.0842613 0.145621 0.0227844 0.00380003 0.114068 
0.0133181 0.0181843 0.165341 0.00150233 0.00168436 0.0868581 0.00135109 0.0111918 0.603545 0.0542469 0.0427766 
0.023663 0.16761 0.0717261 0.051783 0.0394678 0.0569406 0.0319981 0.116117 0.0464882 0.0835784 0.310629 
0.0944097 0.0917011 0.0865558 0.090142 0.0898189 0.0856598 0.0898132 0.0925485 0.097696 0.0904141 0.0912411 
0.108392 0.0560004 0.0386222 0.0802862 0.07191 0.196945 0.0485235 0.049367 0.0777308 0.100733 0.17149 
0.0733318 0.0764428 0.0893117 0.157091 0.0316062 0.0963183 0.0560144 0.135049 0.0820769 0.0933049 0.109452 
0.0887711 0.174117 0.0368723 0.221514 0.0378098 0.0688857 0.0802642 0.064809 0.0383314 0.113019 0.0756066 
0.0857295 0.0763368 0.139713 0.107524 0.0945929 0.110644 0.0564485 0.0677848 0.0355683 0.123324 0.102334 
0.122931 0.0134332 0.0346132 0.093678 0.0526712 0.0495028 0.228651 0.0772275 0.100648 0.142067 0.0845772 
0.0745603 0.0626016 0.00828282 0.0867706 0.0376567 0.0725845 0.047358 0.115731 0.231459 0.126984 0.136012 
0.0482148 0.130231 0.182643 0.224338 0.0588386 0.0632065 0.034611 0.038194 0.0829866 0.0845864 0.0521497 
0.0526087 0.0837968 0.0700912 0.072549 0.0537442 0.233597 0.272038 0.0831677 0.0175695 0.0304825 0.0303563 
0.132262 0.0943657 0.272467 0.039949 0.0552625 0.0618918 0.0792213 0.0820282 0.0267867 0.11366 0.0421047 
0.0511379 0.0678375 0.175201 0.0484755 0.103256 0.0817641 0.0750132 0.12645 0.0818767 0.0810132 0.107975 
0.0763001 0.0611846 0.0170814 0.000847103 0.110573 0.0370291 0.37643 0.0443556 0.12027 0.0135946 0.142334 
0.00923442 0.00745819 0.00810129 0.0104754 0.706594 0.011596 0.0750498 0.00383803 0.00319028 0.158686 0.00577716 
0.0623299 0.0630066 0.0784048 0.182746 0.0625225 0.0221205 0.183225 0.0590968 0.156336 0.110327 0.0198848 
0.0333118 0.169152 0.0971312 0.0339229 0.0124297 0.012528 0.0130228 0.0543915 0.461666 0.0157234 0.0967209 
0.041402 0.030497 0.0692841 0.0325282 0.144011 0.0291834 0.111178 0.363433 0.0434801 0.0491553 0.0858482 
0.0652933 0.0870296 0.125342 0.148261 0.0989658 0.0540554 0.0789433 0.0733357 0.0458002 0.132523 0.0904511 
0.0389466 0.0530452 0.0539165 0.0503988 0.0695092 0.0398182 0.177016 0.106692 0.167984 0.0861236 0.15655 
0.0647846 0.0537927 0.111413 0.128231 0.111973 0.0700997 0.120317 0.0634202 0.0567467 0.102007 0.117215 
0.0908143 0.0823858 0.036168 0.146446 0.184747 0.102188 0.118878 0.0309218 0.043753 0.0731894 0.0905082 
0.0196614 0.0928464 0.0818977 0.106815 0.109751 0.0895947 0.112942 0.0523253 0.0794507 0.182526 0.0721899 
0.210189 0.0619594 0.103252 0.0621126 0.100549 0.0805334 0.0774278 0.0670116 0.11329 0.0338126 0.089862 
0.14629 0.0966771 0.0767694 0.079519 0.0493675 0.0586095 0.105425 0.199263 0.0720332 0.042488 0.0735581 
0.0315507 0.0815719 0.203286 0.106161 0.0683517 0.0737541 0.159243 0.0893076 0.0616965 0.0798698 0.0452078 
0.0377558 0.120713 0.105447 0.0924001 0.0712586 0.156022 0.0803459 0.0619122 0.124465 0.0737663 0.0759144 
0.147874 0.110126 0.109654 0.0748481 0.0760099 0.0970866 0.104208 0.0739511 0.093418 0.0766865 0.0361374 
0.107048 0.111353 0.0334538 0.0716977 0.00931966 0.159335 0.071366 0.0482528 0.0860114 0.0225018 0.27966 
0.0111304 0.221263 0.0546823 0.0852909 0.136266 0.113444 0.121251 0.074261 0.0308395 0.0497265 0.101846 
0.067561 0.0754785 0.0681295 0.112814 0.0663653 0.165561 0.0661876 0.056297 0.0527792 0.18406 0.0847663 
0.0213131 0.030827 0.0782886 0.0895546 0.0960102 0.0588307 0.104733 0.133705 0.0262277 0.13362 0.226891 
0.0245207 0.143749 0.0884186 0.0697291 0.066249 0.115189 0.200475 0.0504759 0.0516452 0.0680546 0.121494 
0.0455488 0.0370872 0.0758449 0.11318 0.0555871 0.0773804 0.0255742 0.102643 0.086338 0.184586 0.196231 
0.0277738 0.0732676 0.0441971 0.304315 0.0644064 0.10362 0.0295756 0.0310414 0.228017 0.0655672 0.0282185 
0.0483839 0.0824466 0.125702 0.14472 0.0672072 0.0832352 0.0924228 0.029732 0.147141 0.107835 0.0711742 
0.115894 0.0263819 0.0352397 0.227718 0.0636738 0.0538235 0.0807076 0.0470014 0.11785 0.085082 0.146628 
0.0566627 0.149098 0.00615645 0.141153 0.00580635 0.0633703 0.22038 0.158407 0.0334879 0.082448 0.0830298 
0.160424 0.0360825 0.0276232 0.256802 0.128526 0.0541892 0.0175336 0.0281458 0.113945 0.0412506 0.135479 
0.170703 0.0213525 0.0345727 0.167572 0.0956069 0.0606147 0.0816149 0.0329624 0.104727 0.0918429 0.138431 
0.0858028 0.157519 0.0518939 0.13125 0.0837676 0.0961919 0.102993 0.0290645 0.0492757 0.148855 0.0633863 
0.0588827 0.109925 0.0274458 0.0830738 0.141487 0.0673219 0.239959 0.0843703 0.0844506 0.0324803 0.0706031 
0.179428 0.101157 0.0430782 0.149199 0.185634 0.0360345 0.107021 0.0537234 0.0606014 0.0232055 0.0609184 
0.0540058 0.0477523 0.0721513 0.0851507 0.13694 0.144659 0.133626 0.0729858 0.0734882 0.147061 0.0321805 
0.142693 0.0512235 0.020515 0.160289 0.0685765 0.107515 0.07127 0.0449409 0.192932 0.0903428 0.0497021 
0.0910317 0.462887 0.036499 0.0357895 0.0171426 0.0360297 0.0340254 0.0666953 0.0659374 0.0592474 0.0947148 
0.0991238 0.133071 0.0991626 0.043004 0.128653 0.0422831 0.0726848 0.0601729 0.0477708 0.1225 0.151573 
0.0146394 0.114908 0.0565155 0.201026 0.0844889 0.13458 0.0407119 0.138779 0.0112774 0.119789 0.0832845 
0.0748362 0.177755 0.0161213 0.129253 0.227061 0.0410516 0.107611 0.032074 0.0901321 0.0189869 0.0851187 
0.0454754 0.0328726 0.0498718 0.0973894 0.0591113 0.308481 0.119721 0.049023 0.0342481 0.0981003 0.105706 
0.0247209 0.0864595 0.104109 0.128229 0.0486524 0.0997166 0.153085 0.0757838 0.0428348 0.197667 0.0387415 
0.0174894 0.0730466 0.0551122 0.124852 0.118199 0.0483249 0.0778018 0.106521 0.0566233 0.147903 0.174126 
0.0256205 0.0163904 0.0132089 0.0444922 0.0578761 0.154123 0.405783 0.104357 0.112531 0.0412177 0.0244005 
0.0778541 0.052452 0.0327675 0.0855915 0.105206 0.036436 0.0952701 0.0793971 0.216656 0.14618 0.0721893 
0.140377 0.0333467 0.20421 0.20737 0.0372864 0.0388101 0.0523067 0.117138 0.0632069 0.0465159 0.0594328 
0.0121008 0.0640736 0.0495441 0.130144 0.0798345 0.132494 0.168241 0.106717 0.1198 0.0846862 0.0523643 
0.451685 0.020531 0.088079 0.0307964 0.00853921 0.00866311 0.173992 0.00663115 0.106436 0.0140186 0.0906285 
0.033302 0.0583496 0.0574855 0.153293 0.0664898 0.0352877 0.0375519 0.0946729 0.101714 0.236159 0.125695 
0.0999109 0.0810388 0.113991 0.101461 0.0979883 0.100452 0.120287 0.0844509 0.0430135 0.0777904 0.0796167 
0.0533341 0.0682045 0.0595026 0.115975 0.13081 0.111674 0.0842149 0.0468259 0.0674672 0.198153 0.0638386 
0.235809 0.0319163 0.0672168 0.0920289 0.146674 0.0256727 0.200711 0.0220756 0.078505 0.0558385 0.0435524 
0.0332898 0.0279162 0.0694798 0.0633501 0.100502 0.11709 0.0498742 0.304595 0.0357273 0.0824962 0.11568 
0.0982398 0.0543001 0.0492343 0.192899 0.0838794 0.0680665 0.191925 0.0543689 0.0356721 0.0881431 0.0832717 
0.0704776 0.046612 0.0439966 0.0717708 0.0508269 0.100976 0.308041 0.0757561 0.139207 0.0459578 0.0463781 
0.0641008 0.0558508 0.170287 0.0305561 0.0782865 0.048227 0.0149507 0.33634 0.0219858 0.0138583 0.165557 
0.0162433 0.196019 0.0519264 0.0812267 0.0188814 0.0992959 0.102951 0.142526 0.0799572 0.0546198 0.156353 
0.0895148 0.184092 0.056876 0.165687 0.135551 0.0498804 0.048476 0.0918003 0.0535067 0.0430742 0.0815426 
0.110732 0.0718281 0.0119038 0.117556 0.181737 0.039517 0.104495 0.069112 0.115889 0.0368567 0.140372 
0.00391904 0.170754 0.0687022 0.0396692 0.0173809 0.175501 0.0231839 0.141601 0.259089 0.0352172 0.0649832 
0.0793242 0.0774638 0.168592 0.0552321 0.0296273 0.0610595 0.265908 0.0270073 0.0648558 0.141924 0.0290061 
0.0360259 0.0972048 0.0607305 0.0674402 0.0772023 0.112096 0.114588 0.0590872 0.246701 0.0608094 0.0681154 
0.064652 0.115675 0.0831794 0.0160287 0.0200404 0.0716774 0.114753 0.210846 0.168656 0.0515906 0.0829016 
0.123452 0.0616256 0.0487628 0.0127132 0.294058 0.0471211 0.10446 0.0286984 0.132529 0.0537428 0.0928368 
0.189214 0.139832 0.104632 0.182471 0.16122 0.0336275 0.0761189 0.068946 0.00282713 0.0122893 0.0288225 
0.0643168 0.0383872 0.103515 0.153819 0.0549166 0.157975 0.122984 0.034889 0.117353 0.118299 0.0335453 
0.0356932 0.185557 0.0580633 0.171203 0.0316022 0.126022 0.0605676 0.0528808 0.135182 0.0222295 0.121 
0.180961 0.0661512 0.0675987 0.0941012 0.065344 0.254341 0.0922295 0.0265775 0.0256282 0.0633979 0.0636694 
0.0478561 0.118852 0.0503656 0.0991085 0.0742128 0.0524489 0.0467426 0.0883467 0.135774 0.0937208 0.192572 
0.0486713 0.321947 0.0545015 0.0468054 0.0252944 0.150522 0.0282959 0.0646689 0.136049 0.0254829 0.0977614 
0.0132037 0.0319856 0.128176 0.00133881 0.0587586 0.0284053 0.137005 0.324243 0.0156594 0.12729 0.133935 
0.0437956 0.16215 0.0285775 0.164755 0.0917381 0.129869 0.0941794 0.0462579 0.135392 0.0441775 0.0591094 
0.0650581 0.127679 0.0433559 0.0829719 0.092639 0.0449856 0.127425 0.132727 0.118776 0.104069 0.0603132 
0.0879114 0.142288 0.0481141 0.036613 0.0582213 0.150387 0.177214 0.112173 0.120725 0.0514292 0.014924 
0.0867477 0.035354 0.172122 0.0807202 0.0772981 0.125461 0.0482886 0.0684291 0.177365 0.0600596 0.0681543 
0.106159 0.134186 0.111737 0.106803 0.122612 0.0470799 0.0578038 0.0689213 0.102557 0.0548216 0.0873195 
0.0368642 0.174879 0.0807893 0.0301548 0.0963849 0.0891816 0.102966 0.10285 0.185253 0.055948 0.0447294 
0.0346467 0.0484 0.0298062 0.099551 0.0938762 0.134968 0.0747912 0.0869925 0.129108 0.0803571 0.187503 
0.134849 0.0697262 0.0563098 0.10107 0.087091 0.116765 0.0620234 0.0895989 0.158781 0.0643402 0.0594462 
0.0528183 0.0544641 0.0432745 0.0644767 0.167453 0.0845706 0.0991234 0.0646544 0.142978 0.100145 0.126042 
0.0655152 0.0204477 0.317223 0.219562 0.184504 0.0090751 0.0557354 0.0167739 0.0461157 0.05092 0.0141279 
0.063237 0.0892403 0.160192 0.121764 0.122443 0.0952994 0.167791 0.0178105 0.0680361 0.0131693 0.0810179 
0.0605543 0.172209 0.0828114 0.100673 0.156094 0.0476284 0.0586904 0.0965733 0.075615 0.0957314 0.0534196 
0.0400934 0.0465136 0.0583317 0.0739335 0.0698047 0.14178 0.138958 0.127291 0.0444197 0.0667975 0.192078 
0.0598602 0.0707099 0.113205 0.118492 0.119828 0.0795433 0.113381 0.0609597 0.0806714 0.0902762 0.0930726 
0.114944 0.141353 0.0442413 0.163693 0.0414936 0.0798252 0.0571249 0.0535927 0.0924617 0.0887108 0.12256 
0.0403876 0.174807 0.0300586 0.133119 0.0419126 0.146602 0.0846315 0.039757 0.210179 0.0700446 0.0285004 
0.113337 0.0366943 0.0379924 0.082819 0.0400801 0.126929 0.0390457 0.162216 0.117013 0.103805 0.140069 
0.0565006 0.0505931 0.0900328 0.0391564 0.0673357 0.0684527 0.0523931 0.180323 0.113374 0.160531 0.121308 
0.0192403 0.139501 0.205013 0.125109 0.0522522 0.0247134 0.0882836 0.0735997 0.147512 0.0542428 0.0705336 
0.00625667 0.0381016 0.0258751 0.0397228 0.0155325 0.164244 0.153555 0.05382 0.212451 0.0932293 0.197212 
0.0565027 0.16252 0.0133595 0.115486 0.206776 0.0309648 0.131145 0.0388588 0.143682 0.0317474 0.0689577 
0.153841 0.0979885 0.063365 0.099666 0.048743 0.121149 0.0685254 0.0952971 0.0529392 0.109781 0.0887047 
0.193058 0.0554004 0.0759912 0.0945659 0.102554 0.106118 0.130349 0.0280683 0.049066 0.0726579 0.0921717 
0.0141877 0.0539738 0.118616 0.0974414 0.0858548 0.0751713 0.127104 0.0934249 0.132683 0.0933653 0.108178 
0.0165668 0.0535599 0.00413936 0.418095 0.00888177 0.00555449 0.203516 0.0516831 0.0903092 0.14566 0.00203394 
0.0383988 0.0454115 0.0911879 0.0608065 0.0742276 0.228992 0.0863783 0.0880263 0.0838452 0.156458 0.046267 
0.0729015 0.0605259 0.0970586 0.0706929 0.075614 0.193937 0.0902473 0.0548092 0.0520207 0.122407 0.109786 
0.0649247 0.11473 0.112963 0.0513657 0.0661447 0.103711 0.056311 0.114677 0.0978342 0.129683 0.0876558 
0.147264 0.0556517 0.0843853 0.139062 0.106313 0.0352604 0.15811 0.0825823 0.072629 0.0562825 0.0624598 
0.0750595 0.033934 0.0451391 0.110103 0.0629423 0.0629171 0.0762709 0.148616 0.127832 0.197267 0.0599195 
0.0643263 0.0669912 0.0801507 0.0942262 0.0915652 0.0781797 0.0601813 0.199773 0.0379134 0.128858 0.0978355 
0.0663724 0.0844469 0.102101 0.118606 0.0396671 0.0898885 0.0677572 0.143419 0.0387424 0.0596988 0.189301 
0.0424312 0.106859 0.133786 0.0530337 0.12304 0.0817294 0.0811669 0.0827852 0.154963 0.0938156 0.0463891 
0.0452613 0.0532127 0.0783949 0.114011 0.0572299 0.0562037 0.11879 0.111126 0.0895962 0.108365 0.167809 
0.0615855 0.069921 0.13999 0.0902159 0.086089 0.0707416 0.0789182 0.0886104 0.126769 0.064562 0.122598 
0.0904051 0.132588 0.0863501 0.1037 0.0978067 0.0847914 0.0998462 0.0545314 0.0459964 0.0902753 0.113709 
0.0967526 0.0438962 0.0880358 0.0630715 0.138181 0.170644 0.142441 0.00779113 0.0445835 0.152399 0.0522037 
0.0416457 0.0977034 0.0404495 0.155381 0.0627605 0.0405696 0.118697 0.0434826 0.195306 0.117354 0.0866512 
0.0790066 0.115159 0.0525786 0.0472078 0.0722486 0.16677 0.119367 0.147458 0.0587365 0.0872865 0.054181 
0.0363204 0.0969625 0.132723 0.0736355 0.0470292 0.055014 0.235871 0.0801405 0.0931192 0.0804261 0.0687581 
0.254349 0.262676 0.0388801 0.053808 0.0240466 0.0498669 0.0363628 0.0292076 0.0965208 0.032599 0.121683 
0.0261105 0.0553447 0.140725 0.0599391 0.0138856 0.156705 0.0504514 0.051256 0.100572 0.273475 0.0715362 
0.0583285 0.149045 0.088917 0.0234096 0.100962 0.155328 0.0781725 0.0616673 0.134357 0.110009 0.039805 
0.0798236 0.0570746 0.053696 0.126838 0.109431 0.121328 0.0641726 0.0804501 0.0514123 0.083268 0.172506 
0.138796 0.00661701 0.37137 0.00662143 0.00662235 0.0398047 0.238406 0.00661463 0.0725995 0.105931 0.00661831 
0.0748394 0.0744675 0.0975702 0.189501 0.0514468 0.155967 0.0404446 0.0739329 0.125365 0.0456239 0.0708411 
0.0326666 0.234642 0.034855 0.168712 0.039434 0.0503144 0.0330076 0.065898 0.153555 0.166264 0.0206514 
0.116194 0.153833 0.0614105 0.0877424 0.022793 0.0641586 0.0409292 0.176919 0.0644903 0.178708 0.0328221 
0.0860567 0.0775072 0.117421 0.0953317 0.101395 0.119782 0.105691 0.0856263 0.0585478 0.0664047 0.0862366 
0.0210356 0.11385 0.131063 0.0387852 0.102731 0.195014 0.0599664 0.0519867 0.07302 0.0620356 0.150512 
0.045087 0.0978341 0.101468 0.0808307 0.0799369 0.0821541 0.223894 0.10035 0.0250078 0.0263766 0.137061 
0.0652447 0.0711148 0.0559002 0.085063 0.0400827 0.141766 0.0934704 0.157247 0.152718 0.0948582 0.0425356 
0.168947 0.123382 0.0540093 0.0577301 0.0327206 0.0675587 0.287417 0.071734 0.0651356 0.0439484 0.0274163 
0.0852248 0.0494395 0.121878 0.0785177 0.0943025 0.160208 0.0940205 0.102384 0.0502047 0.0862195 0.0776014 
0.0645849 0.0712046 0.0787455 0.0935054 0.121274 0.131995 0.203281 0.0498805 0.0397532 0.0640616 0.0817148 
0.140329 0.0976501 0.135629 0.053352 0.0856655 0.0957444 0.163433 0.0885239 0.0323416 0.0570782 0.0502537 
0.0451518 0.0461137 0.0839799 0.155855 0.155969 0.0671429 0.0899236 0.0913527 0.0747627 0.0778827 0.111866 
0.0107741 0.063464 0.120629 0.25796 0.318109 0.0115677 0.0462467 0.0394793 0.0412536 0.068067 0.0224499 
0.0751985 0.0985846 0.111612 0.0831083 0.0756765 0.0825944 0.0448978 0.100806 0.158394 0.074881 0.0942468 
0.133728 0.0783654 0.0536467 0.0512859 0.0587115 0.131959 0.0961137 0.112444 0.00930343 0.143426 0.131016 
0.10398 0.0952384 0.0910589 0.0772368 0.112617 0.0945815 0.0747313 0.106008 0.0448909 0.122542 0.0771149 
0.0882659 0.121033 0.0465013 0.0687738 0.172503 0.104058 0.0428217 0.058672 0.0350974 0.167523 0.0947502 
0.16065 0.0397979 0.13839 0.0702853 0.119268 0.189266 0.134684 0.0457087 0.0267284 0.0322847 0.0429376 
0.0235024 0.165302 0.0909034 0.143308 0.0401867 0.0572407 0.040791 0.0501605 0.0377349 0.0399584 0.310912 
0.0345825 0.164536 0.0588818 0.138933 0.0900824 0.0802336 0.129545 0.035878 0.0792576 0.028966 0.159104 
0.0270512 0.140307 0.0445153 0.22291 0.117606 0.0599682 0.151363 0.0361539 0.0593945 0.0226406 0.11809 
0.044591 0.259981 0.0974161 0.0542449 0.0463182 0.0601526 0.103029 0.0468205 0.0715313 0.104633 0.111283 
0.0375499 0.164871 0.0452914 0.0786388 0.0647551 0.0586211 0.0485106 0.220738 0.144771 0.106161 0.0300915 
0.0453156 0.239683 0.0459441 0.0612667 0.0439628 0.0852049 0.123058 0.177403 0.0737933 0.0549573 0.0494112 
0.0961812 0.0817825 0.0501913 0.0929551 0.0607657 0.127809 0.159992 0.078306 0.0361051 0.176526 0.0393868 
0.0352738 0.0323012 0.0267128 0.208584 0.101063 0.0793558 0.226364 0.139513 0.0395331 0.0488878 0.0624116 
0.0707266 0.0777129 0.0311949 0.0962468 0.125619 0.143541 0.0259787 0.0824503 0.043968 0.24888 0.0536819 
0.0535867 0.0937066 0.0369403 0.0924523 0.12995 0.16549 0.0254848 0.0820083 0.109724 0.180251 0.0304062 
0.0538061 0.0218888 0.0829159 0.111885 0.0700264 0.0323626 0.0831746 0.0731288 0.0880893 0.0424051 0.340318 
0.144502 0.022823 0.364924 0.0872163 0.0359908 0.0205349 0.013677 0.0299575 0.0640767 0.0274618 0.188836 
0.00308384 0.033337 0.0581346 0.00480525 0.00865449 0.080337 0.0191393 0.0608352 0.0741435 0.483058 0.174472 
0.00559378 0.0380592 0.0923158 0.00760612 0.0110323 0.0699829 0.02082 0.0684981 0.0799598 0.465228 0.140904 
0.0362099 0.12565 0.108739 0.0978887 0.0759523 0.18467 0.0807064 0.0426488 0.0199095 0.0661423 0.161483 
0.0323849 0.122587 0.132527 0.117293 0.0559286 0.0817967 0.0528955 0.040218 0.114848 0.159299 0.0902218 
0.0754301 0.0697153 0.0319445 0.0804125 0.0932107 0.113054 0.0400293 0.197739 0.0467581 0.0896383 0.162068 
0.0550426 0.141503 0.0464682 0.0321729 0.0513367 0.10037 0.259442 0.0451975 0.131279 0.0495017 0.087685 
0.0414837 0.0438384 0.143223 0.0762183 0.0545343 0.0874325 0.0977179 0.0523881 0.190468 0.097718 0.114978 
0.0729476 0.0619326 0.12228 0.115813 0.0503238 0.0979788 0.0398964 0.0741559 0.0328911 0.142444 0.189337 
0.0380497 0.0551957 0.0372485 0.103318 0.201502 0.0744688 0.0677342 0.0218865 0.0926386 0.226609 0.081349 
0.125474 0.0211588 0.0122704 0.104812 0.0506099 0.0407218 0.0310765 0.0250137 0.383216 0.104554 0.101093 
0.0436874 0.254359 0.0628861 0.073309 0.016282 0.151764 0.136282 0.0770895 0.00867573 0.132209 0.0434562 
0.0376717 0.124268 0.0390935 0.0967863 0.0366807 0.0473992 0.257412 0.154039 0.108527 0.053318 0.0448055 
0.0227033 0.109147 0.0218865 0.0789025 0.0374447 0.076923 0.135905 0.118954 0.203384 0.0426061 0.152143 
0.123113 0.0885523 0.0934659 0.04533 0.107459 0.196457 0.117012 0.0817737 0.0517606 0.0533842 0.0416917 
0.0431547 0.105885 0.0454125 0.186614 0.0964229 0.0728742 0.0593509 0.14203 0.0682653 0.0914741 0.0885159 
0.0681285 0.0714499 0.0656075 0.181235 0.0551696 0.0523601 0.218914 0.0475662 0.093225 0.110233 0.0361114 
0.0807297 0.0977899 0.151318 0.0808263 0.0616246 0.0948021 0.0520489 0.0417716 0.121727 0.0886488 0.128713 
0.0457786 0.0481585 0.0284086 0.234653 0.0438058 0.118062 0.0851252 0.0997273 0.111991 0.119536 0.0647541 
0.0708173 0.0619434 0.0542445 0.285979 0.0845513 0.0801825 0.115072 0.0243139 0.0943676 0.0472943 0.0812341 
0.0166638 0.0190469 0.0760592 0.0858257 0.0982685 0.0686791 0.116653 0.162945 0.0221862 0.077186 0.256486 
0.0816706 0.171677 0.0502251 0.0361258 0.098157 0.069165 0.0593208 0.0204399 0.0231191 0.216266 0.173834 
0.0938455 0.0585582 0.114977 0.0439714 0.0723207 0.114133 0.0668823 0.031554 0.0590497 0.29604 0.0486689 
0.0602898 0.0414536 0.184359 0.0496337 0.0979029 0.0640716 0.144223 0.0228086 0.0278038 0.11489 0.192564 
0.0409371 0.0732526 0.0631979 0.138247 0.0664401 0.124545 0.0565288 0.099064 0.0921884 0.119129 0.126471 
0.0166638 0.0190469 0.0760592 0.0858257 0.0982685 0.0686791 0.116653 0.162945 0.0221862 0.077186 0.256486 
0.0154405 0.101602 0.173621 0.0822046 0.0392428 0.0463077 0.03192 0.066658 0.144929 0.060991 0.237083 
0.0166638 0.0190469 0.0760592 0.0858257 0.0982685 0.0686791 0.116653 0.162945 0.0221862 0.077186 0.256486 
0.0280611 0.236119 0.0398044 0.14323 0.0428714 0.0611509 0.0464404 0.0749827 0.0529417 0.0963795 0.17802 
0.110971 0.0305178 0.234219 0.159199 0.104345 0.0268941 0.0317264 0.0401846 0.050179 0.095756 0.116007 
0.0314454 0.165184 0.080456 0.0829253 0.0731825 0.0710002 0.0346667 0.118345 0.185502 0.0835725 0.0737212 
0.0419384 0.0468386 0.0207551 0.0941223 0.0940297 0.280012 0.0455716 0.0790463 0.0590701 0.184691 0.0539256 
0.0333582 0.0796305 0.0724934 0.0484074 0.204213 0.0769522 0.131948 0.118576 0.0301879 0.0777473 0.126486 
0.0896787 0.105068 0.184056 0.0990896 0.124078 0.0765088 0.0823704 0.0895388 0.0423275 0.0459033 0.0613811 
0.0272088 0.0564223 0.185692 0.0368802 0.0163827 0.176004 0.076485 0.0460344 0.186951 0.12921 0.0627296 
0.0934564 0.0445768 0.149849 0.160503 0.112043 0.0843486 0.106259 0.0425439 0.101492 0.0391566 0.065772 
0.0456166 0.081129 0.0550699 0.131168 0.100376 0.0751538 0.13527 0.192433 0.100181 0.0515456 0.0320574 
0.0848492 0.104927 0.0585888 0.380826 0.0157992 0.0886291 0.0821471 0.0835855 0.0344351 0.0367913 0.0294218 
0.0214221 0.0497469 0.0211526 0.110918 0.0439863 0.0357 0.0290127 0.0361394 0.0954969 0.100435 0.45599 
0.095736 0.151851 0.121137 0.0790597 0.0920237 0.0556788 0.0575112 0.134788 0.0497628 0.0855426 0.0769092 
0.0534158 0.0877745 0.0857158 0.187092 0.104525 0.114533 0.0490747 0.0437039 0.132616 0.0615596 0.0799898 
0.0705671 0.0845334 0.0282323 0.028894 0.208712 0.0715082 0.142608 0.12388 0.144778 0.0780612 0.018225 
0.015475 0.150662 0.0449083 0.0660696 0.20037 0.120964 0.0275991 0.0340117 0.0464274 0.185385 0.108129 
0.0539766 0.0464033 0.0656924 0.0665389 0.124143 0.0751413 0.151797 0.0527392 0.154701 0.166752 0.0421157 
0.0365475 0.247787 0.0352944 0.100048 0.0788722 0.0778688 0.0233038 0.114818 0.106521 0.114583 0.0643569 
0.0361033 0.107753 0.0614218 0.187237 0.0981378 0.102162 0.0602963 0.0500733 0.0952049 0.0779844 0.123626 
0.0878827 0.168129 0.0562943 0.113466 0.130977 0.112516 0.0930497 0.0457017 0.0208429 0.105585 0.0655568 
0.0188123 0.0963715 0.0302793 0.0321554 0.0427436 0.0698481 0.0632318 0.131721 0.224147 0.220688 0.0700024 
0.0834685 0.0520702 0.0436436 0.11463 0.00854819 0.02699 0.293141 0.122153 0.0441701 0.0945712 0.116614 
0.0266465 0.188354 0.0343447 0.0592965 0.111461 0.0870378 0.0843827 0.040655 0.121642 0.0265742 0.219605 
0.043026 0.0717527 0.0865392 0.174813 0.0430465 0.0238335 0.0667178 0.188535 0.0977586 0.0469082 0.157069 
0.0522061 0.210552 0.0767721 0.0809231 0.0678161 0.0949861 0.0753654 0.0535024 0.0191776 0.0448987 0.223801 
0.0975274 0.105694 0.127998 0.0767714 0.0615669 0.0908615 0.169259 0.0494812 0.0425135 0.103802 0.0745248 
0.11822 0.0795264 0.111826 0.138028 0.0732714 0.101161 0.109906 0.0652983 0.0724793 0.0931574 0.037125 
0.120473 0.0530628 0.0539053 0.110314 0.0741645 0.0511584 0.203785 0.0994386 0.134578 0.0410932 0.0580275 
0.0781377 0.012827 0.064975 0.180143 0.134554 0.141127 0.0106996 0.0155215 0.214246 0.0501881 0.0975809 
0.188746 0.0962539 0.0352132 0.0701218 0.0477349 0.257221 0.0286775 0.0468203 0.094443 0.0299312 0.104836 
0.0466096 0.0695923 0.0356688 0.1199 0.124967 0.11918 0.223899 0.0494668 0.0821139 0.0630818 0.0655206 
0.0336039 0.105779 0.0222203 0.035333 0.271094 0.0531573 0.268088 0.0285475 0.0442302 0.0775408 0.0604061 
0.13134 0.0889142 0.268085 0.0444253 0.0416042 0.0316729 0.0858927 0.0293089 0.108126 0.0606637 0.109968 
0.0638311 0.0913436 0.0168962 0.0499551 0.0611983 0.0998707 0.0188956 0.379106 0.0670782 0.0111393 0.140686 
0.0271893 0.10905 0.107925 0.0604337 0.103832 0.101889 0.06779 0.136369 0.131293 0.0787143 0.0755148 
0.0354841 0.155781 0.153558 0.0575356 0.00934905 0.00703478 0.0486317 0.0830001 0.338358 0.0535626 0.0577057 
0.0666779 0.0441608 0.0697939 0.0723708 0.0940777 0.0917517 0.0924526 0.204828 0.131753 0.0712375 0.0608968 
0.0658973 0.0400347 0.0574272 0.219643 0.0889592 0.041164 0.0425215 0.090975 0.0378252 0.114666 0.200887 
0.0397551 0.277927 0.0438932 0.00719078 0.224883 0.0037952 0.0172618 0.00759947 0.32637 0.0369167 0.0144081 
0.0554433 0.301115 0.0996377 0.090486 0.0628974 0.0507431 0.0622077 0.0825041 0.0835811 0.0501545 0.0612298 
0.0396852 0.096755 0.0459339 0.0961257 0.0901964 0.151552 0.0635255 0.106601 0.218638 0.0336123 0.0573742 
0.0657131 0.119465 0.0728916 0.0598816 0.0611054 0.0536783 0.0539228 0.0825951 0.0621218 0.0911509 0.277474 
0.0382891 0.0825485 0.029844 0.13599 0.177157 0.152328 0.0905143 0.030342 0.0655127 0.115423 0.0820513 
0.0316829 0.0835813 0.057829 0.0988514 0.102871 0.156555 0.125374 0.0587083 0.0938014 0.141118 0.0496281 
0.0843393 0.0154521 0.126983 0.126062 0.0435449 0.0795217 0.022438 0.288128 0.0582048 0.0686908 0.086635 
0.140958 0.0653361 0.105454 0.0967774 0.122294 0.0680736 0.10152 0.0384276 0.0922434 0.0644306 0.104486 
0.060136 0.120215 0.154401 0.0791825 0.0563182 0.064463 0.0713456 0.035323 0.0865665 0.149116 0.122934 
0.0189424 0.0283794 0.0386069 0.0182553 0.187136 0.0568848 0.023329 0.0297717 0.0128187 0.0203463 0.56553 
0.123143 0.0830838 0.0941995 0.140653 0.153846 0.0627784 0.0349232 0.0396696 0.113034 0.071163 0.0835057 
0.03749 0.0928141 0.015577 0.131657 0.325191 0.14753 0.00175258 0.045508 0.0599778 0.037559 0.104944 
0.0638311 0.0913436 0.0168962 0.0499551 0.0611983 0.0998707 0.0188956 0.379106 0.0670782 0.0111393 0.140686 
0.0628188 0.0488829 0.016459 0.0626396 0.107092 0.101899 0.175563 0.089154 0.126576 0.135903 0.073013 
0.0363962 0.0688477 0.147457 0.104321 0.096123 0.162097 0.152071 0.0683946 0.0361175 0.082989 0.0451869 
0.029254 0.0471052 0.0361669 0.171201 0.147205 0.0914254 0.112755 0.0970869 0.0821813 0.129689 0.0559305 
0.0338298 0.0525205 0.0531023 0.201643 0.0732492 0.103374 0.0677831 0.0658942 0.0753493 0.115912 0.157342 
0.0884482 0.0966503 0.0985963 0.047354 0.0580087 0.110183 0.0774295 0.101099 0.162574 0.101909 0.0577489 
0.076057 0.132113 0.0694603 0.137288 0.0689279 0.126978 0.1026 0.0910466 0.0268076 0.0824414 0.0862805 
0.0791097 0.101873 0.0484641 0.0621995 0.212811 0.0767729 0.0744811 0.127435 0.0591769 0.121049 0.0366278 
0.0352793 0.0606953 0.0283761 0.318787 0.063717 0.150747 0.0341471 0.0680447 0.0636446 0.0496752 0.126887 
0.0485596 0.0375836 0.0907528 0.0886856 0.106354 0.0599988 0.0496274 0.188058 0.0816112 0.116563 0.132205 
0.044037 0.0419975 0.0189169 0.422545 0.0911956 0.0592725 0.0378545 0.0601197 0.0510352 0.0350255 0.138001 
0.0263013 0.0802977 0.0378639 0.237257 0.0932898 0.0634997 0.0318157 0.196045 0.0409616 0.0259328 0.166735 
0.0381957 0.195682 0.136453 0.0351013 0.136237 0.0443559 0.0784428 0.0693101 0.0385642 0.123985 0.103673 
0.0218931 0.0860369 0.038463 0.148101 0.113631 0.106531 0.0691757 0.160089 0.0227428 0.0872948 0.146041 
0.067003 0.151268 0.090383 0.08361 0.0734933 0.245787 0.0305381 0.0291312 0.0731941 0.0332661 0.122326 
0.0337533 0.194178 0.136106 0.13444 0.036499 0.0432464 0.0905693 0.0735613 0.0686551 0.116157 0.0728341 
0.0963391 0.105645 0.106757 0.168679 0.113022 0.0280395 0.0897313 0.0419558 0.0509878 0.101712 0.0971319 
0.0222409 0.0951434 0.0909253 0.073989 0.119908 0.131007 0.106489 0.0858036 0.0527505 0.120569 0.101173 
0.0388553 0.10605 0.0805519 0.0662236 0.133792 0.0637727 0.105804 0.122916 0.0972063 0.126322 0.0585055 
0.089711 0.0928954 0.132634 0.0505564 0.0979657 0.11123 0.0794036 0.0465066 0.12535 0.0364737 0.137274 
0.0662998 0.083474 0.0959798 0.0797411 0.0615961 0.0658117 0.0595995 0.0716047 0.15306 0.224092 0.0387413 
0.0300148 0.224141 0.067425 0.109619 0.266843 0.062377 0.0206602 0.0840282 0.057464 0.0375847 0.0398428 
0.167682 0.0652387 0.0976204 0.015857 0.0260325 0.0308025 0.137732 0.099626 0.249762 0.028039 0.0816073 
0.456357 0.010644 0.00705448 0.0305562 0.00840762 0.0942136 0.128673 0.0811814 0.0388728 0.0790605 0.0649793 
0.0974706 0.0094407 0.0255518 0.098043 0.0959751 0.0335375 0.00947831 0.0209003 0.246109 0.272667 0.0908268 
0.0995401 0.00128176 0.150526 0.0570852 0.00106603 0.126936 0.0702156 0.0656213 0.0483826 0.262753 0.116591 
0.0358771 0.113986 0.0582414 0.116505 0.162499 0.0340485 0.116478 0.146101 0.097323 0.041467 0.0774745 
0.0269668 0.0938227 0.0364322 0.0721682 0.0689551 0.127888 0.045899 0.151563 0.0847672 0.0792308 0.212307 
0.0303172 0.0139645 0.212322 0.16848 0.077151 0.0458002 0.0966175 0.021483 0.105551 0.223978 0.0043344 
0.0499207 0.0654528 0.0928964 0.129268 0.0726099 0.0554291 0.102638 0.217448 0.0640663 0.0715882 0.0786818 
0.0316711 0.0843896 0.0484696 0.0568883 0.0633076 0.0367599 0.0858694 0.29857 0.124511 0.107828 0.0617348 
0.0421561 0.0934578 0.0478933 0.183826 0.0351787 0.0522188 0.0492086 0.0695394 0.186943 0.129773 0.109805 
0.0558549 0.198932 0.0219706 0.050791 0.0487245 0.172074 0.0584818 0.0841963 0.0520555 0.13351 0.12341 
0.106609 0.0500207 0.0337001 0.163541 0.0744215 0.042935 0.216987 0.0128656 0.0283611 0.0288057 0.241753 
0.0354464 0.0387084 0.182505 0.0318366 0.121081 0.16441 0.138014 0.0848665 0.104665 0.0486367 0.0498312 
0.0363461 0.166569 0.142854 0.0462812 0.0156111 0.00652087 0.0502835 0.0806696 0.337651 0.061045 0.0561688 
0.118491 0.168121 0.0834611 0.160722 0.0325454 0.0708742 0.0352151 0.0930159 0.0913425 0.0389349 0.107277 
0.0369796 0.186203 0.0569055 0.129796 0.0696426 0.0686651 0.0783601 0.106643 0.119586 0.136111 0.0111083 
0.0182835 0.090505 0.0553652 0.0281673 0.145951 0.136348 0.193267 0.0279115 0.142178 0.0696645 0.0923584 
0.0570141 0.0814246 0.0737233 0.136209 0.0957163 0.141859 0.0723124 0.202391 0.0410621 0.0319726 0.0663162 
0.132625 0.0670072 0.0525714 0.0855214 0.104424 0.0507733 0.143002 0.148515 0.0512178 0.0763525 0.0879898 
0.0473024 0.111428 0.0525855 0.0836866 0.135714 0.106406 0.0685547 0.0965894 0.0744734 0.0815074 0.141752 
0.0200889 0.0688566 0.00393065 0.0404881 0.00750651 0.0571659 0.00622348 0.0502629 0.594733 0.0914199 0.0593241 
0.0500649 0.191716 0.114669 0.0665775 0.128128 0.0764586 0.071997 0.0827497 0.0628281 0.0756735 0.0791371 
0.09787 0.085882 0.159637 0.115469 0.0204333 0.074859 0.0838086 0.14918 0.151365 0.0440398 0.0174573 
0.040003 0.0624103 0.0429269 0.147654 0.0805813 0.0647638 0.0771909 0.105522 0.148392 0.132798 0.0977569 
0.0703313 0.0813305 0.0591485 0.159353 0.0753043 0.0270071 0.0440837 0.0617302 0.0880211 0.261571 0.0721191 
0.03377 0.0778208 0.0784034 0.192523 0.0832943 0.083411 0.0949106 0.117733 0.148383 0.0316904 0.0580603 
0.0329778 0.0757791 0.181062 0.107353 0.14601 0.0604046 0.105971 0.146846 0.0356552 0.064442 0.0434999 
0.039715 0.0669612 0.0558375 0.083336 0.150118 0.0889001 0.194687 0.0470882 0.0268968 0.103893 0.142567 
0.0699557 0.0486864 0.130999 0.13972 0.0771888 0.0948752 0.0775737 0.0733537 0.0967586 0.0872525 0.103637 
0.0858278 0.102994 0.0104713 0.10136 0.0601498 0.0248554 0.0984531 0.224329 0.150784 0.0480892 0.0926866 
0.0171187 0.0314527 0.0277965 0.0484253 0.174456 0.0714489 0.0897773 0.0689298 0.085894 0.272244 0.112457 
0.0467495 0.0772427 0.0543845 0.0918346 0.0800457 0.122702 0.0432371 0.153945 0.0752771 0.162307 0.0922754 
0.0577666 0.135561 0.0238499 0.0684364 0.0352284 0.037233 0.252381 0.0413128 0.138575 0.0740473 0.13561 
