0.147035 0.156292 0.0541027 0.0383991 0.0738169 0.0965774 0.0328521 0.149065 0.0775353 0.073268 0.0310267 0.0700303 
0.123789 0.0554471 0.0900685 0.0910787 0.0801857 0.098052 0.0541302 0.116525 0.0581253 0.0722259 0.0437245 0.116649 
0.11386 0.0506644 0.0351579 0.0644731 0.107101 0.0443383 0.0875 0.117101 0.071973 0.0462565 0.135665 0.125909 
0.0788111 0.107731 0.0502236 0.159866 0.0586641 0.0361484 0.131467 0.0688649 0.0868678 0.029625 0.144587 0.0471436 
0.0728982 0.182234 0.0807281 0.0369725 0.0877281 0.0621219 0.135919 0.0657537 0.054821 0.0921109 0.0536375 0.0750758 
0.0382361 0.115357 0.0431694 0.107258 0.0192402 0.179029 0.0187299 0.162442 0.0251849 0.0676451 0.115031 0.108677 
0.0822547 0.118363 0.0304101 0.116251 0.0285698 0.149924 0.0302262 0.131046 0.0269516 0.0401716 0.100085 0.145746 
0.0638096 0.0825954 0.0987426 0.0252093 0.1404 0.0702135 0.0357235 0.0223131 0.0472517 0.0647042 0.0394248 0.309612 
0.236059 0.0497141 0.08653 0.0271691 0.100589 0.0490918 0.0758959 0.0729908 0.0521316 0.0561466 0.0158009 0.177881 
0.0877202 0.230195 0.108465 0.0802415 0.0765899 0.07715 0.0412716 0.0548806 0.025905 0.0359176 0.0621411 0.119523 
0.00714849 0.0731147 0.00730856 0.081336 0.48586 0.00765247 0.00742951 0.00754108 0.117036 0.120898 0.00683419 0.0778405 
0.115595 0.156902 0.0716318 0.101459 0.10959 0.0707463 0.0712006 0.0383895 0.0372635 0.0420067 0.0770226 0.108192 
0.235924 0.108927 0.0720131 0.0122593 0.100844 0.0597443 0.0403185 0.0428443 0.0644589 0.0469835 0.111608 0.104075 
0.0549879 0.0902394 0.0299864 0.124996 0.0429414 0.164087 0.0680696 0.104222 0.0557913 0.0341392 0.044537 0.186002 
0.00221954 0.0850242 0.0119769 0.346495 0.00656749 0.0163792 0.0964174 0.00106223 0.0115562 0.121642 0.146804 0.153856 
0.0837369 0.150588 0.0308407 0.0296957 0.0359141 0.0134041 0.0111166 0.0554603 0.197065 0.0370347 0.0510407 0.304104 
0.138598 0.0587972 0.0220425 0.0980054 0.25507 0.0608037 0.118583 0.0253473 0.0998184 0.0740883 0.0193652 0.0294813 
0.0263453 0.0773145 0.0543334 0.0538532 0.033239 0.0653054 0.13364 0.240927 0.08913 0.0729875 0.0665974 0.086327 
0.111997 0.10319 0.0378849 0.024435 0.0324304 0.0222402 0.118605 0.092387 0.302373 0.0515064 0.0383071 0.0646449 
0.0505686 0.0359054 0.04597 0.243485 0.03575 0.180636 0.0186486 0.131218 0.0176429 0.131871 0.0287755 0.0795286 
0.147104 0.1183 0.0198384 0.199354 0.0889924 0.0623938 0.063664 0.0865168 0.0707254 0.063483 0.0209495 0.0586794 
0.0900417 0.059893 0.0712068 0.0445303 0.244548 0.0612172 0.0561685 0.129835 0.0476679 0.0468498 0.094743 0.053299 
0.0450099 0.136929 0.0647798 0.118338 0.0734879 0.0464536 0.0705834 0.118109 0.0490926 0.108592 0.0552532 0.113371 
0.241338 0.108027 0.0334392 0.0317737 0.105349 0.0414957 0.0545972 0.043829 0.0708159 0.0848762 0.0769993 0.10746 
0.116138 0.0460802 0.0606479 0.101664 0.114697 0.151273 0.118285 0.096269 0.0735854 0.0383985 0.0476217 0.0353403 
0.0976071 0.114191 0.0355705 0.0597357 0.12627 0.0737412 0.110831 0.147906 0.0181117 0.129214 0.0124337 0.0743878 
0.0680744 0.0565071 0.0889901 0.0572048 0.114157 0.056484 0.0711065 0.0862302 0.147258 0.10295 0.0714775 0.0795608 
0.0833566 0.168201 0.186916 0.0752374 0.0887957 0.0286153 0.0976506 0.0779735 0.0902582 0.0332849 0.0392178 0.0304927 
0.0251031 0.0615239 0.0502622 0.0132485 0.061079 0.0280956 0.0284386 0.470166 0.127371 0.0562666 0.021352 0.0570936 
0.103046 0.126328 0.0294473 0.177871 0.0218931 0.02402 0.114686 0.0811924 0.0198434 0.202388 0.057543 0.0417416 
0.130522 0.148734 0.0697842 0.0557564 0.0405703 0.0777463 0.0577728 0.0724886 0.0622955 0.0641681 0.0572087 0.162953 
0.0380244 0.0256832 0.0518628 0.0680398 0.172143 0.010948 0.0248809 0.258226 0.108988 0.0717437 0.0246022 0.144858 
0.13353 0.0931332 0.0595026 0.022677 0.10916 0.0596534 0.110145 0.0733089 0.0813153 0.062683 0.057755 0.137137 
0.037751 0.14672 0.0293084 0.0417155 0.0752986 0.0873632 0.125051 0.135551 0.161924 0.0335585 0.0397019 0.0860576 
0.0424282 0.0346471 0.252715 0.0709423 0.0585276 0.123233 0.0843456 0.0522975 0.0771169 0.0516045 0.0727105 0.0794317 
0.0170805 0.0400416 0.0469766 0.061806 0.030369 0.0677229 0.116928 0.492139 0.0193227 0.0255398 0.0245233 0.0575512 
0.138155 0.0819393 0.0152024 0.062142 0.1247 0.178109 0.0742933 0.0656647 0.0543291 0.0675336 0.0711675 0.0667641 
0.00171694 0.0095787 0.0105323 0.0372949 0.0345155 0.231586 0.117774 0.0833169 0.238935 0.137929 0.00164145 0.0951797 
0.209701 0.0675977 0.130034 0.0759538 0.0319239 0.0338967 0.0884305 0.0774877 0.0238252 0.0481861 0.119894 0.0930702 
0.135323 0.113006 0.0284292 0.0925045 0.0938914 0.0204972 0.0273435 0.141965 0.024051 0.135766 0.0576441 0.129579 
0.0792079 0.0796573 0.130208 0.0966793 0.107706 0.0443911 0.0828013 0.137883 0.10283 0.0376445 0.0473623 0.0536297 
0.104122 0.140128 0.0676865 0.179147 0.103076 0.0659708 0.0561025 0.0290688 0.0674122 0.0632153 0.0905016 0.0335695 
0.254053 0.0940185 0.0533747 0.0165116 0.0404161 0.131922 0.0261368 0.120811 0.0551021 0.068429 0.0227233 0.116503 
0.254053 0.0940185 0.0533747 0.0165116 0.0404161 0.131922 0.0261368 0.120811 0.0551021 0.068429 0.0227233 0.116503 
0.122073 0.0873587 0.0571939 0.0347106 0.0887696 0.052226 0.0896294 0.146555 0.0702334 0.0809545 0.0632082 0.107088 
0.0758223 0.129616 0.0268483 0.0375304 0.0610886 0.109472 0.115547 0.310676 0.0335491 0.0220629 0.0243655 0.0534222 
0.120937 0.139702 0.0806156 0.0470521 0.0373468 0.0518656 0.0439471 0.123729 0.094884 0.0903559 0.034333 0.135232 
0.018387 0.058448 0.407008 0.00179931 0.0721544 0.206237 0.0859456 0.0137921 0.0364535 0.000965127 0.00237794 0.0964317 
0.0925765 0.0510415 0.125091 0.100273 0.191246 0.0285287 0.0518921 0.0283001 0.0271408 0.0623882 0.0592498 0.182273 
0.0355135 0.0620492 0.027016 0.119367 0.11682 0.20298 0.0655712 0.0398308 0.0836819 0.121792 0.0909269 0.0344522 
0.101171 0.0710392 0.0437454 0.0786708 0.0703276 0.119639 0.0494132 0.0924852 0.0880215 0.0507372 0.130977 0.103772 
0.162305 0.0740541 0.0892317 0.0117072 0.0664702 0.0673561 0.0944535 0.0413133 0.0877512 0.138226 0.0701686 0.0969632 
0.0721321 0.035005 0.0452336 0.196402 0.181538 0.0529181 0.0575396 0.0618411 0.0586723 0.0678529 0.0554557 0.115409 
0.1235 0.0525651 0.057001 0.0414969 0.0429368 0.122622 0.0378261 0.143333 0.101585 0.0790711 0.0315694 0.166494 
0.0444064 0.276629 0.183425 0.0826251 0.0388249 0.0232852 0.0544527 0.0598414 0.0124367 0.0915558 0.0396428 0.0928748 
0.0940348 0.0448867 0.081647 0.028014 0.0326587 0.028707 0.0659093 0.0266772 0.0573788 0.127425 0.0355655 0.377096 
0.0718971 0.178357 0.021951 0.151818 0.0515589 0.0542691 0.0716315 0.033848 0.107472 0.146958 0.0483089 0.0619308 
0.00930108 0.0249504 0.0173963 0.0782823 0.318653 0.0471397 0.0992162 0.027414 0.0915793 0.131221 0.0800258 0.0748211 
0.0419959 0.0379066 0.0395856 0.195205 0.0441614 0.0515868 0.0374244 0.0835776 0.0856041 0.0931906 0.233855 0.0559073 
0.0968231 0.0372909 0.0392043 0.112084 0.137358 0.0270273 0.138557 0.0528926 0.0509847 0.103286 0.111083 0.0934107 
0.0543354 0.0518029 0.0880244 0.145999 0.0463989 0.0412739 0.0265688 0.0755658 0.0748833 0.107894 0.201922 0.0853314 
0.0213852 0.12074 0.0561689 0.00729945 0.214163 0.0999475 0.145891 0.0516724 0.0670511 0.0184703 0.0848047 0.112406 
0.151145 0.0729734 0.0122266 0.0572669 0.127125 0.0949962 0.140742 0.0473543 0.015011 0.111429 0.0187325 0.150998 
0.072643 0.0356011 0.0170352 0.223813 0.0239717 0.0464257 0.0190938 0.134934 0.0523716 0.0416746 0.304597 0.0278384 
0.0244084 0.0624958 0.125412 0.0861697 0.051126 0.0243347 0.179051 0.0585323 0.0259802 0.0745453 0.192818 0.0951257 
0.0498345 0.0351275 0.10983 0.101667 0.115443 0.10113 0.159862 0.0271087 0.0493624 0.0240718 0.068311 0.158252 
0.0401907 0.0284293 0.125412 0.0809675 0.142989 0.0926017 0.192297 0.0220993 0.0394888 0.019711 0.0879114 0.127902 
0.00872285 0.00483687 0.00270566 0.0508171 0.00196253 0.302058 0.362847 0.19408 0.0303104 0.0184048 0.0040231 0.0192319 
0.0174972 0.221339 0.03446 0.0568594 0.0860327 0.0611373 0.0581374 0.123074 0.0485678 0.100111 0.076703 0.116082 
0.0659677 0.14869 0.0132725 0.107009 0.0584489 0.0846373 0.0545849 0.0187257 0.0670071 0.126283 0.239333 0.0160407 
0.047606 0.22376 0.00351828 0.0406581 0.2156 0.011399 0.0336282 0.155511 0.00980164 0.00977322 0.243528 0.0052163 
0.0167037 0.1858 0.0276927 0.0698257 0.221711 0.0663254 0.0450274 0.13764 0.0731919 0.0266595 0.0971667 0.0322566 
0.0615599 0.06646 0.0701015 0.066002 0.0995638 0.0851167 0.0281571 0.182518 0.0770519 0.0539372 0.0632342 0.146298 
0.0432796 0.175863 0.0119408 0.334207 0.0288844 0.0396622 0.0361484 0.0418009 0.0196849 0.0489832 0.169743 0.0498028 
0.0192367 0.217967 0.05224 0.0803929 0.144551 0.0795346 0.0848451 0.0857515 0.0658619 0.0145416 0.125198 0.0298796 
0.0442203 0.0293997 0.0510405 0.236848 0.0779849 0.0964754 0.0190595 0.107238 0.0882524 0.0814567 0.122959 0.0450657 
0.010652 0.0318441 0.104825 0.273508 0.127193 0.0449576 0.0251399 0.060419 0.0373668 0.0459529 0.134898 0.103243 
0.0583483 0.136549 0.0457413 0.161071 0.121736 0.0424897 0.0461225 0.0610055 0.0527045 0.0715341 0.139852 0.0628459 
0.132972 0.23895 0.0444791 0.0493198 0.0667324 0.0533452 0.0925076 0.0736426 0.0801567 0.0398229 0.0402034 0.0878679 
0.0932094 0.111026 0.0655796 0.0354847 0.0781498 0.0447887 0.113233 0.0366722 0.260731 0.053603 0.0746165 0.0329068 
0.0835995 0.0672378 0.039241 0.0674481 0.101966 0.0847918 0.180523 0.159684 0.0458412 0.0571535 0.0735936 0.0389203 
0.0687224 0.0653019 0.046907 0.106159 0.0564774 0.213254 0.0510378 0.0359196 0.0690276 0.0957648 0.0856789 0.105749 
0.0769945 0.174037 0.0363676 0.135947 0.0593547 0.0573537 0.100992 0.0505129 0.0489079 0.081729 0.0648842 0.11292 
0.0567999 0.243194 0.0117697 0.0468984 0.0138491 0.0536389 0.0115482 0.206493 0.0524041 0.11307 0.127202 0.0631328 
0.061528 0.372241 0.0089875 0.0349417 0.0161448 0.0538253 0.0105584 0.11313 0.0365898 0.102058 0.128682 0.0613142 
0.0955909 0.0553215 0.062204 0.0519739 0.0778273 0.051135 0.161268 0.134788 0.162942 0.0546463 0.0574 0.0349031 
0.0413804 0.0572974 0.131113 0.162266 0.106495 0.0914665 0.0636533 0.0357424 0.143832 0.0519106 0.0717501 0.043094 
0.0334107 0.0327395 0.087605 0.0513252 0.0799246 0.0990494 0.054615 0.0541802 0.0269079 0.274578 0.139208 0.0664567 
0.00982534 0.0567726 0.0340559 0.0319744 0.0916351 0.0092303 0.0587417 0.0578782 0.00813571 0.0713998 0.434581 0.13577 
0.0732609 0.200898 0.0716617 0.0649259 0.0313426 0.0862136 0.064777 0.0103097 0.0445073 0.0141713 0.0435023 0.29443 
0.00104253 0.000920199 0.00610019 0.0193001 0.0087972 0.00329996 0.166528 0.00354479 0.734107 0.000773625 0.00460265 0.0509841 
0.0422539 0.130723 0.0510508 0.0613156 0.0654689 0.0671616 0.0380726 0.0756072 0.0396568 0.102101 0.259974 0.0666146 
0.0824074 0.0766238 0.0842527 0.0852397 0.0788869 0.0882173 0.0856471 0.0869331 0.0843243 0.0871068 0.0787842 0.0815766 
0.0538822 0.0343208 0.071374 0.241192 0.11294 0.0191124 0.0731261 0.0350541 0.0681611 0.0444615 0.167652 0.0787229 
0.0702277 0.0762313 0.109976 0.0392722 0.138959 0.16353 0.0745542 0.0511376 0.0579251 0.0404077 0.08477 0.0930088 
0.0823497 0.0800622 0.0500239 0.0548248 0.164029 0.0479489 0.07598 0.0855888 0.0566488 0.163695 0.0688503 0.0699988 
0.108546 0.061765 0.0342347 0.0341301 0.0628067 0.0570835 0.0927935 0.0647941 0.152605 0.0912933 0.0850346 0.154913 
0.0264698 0.0342633 0.0321599 0.250988 0.210524 0.039464 0.0323294 0.0252693 0.0424697 0.0373829 0.220319 0.048361 
0.0945674 0.184007 0.0570791 0.10987 0.0970828 0.16579 0.0204614 0.0383957 0.0278865 0.100042 0.0194923 0.0853261 
0.0135268 0.109342 0.0712023 0.0870405 0.0909926 0.0209004 0.0272507 0.0466888 0.149691 0.0615518 0.279137 0.0426756 
0.0375029 0.121097 0.0505928 0.0452554 0.0156088 0.238021 0.0888605 0.0592259 0.0228493 0.0363506 0.0759678 0.208668 
0.0418953 0.0956894 0.0121125 0.0886193 0.114112 0.175327 0.0343844 0.107744 0.130646 0.159614 0.0179625 0.021894 
0.118908 0.151911 0.104651 0.0464888 0.103872 0.048035 0.113014 0.0498959 0.0339423 0.0491645 0.127892 0.052225 
0.000851124 0.0205762 0.1401 0.0713102 0.0497007 0.0236894 0.133572 0.0996632 0.0400624 0.0593778 0.200171 0.160926 
0.268307 0.0126219 0.0395555 0.342294 0.16002 0.00653451 0.00767217 0.0141127 0.0592022 0.0141409 0.0696909 0.00584799 
0.099954 0.150821 0.00832821 0.059503 0.0465301 0.245516 0.00505771 0.0560825 0.232596 0.056613 0.0242697 0.0147294 
0.0177135 0.0389541 0.112503 0.140553 0.0356998 0.0489056 0.0249006 0.0769362 0.0499193 0.066217 0.347494 0.0402046 
0.0871166 0.0395983 0.0179941 0.0450145 0.0214124 0.258464 0.0592861 0.106421 0.0679712 0.0811208 0.182331 0.0332696 
0.0682542 0.0631146 0.0349968 0.094994 0.0819357 0.0356556 0.0638988 0.212519 0.0539683 0.090045 0.11053 0.090089 
0.0698594 0.0730257 0.15568 0.0680023 0.0422774 0.0552579 0.0912359 0.0624507 0.137101 0.0782676 0.0909837 0.0758583 
0.0723909 0.125431 0.0390026 0.0792731 0.0870486 0.0846132 0.0675596 0.0744292 0.104664 0.0569055 0.161335 0.0473475 
0.143381 0.120138 0.0396824 0.0494354 0.0881412 0.0372775 0.144642 0.0436491 0.0982334 0.0746948 0.0812002 0.079524 
0.0629152 0.0709083 0.0949917 0.1832 0.0605038 0.100886 0.0741105 0.0284037 0.130493 0.0928145 0.0773678 0.0234054 
0.0781652 0.0937539 0.105959 0.0426699 0.0425487 0.0531822 0.0827189 0.0309327 0.0819111 0.0305918 0.221766 0.135801 
0.0351675 0.0713457 0.0227642 0.092251 0.0182745 0.0923813 0.183431 0.0232557 0.0526129 0.063171 0.26308 0.0822654 
0.0414008 0.0427479 0.0565683 0.0544879 0.100541 0.0382373 0.226787 0.0434874 0.0537766 0.140599 0.0762235 0.125143 
0.0757981 0.247568 0.051398 0.0764194 0.114359 0.0346305 0.0638954 0.103009 0.0419787 0.0676667 0.085798 0.0374798 
0.0657933 0.11198 0.0707611 0.0731482 0.0482837 0.113107 0.131504 0.103613 0.0860742 0.0779372 0.026381 0.0914168 
0.0119801 0.025392 0.0895907 0.0236199 0.0629422 0.019984 0.0492788 0.164596 0.0994458 0.088642 0.251387 0.113141 
0.0633363 0.0438895 0.0352177 0.0792338 0.228185 0.0789333 0.1446 0.16956 0.0273288 0.0830475 0.0260859 0.0205818 
0.0893259 0.151366 0.0505524 0.0724566 0.0897966 0.0828706 0.0867964 0.0851042 0.0706294 0.073843 0.0702412 0.0770179 
0.08465 0.136969 0.0393589 0.202056 0.0986523 0.0308376 0.120869 0.0372933 0.0502814 0.016503 0.151068 0.0314621 
0.12005 0.0935245 0.0399423 0.0498329 0.0299188 0.14639 0.0891591 0.152563 0.10999 0.0782181 0.0241715 0.0662408 
0.0552491 0.246602 0.108306 0.0463854 0.0982315 0.150887 0.0443921 0.0258885 0.0528278 0.0831793 0.0293477 0.0587031 
0.0484727 0.0663724 0.0575072 0.0856334 0.113636 0.232364 0.0435367 0.0269904 0.0462853 0.205526 0.0238446 0.049832 
0.026466 0.0331705 0.0239646 0.096472 0.0582614 0.0730999 0.187408 0.0841597 0.0880404 0.145782 0.0461616 0.137013 
0.0467234 0.0270373 0.0419476 0.104941 0.048276 0.0570755 0.0964606 0.0346675 0.0596582 0.060326 0.302037 0.12085 
0.0155457 0.124722 0.15012 0.143091 0.125978 0.0230136 0.111169 0.0349711 0.0329454 0.0718119 0.0469626 0.119669 
0.0328543 0.0380088 0.0284319 0.174269 0.0690035 0.0368959 0.101999 0.0319535 0.0573292 0.081188 0.248152 0.0999143 
0.0623453 0.0346962 0.034071 0.0632372 0.0656478 0.0450055 0.129124 0.040777 0.0609023 0.0512525 0.317008 0.0959337 
0.110814 0.0813242 0.184919 0.0245933 0.0837259 0.0709032 0.115171 0.114661 0.126425 0.0453275 0.0207013 0.021435 
0.104505 0.0413546 0.169878 0.0360013 0.0354632 0.0270911 0.130686 0.0999025 0.141194 0.068577 0.0917145 0.0536324 
0.036041 0.0378022 0.0778091 0.106654 0.0386656 0.0431388 0.179687 0.0474677 0.0947748 0.0371951 0.132256 0.168508 
0.0331752 0.0723367 0.065686 0.0455408 0.0653841 0.0780962 0.102208 0.0665312 0.125142 0.148933 0.0888095 0.108157 
0.0148777 0.0777878 0.0180253 0.129638 0.0555953 0.0461601 0.0846702 0.10935 0.0500644 0.128066 0.201443 0.0843219 
0.128129 0.0314483 0.0177182 0.0702134 0.068741 0.0160563 0.0202263 0.162825 0.369706 0.03873 0.0365591 0.0396474 
0.0982576 0.169232 0.0314783 0.0539853 0.074594 0.0365788 0.0519581 0.20104 0.0270165 0.106833 0.101887 0.0471381 
0.0457634 0.143203 0.0165404 0.0650869 0.0346611 0.0526047 0.0261506 0.032961 0.0293946 0.31128 0.151979 0.090375 
0.0194441 0.0311174 0.0347151 0.116515 0.0108076 0.111103 0.273608 0.0254715 0.0917541 0.0400715 0.034238 0.211154 
0.0480437 0.0157655 0.0223124 0.0601299 0.0502324 0.0545502 0.113795 0.0440602 0.0280512 0.024366 0.489057 0.0496361 
0.0486121 0.124551 0.0576234 0.0545414 0.147148 0.0247683 0.157541 0.0389959 0.139206 0.0802559 0.0515427 0.0752141 
0.093252 0.13562 0.0434612 0.203632 0.0772754 0.0271801 0.0821811 0.0416674 0.0335518 0.0767467 0.133324 0.052108 
0.0369878 0.0714368 0.0518995 0.0910655 0.231794 0.234986 0.0250678 0.0194817 0.0966334 0.0702882 0.0241411 0.0462181 
0.0399209 0.124476 0.034287 0.134449 0.034156 0.0938075 0.0585564 0.042832 0.0917452 0.0695947 0.209642 0.0665328 
0.0601598 0.0517056 0.0137755 0.190721 0.0534582 0.0713001 0.03278 0.0344652 0.226517 0.0480784 0.189546 0.0274931 
0.0380243 0.13144 0.0171102 0.226399 0.080006 0.0392247 0.0633483 0.0764748 0.079516 0.036061 0.181912 0.0304837 
0.0377286 0.0428076 0.00943951 0.351444 0.0237686 0.235022 0.00390361 0.0160396 0.191942 0.0447129 0.0202591 0.0229324 
0.120431 0.036536 0.0576486 0.124911 0.191522 0.0560875 0.0998868 0.0568783 0.0437115 0.141101 0.0301294 0.041158 
0.0542902 0.0687751 0.0624804 0.117657 0.102453 0.0951138 0.0625864 0.0689602 0.0961712 0.0898457 0.11322 0.0684474 
0.0679126 0.0351485 0.0333716 0.0550584 0.117423 0.106338 0.0615327 0.228402 0.122234 0.0260126 0.099024 0.0475424 
0.0202107 0.166425 0.0634338 0.107934 0.0628033 0.128996 0.0933591 0.043001 0.0711756 0.112712 0.0437171 0.0862324 
0.0848918 0.0855149 0.0483518 0.0874455 0.0778036 0.0665521 0.0353955 0.0232105 0.129874 0.176728 0.149108 0.0351241 
0.0968722 0.0564753 0.0800159 0.0592928 0.145498 0.0368071 0.0543717 0.058449 0.0508313 0.0747204 0.188357 0.0983087 
0.230978 0.0739679 0.0432447 0.0437513 0.0600144 0.0671127 0.0439604 0.0614631 0.0432815 0.17623 0.114125 0.0418711 
0.0542946 0.185697 0.0272953 0.0514235 0.0886641 0.0951059 0.0213462 0.0105204 0.12773 0.102699 0.226081 0.00914359 
0.0406901 0.110363 0.0198357 0.135439 0.0817729 0.110748 0.0736175 0.0953065 0.0701931 0.0719123 0.132491 0.0576311 
0.0600004 0.0414414 0.0841158 0.158939 0.0988802 0.0466934 0.048636 0.0506376 0.0930618 0.10917 0.118344 0.0900796 
0.0433077 0.0169627 0.0514539 0.0628258 0.0799946 0.0265278 0.171436 0.133634 0.0212568 0.162389 0.150256 0.0799554 
0.00738832 0.0473633 0.0652408 0.144435 0.0376922 0.0167574 0.0515261 0.158232 0.20246 0.127634 0.042087 0.0991841 
0.0941536 0.162305 0.152212 0.112708 0.023638 0.0499964 0.0113536 0.137038 0.054402 0.0976904 0.0640426 0.0404606 
0.0438713 0.108657 0.179414 0.0196627 0.0777209 0.0581996 0.0856014 0.0663757 0.0964237 0.0624978 0.0614822 0.140093 
0.0643892 0.100337 0.201157 0.104106 0.120111 0.0302205 0.059829 0.0537855 0.0407574 0.148244 0.0331665 0.0438966 
0.0151584 0.0218453 0.0371149 0.0414854 0.0504266 0.0423961 0.28788 0.0412679 0.0510861 0.151916 0.0808543 0.178569 
0.139861 0.121318 0.101964 0.000471819 0.0572757 0.0263813 0.12076 0.130108 0.0783585 0.0428942 0.0241423 0.156465 
0.0546902 0.0851582 0.110936 0.0615245 0.104718 0.0488714 0.0517958 0.12551 0.0462697 0.0531632 0.221465 0.0358981 
0.0644962 0.196114 0.0126722 0.100592 0.0309473 0.0493533 0.0485176 0.0843645 0.0664737 0.0883075 0.187024 0.0711368 
0.333985 0.0586746 0.053151 0.0517582 0.0453087 0.13553 0.0494212 0.0654648 0.073242 0.0535534 0.0380252 0.0418864 
0.0517622 0.122873 0.084124 0.0992904 0.0413651 0.0312854 0.0377483 0.0597113 0.202586 0.0812065 0.0892609 0.098787 
0.0683327 0.132855 0.0825077 0.159836 0.105651 0.0155063 0.095276 0.0368408 0.123399 0.0326285 0.101389 0.0457776 
0.0865831 0.0203489 0.0871082 0.0122897 0.0182363 0.526887 0.0101607 0.0134406 0.0217732 0.12945 0.00710092 0.0666221 
0.0217341 0.0404935 0.0501294 0.10468 0.14701 0.00130964 0.222911 0.0407909 0.136849 0.0414167 0.144706 0.0479701 
0.0874793 0.168371 0.0789336 0.0668927 0.0881507 0.0458773 0.0891986 0.117525 0.0798067 0.0677807 0.0779201 0.0320649 
0.0560351 0.0768611 0.0538 0.22267 0.166382 0.0347179 0.0293186 0.0175612 0.0460989 0.0805417 0.0748438 0.14117 
0.0395763 0.0639085 0.0815176 0.155458 0.157401 0.0603329 0.119586 0.0759036 0.0666676 0.0563872 0.0507587 0.0725024 
0.0578886 0.0863422 0.104444 0.0721652 0.0970424 0.0623906 0.125842 0.0550362 0.0315649 0.0897198 0.097683 0.119881 
0.0414782 0.262728 0.0382891 0.0470256 0.0241283 0.105887 0.0667921 0.0429579 0.180439 0.11568 0.0499205 0.024675 
0.0217157 0.150204 0.0751179 0.0752595 0.0556548 0.042385 0.056513 0.0328588 0.092666 0.0877419 0.132386 0.177498 
0.0782444 0.14775 0.0412622 0.0878773 0.125705 0.0383373 0.106367 0.0864916 0.107489 0.0524064 0.0832945 0.0447745 
0.0444241 0.0913257 0.109194 0.071266 0.129503 0.0479705 0.0480711 0.0803982 0.0585036 0.189712 0.039993 0.0896389 
0.0174584 0.0216459 0.16848 0.134736 0.230935 0.028508 0.0410131 0.212306 0.0178546 0.0350351 0.0784435 0.0135847 
0.0306301 0.201056 0.0325471 0.0637215 0.225821 0.0495009 0.0678164 0.0290869 0.0535543 0.0957828 0.113207 0.0372765 
0.0988809 0.0952004 0.0581243 0.0502774 0.0654823 0.09077 0.194962 0.0683017 0.0830413 0.113729 0.0438756 0.0373546 
0.0929371 0.058618 0.0724501 0.0403328 0.0746505 0.0362171 0.070124 0.166116 0.126539 0.182914 0.0664902 0.0126106 
0.107967 0.0947365 0.0962785 0.0408555 0.103971 0.0520822 0.0804346 0.0597869 0.0946507 0.101583 0.0871686 0.0804852 
0.13989 0.0865528 0.122612 0.0674253 0.03728 0.0481513 0.0641691 0.129608 0.0476184 0.0576357 0.125891 0.0731667 
0.0414878 0.230709 0.212685 0.0175252 0.00917266 0.119927 0.0516458 0.0382183 0.0594043 0.0984592 0.0468008 0.0739651 
0.118035 0.0359277 0.132217 0.0902414 0.0912019 0.0780982 0.100548 0.0443472 0.0303706 0.0758533 0.155293 0.0478662 
0.00671195 0.0188607 0.0217702 0.323027 0.0356027 0.0449809 0.0356303 0.134232 0.0464209 0.0614069 0.206745 0.0646113 
0.0906577 0.0984694 0.144751 0.15347 0.0658386 0.0558521 0.0602691 0.0711614 0.0528109 0.0500737 0.0779576 0.0786884 
0.210054 0.0728373 0.184526 0.0278736 0.0795889 0.0421406 0.0780658 0.0426173 0.0140063 0.132589 0.0952264 0.0204751 
0.0274009 0.0357194 0.0296125 0.0880526 0.0212843 0.0924358 0.312694 0.0636908 0.0691852 0.0314183 0.0582283 0.170278 
0.0864585 0.0902275 0.0315486 0.14669 0.119431 0.0432886 0.0498192 0.0753589 0.0871463 0.101371 0.121041 0.0476187 
0.0943762 0.0820359 0.0807485 0.0587306 0.0667062 0.0945718 0.0830168 0.0530585 0.162986 0.0492896 0.0599982 0.114482 
0.0618234 0.0360418 0.153582 0.0468234 0.0316789 0.0256354 0.0270226 0.117607 0.114075 0.27883 0.0189349 0.0879458 
0.011382 0.0247043 0.0673952 0.0230555 0.181986 0.0221928 0.366941 0.0292668 0.0236051 0.0359135 0.186239 0.0273184 
0.0666963 0.0550108 0.117548 0.16237 0.0677026 0.0599483 0.0510606 0.0592931 0.132706 0.0651953 0.144412 0.0180564 
0.111794 0.152601 0.057828 0.0663765 0.0748364 0.0691067 0.0780377 0.0575043 0.0586532 0.16395 0.0695522 0.0397597 
0.0577258 0.139326 0.0616183 0.144462 0.0677478 0.059452 0.0862802 0.0611565 0.0770571 0.108269 0.0920972 0.0448082 
0.0960228 0.123027 0.0817599 0.0403069 0.143202 0.100625 0.0464144 0.0414384 0.149831 0.0300803 0.0897015 0.0575906 
0.0429381 0.130221 0.0286741 0.100076 0.0582881 0.0793914 0.0288001 0.0685671 0.120188 0.189965 0.114217 0.0386741 
0.100088 0.0365608 0.0404492 0.103344 0.10772 0.0335913 0.204479 0.142535 0.0335368 0.0544704 0.0454209 0.0978053 
0.0743353 0.0646265 0.0457144 0.159966 0.0355309 0.0970223 0.0873874 0.0715404 0.0496581 0.0703613 0.0548173 0.18904 
0.107876 0.0885097 0.038593 0.138274 0.169065 0.0442051 0.0516849 0.0856649 0.0403433 0.110429 0.0907442 0.0346112 
0.0673298 0.109103 0.0495021 0.136406 0.109197 0.0686569 0.0691373 0.0626006 0.0796038 0.0708206 0.124288 0.0533559 
0.0515327 0.0854915 0.168253 0.0685418 0.0713221 0.0778669 0.112453 0.0601566 0.0660144 0.0645464 0.055304 0.118518 
0.102082 0.0789429 0.0502904 0.0528844 0.0805572 0.0560261 0.0824509 0.106721 0.0971588 0.124061 0.0866672 0.082158 
0.0460697 0.036214 0.0243611 0.0136995 0.0736548 0.194698 0.0532159 0.0392679 0.15327 0.127009 0.0205334 0.218007 
0.0522309 0.229532 0.076007 0.0570788 0.0381065 0.0965097 0.0579563 0.132813 0.119891 0.0480322 0.0514951 0.0403469 
0.0421909 0.0567451 0.0681595 0.0599856 0.087498 0.0959908 0.0729161 0.175441 0.194767 0.0559179 0.0296152 0.0607722 
0.044513 0.134145 0.0706281 0.0470551 0.0372059 0.125433 0.0412806 0.0412901 0.167922 0.115971 0.0848203 0.0897366 
0.159968 0.189984 0.019715 0.11549 0.0171788 0.0478527 0.0589521 0.100606 0.0619645 0.126439 0.0840859 0.0177645 
0.0621798 0.030407 0.0976486 0.108936 0.0564307 0.0560148 0.184415 0.0562914 0.0407589 0.165906 0.113798 0.0272134 
0.0482269 0.104792 0.0374618 0.215728 0.0825199 0.0389488 0.0399564 0.0912654 0.075645 0.0432846 0.103069 0.119102 
0.109736 0.0464044 0.10804 0.0638822 0.0857196 0.0497503 0.0596197 0.0833297 0.0747391 0.144886 0.141542 0.0323508 
0.237122 0.00660614 0.0065805 0.138121 0.00659857 0.0394025 0.434002 0.00657143 0.00658027 0.0722795 0.0065989 0.0395373 
0.0911819 0.0453701 0.0278162 0.048613 0.0303038 0.0282994 0.065686 0.134564 0.14457 0.13497 0.176506 0.0721184 
0.0878671 0.202918 0.0386356 0.0524791 0.0893364 0.0129498 0.0561337 0.137039 0.13048 0.0723555 0.102771 0.0170346 
0.12594 0.143731 0.179546 0.0578119 0.0715581 0.027742 0.149904 0.0251465 0.0204917 0.0540115 0.118989 0.0251272 
0.0644549 0.0915028 0.0789536 0.0721437 0.0757655 0.0897797 0.0692826 0.0813025 0.184756 0.0701036 0.0575257 0.0644295 
0.182437 0.108347 0.0791844 0.0543124 0.0734435 0.0589754 0.0490345 0.0517833 0.046936 0.0908735 0.0936524 0.11102 
0.105559 0.0952904 0.0692058 0.05664 0.128733 0.100656 0.04653 0.0236689 0.0197301 0.111628 0.0832061 0.159153 
0.0452204 0.108616 0.152009 0.117945 0.0282253 0.0481382 0.0461547 0.083806 0.033237 0.0963112 0.0847182 0.155618 
0.104623 0.0568182 0.214485 0.0638952 0.0419657 0.0451148 0.0829696 0.0711734 0.0903294 0.0533898 0.0677929 0.107443 
0.0402642 0.168926 0.0373718 0.054917 0.114663 0.0370287 0.0663276 0.0825841 0.161767 0.0546162 0.0733198 0.108215 
0.0729902 0.0570279 0.0692366 0.035969 0.0572066 0.0631126 0.152019 0.0651315 0.0852248 0.102324 0.105113 0.134644 
0.0953336 0.0464044 0.262232 0.0361075 0.0491578 0.103692 0.0553628 0.0786844 0.0377711 0.12969 0.0584094 0.0471555 
0.0606659 0.159398 0.0244804 0.0788964 0.0702264 0.0301886 0.217909 0.0677234 0.104333 0.0649601 0.0554475 0.0657716 
0.0216767 0.0208167 0.0358445 0.105014 0.288412 0.0273339 0.00453676 0.140943 0.073605 0.223697 0.0490554 0.0090657 
0.0849745 0.0375787 0.0751158 0.113905 0.297706 0.0468952 0.0507992 0.0472152 0.0726382 0.0703304 0.0511396 0.0517019 
0.0188335 0.0690813 0.104944 0.0243344 0.0569429 0.174108 0.0390572 0.0439347 0.0449643 0.235246 0.130785 0.0577685 
0.116601 0.0841381 0.0507995 0.0835055 0.0931835 0.0626845 0.0609462 0.0861677 0.0735567 0.105536 0.123636 0.0592444 
0.0635266 0.0449082 0.0264307 0.0423074 0.0832694 0.105491 0.148596 0.1046 0.191387 0.0473418 0.109838 0.0323038 
0.139965 0.151615 0.0259974 0.0543397 0.160334 0.060852 0.0900822 0.0479411 0.136811 0.057652 0.0275294 0.0468806 
0.364262 0.0340572 0.0497856 0.105802 0.041803 0.0533732 0.0819977 0.0312883 0.0280121 0.10169 0.0725972 0.0353322 
0.0230853 0.0153217 0.0351997 0.291806 0.00500459 0.0229657 0.0261539 0.00359408 0.330256 0.0508736 0.0930724 0.102668 
0.0181037 0.0125011 0.0275554 0.213409 0.00443214 0.0777358 0.0448804 0.00321831 0.412612 0.0392971 0.069789 0.0764663 
0.0561864 0.0768201 0.0392857 0.190311 0.0682132 0.084286 0.151624 0.0529048 0.0677493 0.0573844 0.0563373 0.098898 
0.0988222 0.0904364 0.0254016 0.0413902 0.0688054 0.0203865 0.0298873 0.0401009 0.10026 0.140886 0.17746 0.166163 
0.0662995 0.103555 0.0799165 0.148885 0.0606032 0.108324 0.0530455 0.0713329 0.0684317 0.0711718 0.13666 0.0317743 
0.0971969 0.0621961 0.0770251 0.0679206 0.0664266 0.101461 0.13153 0.0487934 0.0352264 0.0722111 0.0983647 0.141648 
0.0802375 0.025692 0.0952507 0.12175 0.0794205 0.0271897 0.111533 0.133062 0.100209 0.0774545 0.100033 0.0481686 
0.0510773 0.108597 0.0603573 0.0395618 0.0434705 0.0327063 0.0610228 0.0581864 0.138977 0.177959 0.0921613 0.135923 
0.026798 0.0880908 0.0434054 0.163072 0.0762307 0.0373794 0.0576674 0.047057 0.0865215 0.0687124 0.210289 0.0947773 
0.0662792 0.260512 0.0441548 0.132346 0.0752759 0.065954 0.0300631 0.0828222 0.0471203 0.0196244 0.0802599 0.0955877 
0.0466993 0.162601 0.00819046 0.22073 0.0401205 0.0192869 0.00827531 0.0463883 0.333684 0.0510982 0.034051 0.0288745 
0.127019 0.0353275 0.126912 0.0562017 0.0498074 0.068329 0.0282318 0.0462199 0.262876 0.110669 0.0455655 0.0428405 
0.102948 0.0336465 0.143821 0.0507163 0.0442026 0.0604307 0.0272945 0.0423794 0.306202 0.0901578 0.0576253 0.0405757 
0.0297007 0.19697 0.0450202 0.0946839 0.109557 0.0662763 0.118016 0.0839783 0.0751071 0.0212599 0.128012 0.0314178 
0.085183 0.140646 0.0650821 0.0647514 0.0210547 0.016032 0.160025 0.0287905 0.129755 0.172388 0.081142 0.03515 
0.0826872 0.206652 0.0772044 0.0648749 0.0225882 0.0393152 0.185945 0.0585266 0.0898236 0.093083 0.0382862 0.0410136 
0.0229661 0.256087 0.0464675 0.0910949 0.208112 0.0275275 0.0411509 0.100265 0.0297544 0.0439849 0.097437 0.0351533 
0.0310947 0.095105 0.105418 0.0245497 0.0371301 0.0404188 0.136295 0.066418 0.0507786 0.0694777 0.0859972 0.257317 
0.0794144 0.0944987 0.0594542 0.0643813 0.0264821 0.143663 0.146217 0.0651055 0.0773041 0.0795733 0.0713075 0.092599 
0.118443 0.0583016 0.049117 0.0602734 0.0785517 0.0555702 0.135512 0.0610713 0.0592567 0.0824021 0.0339283 0.207572 
0.0501469 0.0232552 0.336222 0.0273491 0.0159437 0.0415376 0.072265 0.0437334 0.156355 0.0584912 0.109506 0.0651944 
0.0492373 0.0763481 0.0372235 0.117336 0.0367669 0.217724 0.184595 0.0415939 0.0587445 0.0375489 0.10977 0.0331129 
0.116033 0.0887678 0.0415722 0.126504 0.0897513 0.0279596 0.0568543 0.0534659 0.0509263 0.0393499 0.187779 0.121037 
0.0306469 0.0507725 0.293043 0.0492892 0.027783 0.0431343 0.0950693 0.073769 0.138769 0.0285762 0.128147 0.0410012 
0.0921457 0.119136 0.0668095 0.0563215 0.0553029 0.0782702 0.159842 0.0780373 0.0470298 0.0553994 0.0463361 0.145369 
0.0178094 0.124701 0.0799749 0.080134 0.0583052 0.0292524 0.154622 0.115028 0.0393117 0.0621602 0.206578 0.0321235 
0.0660596 0.042494 0.0477084 0.0860398 0.0945825 0.0545171 0.212921 0.12455 0.0495245 0.0570141 0.0964919 0.0680976 
0.0565928 0.0789036 0.111687 0.111269 0.103164 0.0796584 0.0619729 0.0920243 0.145774 0.0584902 0.0520659 0.0483971 
0.013516 0.1068 0.033752 0.195534 0.0233123 0.100932 0.0195132 0.0215859 0.0469515 0.0509173 0.352879 0.0343073 
0.171805 0.0264744 0.0439362 0.0555398 0.0325146 0.0984997 0.0892377 0.0787257 0.0556285 0.0568639 0.233862 0.0569126 
0.128634 0.142628 0.0470099 0.20579 0.116513 0.017069 0.0925168 0.0263102 0.0422537 0.00669682 0.140538 0.0340407 
0.0426197 0.131089 0.0194118 0.166032 0.0661404 0.0514995 0.054993 0.0971703 0.124589 0.139899 0.0732308 0.033325 
0.0938649 0.1235 0.03957 0.0945536 0.123379 0.0369652 0.129081 0.0865997 0.0926264 0.0909087 0.0249462 0.0640056 
0.0307807 0.0757816 0.0463897 0.202516 0.0634011 0.0723376 0.23265 0.0364863 0.0824012 0.0456234 0.0428403 0.0687919 
0.0783908 0.0914115 0.0977225 0.0456055 0.13278 0.114327 0.0712177 0.121322 0.0349471 0.0527185 0.117455 0.0421028 
0.128634 0.142628 0.0470099 0.20579 0.116513 0.017069 0.0925168 0.0263102 0.0422537 0.00669682 0.140538 0.0340407 
0.0333935 0.318465 0.106047 0.146521 0.161574 0.0238996 0.0315041 0.0360603 0.0302669 0.0388313 0.0621625 0.011275 
0.128634 0.142628 0.0470099 0.20579 0.116513 0.017069 0.0925168 0.0263102 0.0422537 0.00669682 0.140538 0.0340407 
0.0269543 0.0882882 0.109687 0.107501 0.0277497 0.0647614 0.0292852 0.0701941 0.149331 0.202421 0.0633105 0.0605156 
0.0965657 0.0645911 0.0220324 0.108174 0.046579 0.0452269 0.035699 0.0329039 0.134458 0.112192 0.168431 0.133147 
0.0481556 0.129899 0.132881 0.0395445 0.0235249 0.165614 0.124139 0.135748 0.0683713 0.0699615 0.0445036 0.0176586 
0.0376052 0.0860918 0.0222664 0.0448469 0.0946676 0.0165136 0.180272 0.153862 0.0664591 0.0974391 0.108259 0.0917174 
0.064657 0.100179 0.0295179 0.158298 0.0714072 0.162315 0.0778296 0.0533883 0.0582513 0.0553067 0.106965 0.0618857 
0.0769914 0.0695471 0.0741463 0.0995784 0.0807904 0.0818987 0.105863 0.103734 0.067747 0.05547 0.074535 0.109699 
0.0253223 0.0492448 0.10421 0.209985 0.196884 0.0215346 0.0197572 0.0485595 0.0885729 0.0902262 0.104883 0.0408204 
0.0638724 0.0593621 0.103962 0.0987359 0.119177 0.10949 0.152063 0.0831157 0.0891145 0.0250516 0.0432546 0.0528009 
0.0212252 0.0390426 0.101546 0.062056 0.140303 0.159065 0.0846219 0.0389341 0.0834901 0.0442222 0.126532 0.098962 
0.110972 0.412328 0.0184527 0.0141869 0.0445288 0.0480906 0.0418594 0.0360599 0.0588693 0.0249245 0.127544 0.0621829 
0.0131843 0.0130967 0.0329987 0.135697 0.0495813 0.0225605 0.138167 0.0135584 0.0747564 0.332345 0.133591 0.0404645 
0.0337699 0.0792085 0.0396987 0.0528913 0.154297 0.0685584 0.0838287 0.0537981 0.125692 0.101048 0.1469 0.0603098 
0.102786 0.113926 0.0544678 0.0401461 0.109609 0.0684888 0.0671631 0.0766626 0.0548408 0.0385037 0.193551 0.0798556 
0.0183799 0.19481 0.0310982 0.0672261 0.0243442 0.154868 0.0922257 0.0422457 0.0850236 0.0827914 0.0981039 0.108884 
0.0327848 0.101829 0.0361006 0.288764 0.0873275 0.0521978 0.0670845 0.0848724 0.0190444 0.0614408 0.0329121 0.135642 
0.0246719 0.0264486 0.0643185 0.065164 0.168545 0.0745819 0.031227 0.110921 0.156737 0.0921324 0.11233 0.0729216 
0.0449113 0.126985 0.0304075 0.151712 0.049477 0.0513964 0.0597617 0.0656807 0.180057 0.0701663 0.0875059 0.0819399 
0.105951 0.0657047 0.0451419 0.11518 0.0772546 0.0704206 0.0693872 0.0523417 0.1318 0.0860075 0.11539 0.06542 
0.0800805 0.10034 0.0919259 0.0883616 0.124881 0.0659713 0.0976101 0.0541661 0.043619 0.0596143 0.0653698 0.12806 
0.0816911 0.0575588 0.200282 0.106927 0.0377325 0.0300373 0.0285689 0.0329689 0.146229 0.100424 0.147946 0.0296343 
0.0249379 0.0123479 0.08667 0.00982103 0.0132451 0.00576108 0.0978278 0.0164053 0.0235742 0.0744847 0.393319 0.241606 
0.0538761 0.0754269 0.0359182 0.198199 0.0332306 0.0579209 0.0548327 0.0991721 0.03864 0.122672 0.0844523 0.14566 
0.0421942 0.0411258 0.0627181 0.0426154 0.0352942 0.0529406 0.0760381 0.0616747 0.0986971 0.0839171 0.324744 0.0780409 
0.132716 0.145655 0.0426053 0.0330012 0.0413855 0.0870964 0.0579464 0.0804066 0.13563 0.131217 0.0254247 0.0869159 
0.0517981 0.0395658 0.0447457 0.0818737 0.124666 0.188378 0.0591609 0.0771786 0.0542409 0.0743258 0.073772 0.130294 
0.112114 0.0542063 0.142234 0.0689258 0.108441 0.10051 0.104775 0.0685381 0.0390035 0.0715095 0.0556858 0.0740563 
0.0327107 0.0756283 0.116044 0.0586392 0.0865486 0.0596944 0.152896 0.08732 0.0718637 0.0788858 0.106096 0.0736746 
0.172117 0.0237586 0.120331 0.017491 0.042779 0.0173273 0.189984 0.00213679 0.104071 0.156413 0.103242 0.0503496 
0.106358 0.180635 0.0297675 0.137441 0.0382775 0.0811468 0.0319867 0.0721807 0.107807 0.0851683 0.0291981 0.100032 
0.114448 0.0205422 0.21884 0.0472026 0.0887562 0.0217118 0.066249 0.200968 0.107845 0.0310092 0.0211214 0.0613078 
0.0460482 0.0598738 0.0460774 0.137255 0.0491464 0.0251398 0.0288635 0.0891008 0.0813779 0.0376071 0.358272 0.0412374 
0.0145313 0.0173319 0.00966575 0.163273 0.0158008 0.0130818 0.13126 0.01281 0.320831 0.149573 0.0995397 0.0523021 
0.0398897 0.105317 0.0359195 0.387417 0.0187578 0.013363 0.0136354 0.0738334 0.0411847 0.053297 0.121835 0.0955503 
0.0680292 0.087679 0.0353865 0.105888 0.0852315 0.0495714 0.176178 0.0575811 0.038449 0.166807 0.0804008 0.0487982 
0.0302467 0.0392333 0.11556 0.142441 0.0494981 0.119533 0.0443524 0.0562622 0.0474805 0.0785897 0.229152 0.0476509 
0.113808 0.11235 0.0419531 0.0950679 0.0425623 0.138043 0.0356328 0.0525201 0.160909 0.0612826 0.0906835 0.055187 
0.0300867 0.130745 0.0346669 0.197982 0.0376422 0.155216 0.0343087 0.0775993 0.042287 0.0436466 0.178001 0.03782 
0.00348638 0.110438 0.00721188 0.39193 0.0100085 0.0231121 0.0271353 0.0715606 0.0358038 0.114218 0.180837 0.0242587 
0.0341631 0.0608577 0.0502219 0.110266 0.0414503 0.118381 0.194171 0.0791201 0.0715297 0.0870346 0.0680641 0.0847408 
0.0204109 0.118999 0.110222 0.0139296 0.0882012 0.279005 0.0426661 0.0872151 0.0529088 0.0529308 0.0866602 0.0468517 
0.113901 0.0454433 0.0562743 0.0743214 0.0521808 0.106301 0.101162 0.12605 0.0835892 0.0524328 0.102006 0.0863386 
0.0473167 0.19585 0.015709 0.0667534 0.0171504 0.140584 0.0570781 0.0691439 0.219586 0.0141027 0.0203944 0.136331 
0.103494 0.0707515 0.0761953 0.0379819 0.112734 0.0297355 0.0597027 0.0597288 0.064444 0.0499775 0.11451 0.220745 
0.0302519 0.0480317 0.0159832 0.061356 0.0111347 0.405563 0.0180959 0.117336 0.00634826 0.12907 0.0287498 0.128079 
0.166557 0.0849998 0.0992085 0.0912489 0.0480742 0.0839356 0.0482252 0.054271 0.122434 0.0955972 0.0413271 0.0641211 
0.0275359 0.0763426 0.105067 0.0589021 0.103516 0.11306 0.0573095 0.0459847 0.26276 0.0361195 0.0648107 0.0485919 
0.0357504 0.0255671 0.0494883 0.203854 0.24839 0.0651153 0.0148172 0.0203908 0.0807149 0.0177052 0.0174931 0.220713 
0.0651856 0.195175 0.0186978 0.0645444 0.0420847 0.153725 0.0414544 0.0123499 0.056032 0.0444388 0.21695 0.089362 
0.0117768 0.00473698 0.16361 0.123308 0.0070917 0.0733935 0.0707067 0.00217441 0.332388 0.0262045 0.120228 0.0643809 
0.0398897 0.105317 0.0359195 0.387417 0.0187578 0.013363 0.0136354 0.0738334 0.0411847 0.053297 0.121835 0.0955503 
0.0276086 0.1295 0.0732436 0.0381026 0.116615 0.247984 0.101814 0.0767007 0.056311 0.0246281 0.0348245 0.0726677 
0.0423178 0.0863992 0.0359891 0.0295106 0.0814843 0.0558111 0.107786 0.0784355 0.0225554 0.123429 0.230089 0.106192 
0.109085 0.0441189 0.0220899 0.142583 0.0642611 0.227712 0.0261802 0.0464356 0.0597242 0.0540837 0.137399 0.0663284 
0.0387688 0.142767 0.0496796 0.121373 0.121581 0.0791621 0.102429 0.0595309 0.0370854 0.0264226 0.0828103 0.13839 
0.0678166 0.0743293 0.0541406 0.16143 0.140034 0.0193724 0.0350587 0.0526275 0.171886 0.0746745 0.0726617 0.0759694 
0.0966081 0.117642 0.0382226 0.102574 0.104621 0.0673092 0.117795 0.0818548 0.0949883 0.0510203 0.0303146 0.09705 
0.075098 0.122344 0.0381631 0.0411509 0.160238 0.0614089 0.102328 0.114662 0.066633 0.0942524 0.025842 0.0978799 
0.184425 0.108125 0.0931369 0.0565118 0.0347603 0.052634 0.037539 0.0387896 0.0951911 0.0809952 0.143026 0.0748663 
0.103536 0.118945 0.0262982 0.147521 0.0281063 0.0510762 0.0381715 0.0509696 0.0707977 0.0639294 0.186829 0.113821 
0.22228 0.119079 0.0646137 0.0667199 0.0391654 0.0393119 0.0380762 0.0527274 0.050379 0.043843 0.169536 0.0942695 
0.206953 0.176582 0.0241823 0.0891263 0.115778 0.0567882 0.0414354 0.0421597 0.0279977 0.03127 0.107426 0.0803013 
0.100073 0.0493648 0.0641513 0.122562 0.0151469 0.0588809 0.159183 0.0210207 0.0866465 0.134291 0.155637 0.0330429 
0.128343 0.136806 0.049321 0.0909942 0.138283 0.125867 0.0301386 0.0614363 0.027773 0.0390073 0.123233 0.0487978 
0.0139054 0.0824212 0.0706966 0.0707028 0.0508902 0.0984639 0.0633295 0.0231428 0.119377 0.323263 0.062604 0.0212038 
0.0638644 0.177879 0.0322476 0.137774 0.138508 0.0345948 0.0693598 0.0563632 0.0886113 0.0938322 0.0557053 0.0512606 
0.0501556 0.208499 0.0642244 0.0846547 0.0446731 0.0475185 0.0267745 0.0607257 0.100099 0.0673853 0.0705234 0.174767 
0.0624136 0.174386 0.0612819 0.107138 0.0908573 0.109049 0.0894886 0.0523529 0.0493626 0.0264506 0.0891439 0.0880758 
0.0417275 0.15752 0.0382456 0.0935529 0.0828581 0.132702 0.0581004 0.0863068 0.0611458 0.0937669 0.0894501 0.0646242 
0.0402998 0.105038 0.0441452 0.0268233 0.0615574 0.0589813 0.179624 0.0955979 0.128049 0.0626202 0.131212 0.0660513 
0.0342816 0.0528208 0.0418054 0.0927532 0.0797979 0.0472567 0.112841 0.0190365 0.0785264 0.0762225 0.276081 0.088577 
0.0194339 0.119761 0.0315496 0.0502284 0.0663375 0.0292131 0.196266 0.0491918 0.100561 0.061347 0.198727 0.0773835 
