0.108259 0.0131929 0.0431521 0.0740703 0.0556797 0.153414 0.0222993 0.0774321 0.0450888 0.0625779 0.122722 0.0533967 0.168716 
0.0460186 0.0433112 0.106117 0.0423976 0.0659455 0.0455203 0.0528728 0.0427019 0.0903023 0.0909945 0.13866 0.0976868 0.137471 
0.117734 0.0290098 0.0517932 0.0392256 0.0493442 0.0643015 0.11223 0.111152 0.172287 0.0535326 0.0677122 0.020537 0.11114 
0.0830151 0.109905 0.0607265 0.0420411 0.0506638 0.136667 0.0654822 0.159234 0.0522438 0.0381374 0.0505615 0.101878 0.049444 
0.0473031 0.0514941 0.203116 0.0451462 0.08903 0.0820946 0.0464654 0.0410344 0.0552335 0.0726995 0.0649386 0.049469 0.151976 
0.0470796 0.0896905 0.0792602 0.110147 0.10217 0.0325707 0.103031 0.109872 0.0754792 0.0193541 0.0949342 0.0750477 0.0613637 
0.0635713 0.0601606 0.0546845 0.105307 0.205406 0.0177964 0.0405848 0.139005 0.0578244 0.047333 0.0774305 0.0477131 0.0831835 
0.0588365 0.0167144 0.0282769 0.0589966 0.0441076 0.082922 0.119657 0.108197 0.0541447 0.0456708 0.134475 0.0251971 0.222804 
0.130188 0.00760857 0.0581778 0.0132729 0.042635 0.0486921 0.040743 0.151385 0.0387898 0.0812544 0.0735889 0.101281 0.212384 
0.238582 0.0269926 0.0561234 0.0254852 0.105643 0.0629859 0.0162175 0.12576 0.0692577 0.0211973 0.102887 0.0407155 0.108153 
0.136019 0.00606492 0.0418949 0.191241 0.00672726 0.00684021 0.0408005 0.00636989 0.0701499 0.437874 0.00670657 0.0430475 0.00626445 
0.0744156 0.0342047 0.0434686 0.0240831 0.127937 0.0888244 0.07202 0.149772 0.0553265 0.0377998 0.0726914 0.03828 0.181177 
0.0475282 0.0178103 0.0638018 0.0215878 0.0404028 0.104609 0.0824503 0.101301 0.0331967 0.0409212 0.189417 0.0337403 0.223234 
0.0793418 0.0360122 0.0448873 0.0529805 0.0783425 0.0460799 0.0209756 0.0966457 0.231493 0.0237235 0.176769 0.0659495 0.0468002 
0.0752696 0.0646727 0.0332188 0.0318152 0.243237 0.0278482 0.0336211 0.174176 0.0152668 0.00162683 0.0293876 0.257206 0.0126536 
0.078661 0.0226314 0.0496896 0.0666113 0.0838111 0.135503 0.149752 0.0286899 0.0317075 0.0380013 0.138831 0.0572639 0.118847 
0.0272384 0.0953431 0.315241 0.0754643 0.0466178 0.0560953 0.00650039 0.0500299 0.0495822 0.00912041 0.0188072 0.0268224 0.223138 
0.0854343 0.0176264 0.091371 0.0362086 0.0490374 0.0489496 0.0864142 0.0764587 0.0716567 0.0548164 0.0657197 0.0325436 0.283763 
0.0928184 0.0082466 0.0437095 0.0161943 0.0541958 0.0638118 0.0358764 0.110089 0.035801 0.0304705 0.120308 0.036661 0.351817 
0.0231486 0.0107229 0.0512118 0.0197988 0.147439 0.120912 0.117431 0.0859817 0.00974793 0.0357756 0.0555493 0.270272 0.0520098 
0.0529857 0.0761413 0.0609145 0.0290292 0.0312066 0.0507696 0.125106 0.0994696 0.0687604 0.0855023 0.110061 0.139746 0.0703068 
0.116179 0.0491064 0.0527637 0.0362596 0.130437 0.0368348 0.0711716 0.147767 0.0637239 0.0952722 0.0495366 0.0226315 0.128317 
0.0573146 0.0163427 0.0724987 0.045658 0.0869896 0.151149 0.0363629 0.0328111 0.0508158 0.0786498 0.0603479 0.0526629 0.258396 
0.131437 0.027338 0.0617121 0.0307795 0.0919795 0.0727784 0.0586839 0.171774 0.0766647 0.0579691 0.0638678 0.0664242 0.0885921 
0.062521 0.020645 0.102076 0.0636316 0.132621 0.0707509 0.0458143 0.188234 0.0610044 0.05681 0.0490301 0.0456835 0.101179 
0.048982 0.0609775 0.0326804 0.0250587 0.0874431 0.10799 0.0408834 0.0547489 0.061169 0.0938077 0.116592 0.16017 0.109497 
0.13184 0.0213605 0.0706263 0.0388855 0.0767434 0.0905809 0.0482443 0.168436 0.0437636 0.031907 0.10151 0.0203174 0.155785 
0.0409391 0.0179853 0.073699 0.0547815 0.0994664 0.0777499 0.0312984 0.0637268 0.0878157 0.0566828 0.138965 0.0348126 0.222078 
0.452321 0.00157046 0.052295 0.00523295 0.0768623 0.149709 0.0355472 0.093822 0.00613814 0.029753 0.018144 0.0160357 0.0625682 
0.0761619 0.196668 0.104028 0.0949188 0.0549352 0.0626238 0.0642495 0.0545183 0.0288353 0.0302634 0.0685315 0.137502 0.0267647 
0.0918183 0.00655708 0.0553305 0.0414853 0.0929592 0.119903 0.0656605 0.185118 0.0764264 0.0333749 0.118969 0.0572515 0.0551457 
0.0673022 0.0335091 0.0277439 0.0146681 0.0370636 0.0399811 0.0510072 0.180184 0.0673564 0.0289364 0.0702864 0.29186 0.0901009 
0.108521 0.0129323 0.0449774 0.037257 0.0589674 0.0760905 0.0673883 0.142231 0.0468067 0.0786306 0.0889819 0.0620469 0.175168 
0.0888647 0.0415021 0.0912497 0.0591015 0.0336272 0.0375303 0.0428984 0.0433276 0.0875064 0.0613516 0.09739 0.163169 0.152482 
0.0268598 0.116633 0.00449407 0.0945641 0.0537682 0.342038 0.0415305 0.0735023 0.0121518 0.0326389 0.0949055 0.0404931 0.0664216 
0.0776318 0.217099 0.067541 0.0165079 0.0120169 0.0470802 0.0362798 0.0234142 0.0362496 0.0292684 0.0635527 0.209025 0.164334 
0.0825952 0.059416 0.0400576 0.0197895 0.0862301 0.0587653 0.0728043 0.0696723 0.0560681 0.0445669 0.0409704 0.15927 0.209794 
6.82028e-05 0.0010218 7.35242e-05 0.038416 7.0837e-05 7.20264e-05 0.00472585 0.000737815 6.71515e-05 0.00347695 0.94849 7.55471e-05 0.00270451 
0.102544 0.0539569 0.0486316 0.0405134 0.1104 0.169853 0.0487786 0.0782367 0.0364767 0.0731699 0.0785274 0.0240364 0.134876 
0.126246 0.0247782 0.0612386 0.0829794 0.0388498 0.194152 0.0329708 0.150514 0.0366654 0.0509939 0.0532111 0.0383585 0.109042 
0.1427 0.0541391 0.0543216 0.137081 0.0619362 0.0621078 0.0539989 0.0617836 0.0581365 0.0961446 0.102677 0.0518724 0.0631012 
0.0548362 0.397267 0.0395605 0.0355974 0.0343405 0.0105176 0.0194074 0.040847 0.0264079 0.0480224 0.0402389 0.0928145 0.160143 
0.233733 0.0125202 0.05204 0.0418751 0.0960989 0.0781102 0.0391261 0.0651428 0.0478364 0.0367431 0.0310382 0.0571033 0.208633 
0.233733 0.0125202 0.05204 0.0418751 0.0960989 0.0781102 0.0391261 0.0651428 0.0478364 0.0367431 0.0310382 0.0571033 0.208633 
0.143823 0.0119408 0.138076 0.0447748 0.0958071 0.0604961 0.0818547 0.113172 0.0838732 0.0282868 0.0717772 0.0465279 0.0795896 
0.190421 0.23671 0.0236841 0.0631247 0.0454917 0.0528821 0.0691716 0.0531345 0.0407779 0.124687 0.0269616 0.0186304 0.0543228 
0.0828435 0.0319416 0.0486562 0.0128247 0.081233 0.108199 0.0374774 0.17519 0.0475321 0.0567292 0.0311666 0.0628738 0.223333 
0.0098247 0.0119678 0.0177829 0.125138 0.0717756 0.0251061 0.208728 0.127232 0.00161221 0.00131062 0.000478811 0.397276 0.00176699 
0.0666706 0.0219449 0.129819 0.0506338 0.0464825 0.271715 0.0876562 0.0480467 0.0474881 0.0304735 0.133033 0.0180762 0.04796 
0.146205 0.11081 0.0312672 0.00593992 0.0220155 0.125319 0.0434618 0.206525 0.0066121 0.0222982 0.0810191 0.120607 0.0779204 
0.0512468 0.0490889 0.0464576 0.0812061 0.188907 0.0588529 0.0593146 0.084652 0.0798468 0.0846363 0.0925029 0.0544011 0.0688876 
0.0908455 0.0119231 0.0811434 0.0455444 0.0991837 0.0450001 0.0585485 0.261959 0.0320334 0.0105719 0.105092 0.0657508 0.0924049 
0.0902559 0.0417529 0.034077 0.0473035 0.0720339 0.124521 0.0311702 0.120976 0.0548674 0.0907984 0.135974 0.0512516 0.105018 
0.152733 0.0145499 0.0707837 0.0322918 0.052967 0.0848005 0.0661603 0.136216 0.0731727 0.0592383 0.0801095 0.070418 0.106559 
0.0367623 0.168096 0.0176941 0.122837 0.0816253 0.15156 0.0175182 0.149293 0.0644085 0.0554671 0.0563191 0.0581924 0.0202271 
0.0639251 0.166117 0.050845 0.00890785 0.181024 0.0677699 0.0266572 0.0405195 0.152123 0.0670792 0.0399063 0.0391849 0.0959417 
0.023831 0.241173 0.167144 0.0261875 0.0413035 0.0309111 0.0610622 0.0137537 0.107408 0.0932349 0.0375771 0.0636745 0.0927389 
0.0250758 0.615546 0.00242288 0.00198032 0.0489873 0.141828 0.0118603 0.0701978 0.0385536 0.0112442 0.00890538 0.0114348 0.011964 
0.0591643 0.055421 0.0749499 0.0234229 0.0203791 0.122875 0.0777345 0.0272411 0.100499 0.091118 0.0462474 0.0364 0.264548 
0.0393988 0.0853695 0.255747 0.0241187 0.0534315 0.0439457 0.192835 0.0142212 0.0741289 0.0567286 0.0426145 0.0390798 0.078381 
0.0382726 0.0407114 0.0959524 0.0680024 0.0184151 0.112256 0.0521507 0.0573892 0.0684662 0.0969106 0.0668298 0.0578043 0.226839 
0.0506597 0.140799 0.0282609 0.0147671 0.0199276 0.183998 0.065043 0.146421 0.0524503 0.0743485 0.121554 0.039166 0.0626062 
0.0275983 0.0648672 0.0514692 0.0207504 0.084691 0.0795088 0.0756902 0.0196445 0.0636095 0.136056 0.0630754 0.118543 0.194496 
0.00624435 0.555691 0.0245292 0.0318931 0.0232376 0.0602524 0.0236865 0.0214718 0.162923 0.0282343 0.0148622 0.0261275 0.0208468 
0.0996064 0.137219 0.0372491 0.0247292 0.170991 0.0556512 0.122721 0.0421119 0.0384001 0.0680894 0.0543804 0.0412288 0.107622 
0.184768 0.0863894 0.202901 0.0150677 0.0579467 0.0337581 0.0618173 0.0629579 0.125621 0.0473248 0.0469663 0.0227533 0.0517283 
0.157965 0.0982137 0.163053 0.0135177 0.194885 0.0289017 0.0499065 0.0520848 0.103254 0.0391791 0.0384718 0.0187755 0.0417926 
0.0142617 0.118279 0.113375 0.0172963 0.00217423 0.000777852 0.347577 0.00150804 0.00193388 0.000553744 0.267492 0.113393 0.00137893 
0.10666 0.0786641 0.0581222 0.0366023 0.121264 0.0189094 0.138132 0.111765 0.0545214 0.112721 0.0672505 0.0611533 0.0342349 
0.118245 0.102669 0.0370755 0.0917781 0.17641 0.0220377 0.0767853 0.149131 0.0352981 0.0127079 0.068069 0.0664893 0.0433042 
0.00339105 0.20212 0.0955638 0.205799 0.0089837 0.00381254 0.0316721 0.0028814 0.0132616 0.0145864 0.00320146 0.277634 0.137093 
0.0583237 0.14846 0.0785464 0.0280632 0.0529325 0.0623057 0.0356354 0.0763589 0.163755 0.119626 0.0780196 0.0363931 0.0615809 
0.0523787 0.0214906 0.0909936 0.0492778 0.0832171 0.101771 0.0670823 0.0569291 0.119966 0.040873 0.0614449 0.0391326 0.215444 
0.0704904 0.330539 0.0342601 0.0341446 0.0342713 0.117893 0.0973558 0.0251395 0.0948589 0.0570864 0.0631007 0.0192209 0.0216399 
0.00348451 0.318444 0.033641 0.0457672 0.0283426 0.0257728 0.207663 0.0164656 0.0918863 0.0300811 0.00809396 0.134707 0.0556508 
0.0249838 0.0599119 0.101277 0.084068 0.0914119 0.050108 0.0860993 0.13139 0.10883 0.0713994 0.0587914 0.0920148 0.0397148 
0.0698579 0.0166642 0.045218 0.065467 0.121511 0.0851712 0.203976 0.0495768 0.0179444 0.0777884 0.150846 0.0651338 0.0308456 
0.178596 0.112556 0.08506 0.0606432 0.0651675 0.0380373 0.104971 0.0479583 0.0940123 0.059404 0.0827421 0.0355951 0.0352574 
0.130362 0.0337443 0.0296849 0.0280209 0.1189 0.109059 0.0497389 0.0729211 0.0954392 0.0188281 0.168618 0.0521284 0.0925557 
0.0841337 0.0666932 0.125901 0.097083 0.0972133 0.0407597 0.0941228 0.0839312 0.0599347 0.0606109 0.128119 0.0314367 0.0300608 
0.0950358 0.0671841 0.140233 0.0265055 0.0620168 0.0949936 0.0550178 0.0553358 0.0406746 0.0887408 0.117608 0.023241 0.133414 
0.0656993 0.0839654 0.0773791 0.0413459 0.093367 0.047939 0.0549656 0.0451399 0.131171 0.127945 0.0606292 0.0782331 0.0922205 
0.0416488 0.0675379 0.091788 0.029116 0.0885699 0.0900658 0.106922 0.104068 0.0584268 0.0731677 0.0905519 0.0391524 0.118984 
0.00710252 0.228737 0.066616 0.0467162 0.0455503 0.0367745 0.0317331 0.0157969 0.107921 0.308764 0.0720921 0.0133123 0.0188835 
0.00683055 0.336354 0.059099 0.0279803 0.0604295 0.0334847 0.0213325 0.0205498 0.144693 0.209064 0.0466506 0.0178819 0.0156502 
0.0685863 0.0295758 0.0388255 0.0482008 0.0377172 0.0335687 0.0511312 0.15529 0.12809 0.0371974 0.20537 0.0622181 0.104229 
0.105587 0.130801 0.0647217 0.0528975 0.0904167 0.102483 0.0337748 0.0420049 0.0439982 0.12318 0.0686237 0.0536978 0.087814 
0.0241787 0.256682 0.0515688 0.0245608 0.0623426 0.0519719 0.227769 0.0292869 0.0723373 0.0267049 0.0832391 0.02181 0.067548 
0.0758304 0.163014 0.157577 0.0864846 0.0737788 0.148986 0.0202409 0.0497775 0.0434925 0.0320049 0.0851461 0.0301915 0.0334762 
0.131195 0.16374 0.0204497 0.010484 0.0301399 0.34308 0.00420979 0.048176 0.107733 0.0146951 0.0952078 0.0245212 0.00636907 
0.000984628 0.000311154 0.136522 0.0141039 0.0124343 0.112036 0.0772984 0.00114045 0.00973748 0.00565811 0.0780053 0.00408167 0.547686 
0.0424016 0.229803 0.0704303 0.0485394 0.0907671 0.090616 0.122712 0.0378466 0.0716526 0.0443889 0.0400162 0.0957691 0.0150571 
0.0741778 0.0694575 0.0799654 0.0842366 0.0770428 0.0783364 0.0778768 0.0729501 0.0730344 0.0822079 0.0768059 0.0821656 0.0717426 
0.0567661 0.0985741 0.0698427 0.0415111 0.0505547 0.0653243 0.0871702 0.181269 0.039509 0.189718 0.0453669 0.0298364 0.044557 
0.0439703 0.0655703 0.0187121 0.0597234 0.20764 0.0415859 0.0487185 0.083216 0.121764 0.0928876 0.0825149 0.0411903 0.0925067 
0.115507 0.0884616 0.155931 0.120255 0.0304444 0.066646 0.117073 0.0301374 0.0478425 0.0798589 0.0384843 0.0862997 0.0230602 
0.0882881 0.0150968 0.0474101 0.0458712 0.248577 0.0918148 0.0547373 0.0806112 0.120119 0.0630899 0.0384528 0.0250776 0.0808537 
0.064423 0.152027 0.0775271 0.0359873 0.0174325 0.0444769 0.0617282 0.210447 0.0187699 0.0142081 0.227914 0.0478428 0.0272162 
0.0112528 0.13851 0.0173177 0.0460711 0.0160055 0.0556135 0.083553 0.189233 0.102889 0.0238472 0.128812 0.0762664 0.110629 
0.0630426 0.143922 0.0690672 0.0562447 0.0653908 0.163637 0.0359698 0.0453689 0.0668298 0.0424453 0.0618181 0.166799 0.0194647 
0.14528 0.0171675 0.0154012 0.0216903 0.171443 0.0665279 0.160006 0.0678659 0.0444434 0.0459646 0.19049 0.0132536 0.0404665 
0.0454541 0.0268519 0.0697791 0.0425368 0.0315371 0.0881245 0.0700964 0.156228 0.0325101 0.127383 0.0663936 0.136317 0.106788 
0.045789 0.074352 0.0599088 0.0715118 0.0991715 0.0408009 0.158309 0.0561913 0.140333 0.0504784 0.126237 0.0401903 0.0367267 
0.200825 0.0788072 0.00988146 0.000946296 0.0744315 0.00968015 0.311447 0.0499898 0.0418433 0.000923506 0.100087 0.116302 0.00483564 
0.0701892 0.00664295 0.0787199 0.00591165 0.0145407 0.0172781 0.218873 0.0138844 0.269943 0.0113293 0.0160239 0.0162922 0.260372 
0.0178559 0.0304242 0.0402379 0.0986589 0.00835157 0.0853583 0.189986 0.211273 0.041644 0.1333 0.028513 0.0521675 0.0622293 
0.00376518 0.49255 0.0340432 0.0294549 0.0322916 0.013749 0.125503 0.0138131 0.149856 0.0574397 0.022827 0.0174832 0.00722375 
0.159891 0.0398883 0.0226875 0.0357339 0.0310825 0.0362322 0.068389 0.0398174 0.0308081 0.109982 0.319874 0.0820587 0.0235562 
0.0333088 0.087479 0.0992668 0.032435 0.0633241 0.115251 0.151609 0.045403 0.0804368 0.0426056 0.0603779 0.0773665 0.111136 
0.0468142 0.033304 0.0472985 0.145525 0.0590218 0.069186 0.0609898 0.0765622 0.0788895 0.189235 0.0937537 0.0520902 0.0473298 
0.0580082 0.218589 0.087605 0.0228836 0.0622153 0.0327706 0.0374727 0.038643 0.065217 0.0556908 0.113343 0.0628907 0.144671 
0.117879 0.0125718 0.0520325 0.0482951 0.070703 0.156812 0.0266961 0.160803 0.0265517 0.0290277 0.108906 0.0507982 0.138924 
0.0751852 0.171532 0.0738966 0.0497269 0.0197184 0.0282955 0.101492 0.0784979 0.0705238 0.0390668 0.101675 0.0196087 0.170781 
0.176542 0.0386606 0.0360535 0.0809202 0.0328644 0.227139 0.113714 0.0739004 0.0204778 0.0527328 0.0750406 0.0440547 0.0278996 
0.0273864 0.0997701 0.0315106 0.0311159 0.0748639 0.132044 0.120942 0.0753105 0.0834707 0.0556303 0.0256681 0.160251 0.0820372 
0.0635521 0.0909673 0.0531592 0.143012 0.0310463 0.0628306 0.0885522 0.0938792 0.0725719 0.108043 0.0439882 0.0918962 0.0565019 
0.0670356 0.0937713 0.0820005 0.0353897 0.0919437 0.0491852 0.184287 0.0627614 0.113148 0.0649608 0.0650457 0.0518317 0.0386391 
0.0782219 0.0605827 0.0698135 0.070747 0.0561321 0.0610757 0.0486122 0.0920696 0.0737908 0.0575191 0.0632714 0.0528586 0.215305 
0.00472642 0.0452395 0.044646 0.0164731 0.0917979 0.0957473 0.134472 0.058051 0.195064 0.0195842 0.0172905 0.0610795 0.215828 
0.0203943 0.0259009 0.0468766 0.0536299 0.0390347 0.0966974 0.0611024 0.0411802 0.233414 0.0943231 0.180803 0.0543419 0.0523013 
0.0898107 0.136472 0.0523109 0.0323273 0.087123 0.0648998 0.12775 0.0815213 0.0748972 0.0638589 0.0491667 0.0474689 0.0923935 
0.0666156 0.087891 0.0496146 0.0449391 0.02144 0.0795698 0.0199613 0.168095 0.252444 0.0466835 0.0760968 0.0495743 0.0370754 
0.0295068 0.204904 0.0746192 0.03437 0.0457021 0.0276831 0.0765433 0.0285193 0.0356818 0.0261122 0.076747 0.289069 0.0505415 
0.0916951 0.132468 0.0489011 0.0966352 0.045523 0.0554791 0.101985 0.0467042 0.151119 0.0452724 0.0724247 0.0325274 0.079266 
0.042878 0.036706 0.0415999 0.0273417 0.0303602 0.0790177 0.119622 0.0298112 0.0235668 0.0938277 0.055325 0.268104 0.15184 
0.0701731 0.200184 0.0560467 0.0315185 0.0324304 0.0686514 0.176106 0.0577074 0.0416937 0.028265 0.0582107 0.0591182 0.119895 
0.0245133 0.0962938 0.0796781 0.0249654 0.0245286 0.0723623 0.24122 0.0402398 0.207876 0.0551066 0.0339845 0.0625061 0.0367253 
0.0139085 0.114952 0.2767 0.0313478 0.0129156 0.0661673 0.0540897 0.195019 0.0791283 0.0938401 0.00229431 0.0295242 0.0301132 
0.056677 0.159256 0.0761551 0.0744248 0.0243568 0.0317086 0.215718 0.101899 0.121754 0.0541146 0.0369903 0.0276345 0.019311 
0.028168 0.0903112 0.0782014 0.0249867 0.0264355 0.0735261 0.293096 0.0379543 0.169802 0.0532439 0.0326778 0.0569954 0.0346012 
0.156304 0.0142018 0.0867475 0.0244001 0.0595102 0.1139 0.0712123 0.151645 0.166339 0.0284816 0.109494 0.00513339 0.0126316 
0.141152 0.107118 0.0210634 0.0288767 0.115657 0.0595095 0.149904 0.0652843 0.0484477 0.0635518 0.108019 0.0536648 0.0377528 
0.0237252 0.200736 0.104655 0.049202 0.0490377 0.140239 0.148521 0.0268426 0.0403887 0.0271564 0.0265267 0.131881 0.0310883 
0.0425727 0.087659 0.101629 0.0330819 0.0567551 0.069665 0.148077 0.0509687 0.123797 0.0888486 0.0507712 0.0904854 0.0556893 
0.0438175 0.0659371 0.104424 0.0455984 0.103045 0.0714417 0.0934269 0.0554333 0.0190549 0.0822819 0.116081 0.169195 0.0302632 
0.0164235 0.121136 0.208421 0.0609583 0.13532 0.0378009 0.0303959 0.0782735 0.0566301 0.0697376 0.0407528 0.0315339 0.112616 
0.03593 0.0864774 0.0465849 0.0392025 0.0728579 0.14602 0.0945667 0.163765 0.0784311 0.045656 0.0643446 0.0750942 0.0510701 
0.00939012 0.352333 0.025443 0.0228804 0.0944667 0.0313644 0.180963 0.062385 0.0455823 0.0397682 0.0261798 0.0312178 0.0780265 
0.0373779 0.17403 0.0466173 0.0433405 0.0849521 0.0895488 0.164248 0.0320263 0.0578958 0.0634267 0.0314608 0.169981 0.00509472 
0.0214477 0.173406 0.0415881 0.0400672 0.0338155 0.0477894 0.0644643 0.0377262 0.0327916 0.179335 0.0100985 0.258848 0.0586219 
0.132045 0.123758 0.0714292 0.048573 0.0357628 0.0482831 0.0931321 0.0655764 0.147137 0.0384454 0.115146 0.0607675 0.0199447 
0.0402279 0.196846 0.0417077 0.0275845 0.0410032 0.0520957 0.0628614 0.0996437 0.268872 0.0246962 0.0471549 0.0609809 0.0363253 
0.144566 0.0269146 0.017052 0.015533 0.0250849 0.0871839 0.144839 0.245484 0.0606505 0.0269432 0.0582992 0.101156 0.0462944 
0.109502 0.130323 0.0943827 0.0773436 0.0527676 0.06106 0.0631032 0.0689635 0.0585674 0.115263 0.0677609 0.0772326 0.0237296 
0.0375566 0.276734 0.0563439 0.0146924 0.0736544 0.1379 0.03326 0.115863 0.0884472 0.0478593 0.0359326 0.0391853 0.0425719 
0.00857859 0.34301 0.0992726 0.0103326 0.0404139 0.0210307 0.0699051 0.147574 0.0546113 0.0354395 0.0657037 0.0924295 0.0116986 
0.07216 0.140608 0.0126131 0.0072845 0.0111777 0.0157879 0.0138785 0.0425213 0.00700804 0.0947631 0.5187 0.00609544 0.0574022 
0.022333 0.279001 0.0367836 0.0167078 0.0935351 0.12829 0.0323899 0.0884803 0.0256614 0.0479852 0.0599195 0.111178 0.0577355 
0.125341 0.0624285 0.100987 0.0642168 0.0496918 0.0806841 0.0833552 0.0605999 0.0924015 0.0622365 0.0918758 0.0650753 0.0611074 
0.0915144 0.0268377 0.138165 0.0260269 0.0569065 0.0303068 0.121976 0.0851237 0.0988857 0.0839562 0.137999 0.0653244 0.0369778 
0.0830258 0.0104434 0.160509 0.0342129 0.121752 0.063374 0.0630454 0.0727133 0.121563 0.0792442 0.104006 0.058612 0.0274981 
0.0370008 0.223453 0.032611 0.0471605 0.0727004 0.0210533 0.168461 0.025546 0.0469121 0.165546 0.0611531 0.0654427 0.0329606 
0.0768251 0.0724497 0.0722844 0.0283398 0.147174 0.148184 0.149068 0.0356131 0.0246671 0.0411728 0.0853554 0.0629578 0.0559091 
0.0542681 0.0361992 0.176288 0.0895313 0.0610188 0.127777 0.114797 0.0434176 0.0380634 0.0428443 0.0816334 0.0914626 0.0426989 
0.0633779 0.113886 0.0329362 0.0309513 0.107041 0.00977793 0.105021 0.0101518 0.0154252 0.437085 0.0218507 0.0235722 0.0289232 
0.0375733 0.338855 0.027399 0.0592156 0.0172447 0.0204427 0.0540842 0.0104349 0.122166 0.0904827 0.110545 0.095375 0.0161816 
0.0359024 0.0837383 0.16348 0.0321924 0.144602 0.056021 0.0501167 0.121177 0.0331032 0.0354518 0.0737698 0.0608775 0.109568 
0.132692 0.0829507 0.0500605 0.0237595 0.159878 0.072299 0.0765172 0.0738231 0.0326406 0.062528 0.0428742 0.0308193 0.159158 
0.0486219 0.100902 0.00863295 0.0419316 0.312729 0.116528 0.153108 0.0163581 0.0106585 0.0515649 0.0587702 0.0673608 0.0128339 
0.0168006 0.101604 0.145974 0.123377 0.0658796 0.0441289 0.253143 0.0230865 0.0191793 0.0471983 0.0599814 0.0173056 0.0823418 
0.0737944 0.0398987 0.08024 0.194933 0.0750696 0.0760815 0.0682339 0.0876751 0.0845916 0.0397861 0.0752422 0.047617 0.0568368 
0.0198598 0.085083 0.0583052 0.273997 0.0327872 0.075266 0.0557825 0.0207755 0.15821 0.0790518 0.0613741 0.0332833 0.0462252 
0.142943 0.204551 0.105905 0.037674 0.071595 0.0643187 0.0587729 0.0660432 0.0218953 0.048378 0.12236 0.0239571 0.031607 
0.201475 0.00521713 0.12772 0.108585 0.0712917 0.0665181 0.0122692 0.0809333 0.118791 0.0969541 0.0358869 0.000470662 0.0738874 
0.0898563 0.112089 0.18467 0.0511886 0.0676586 0.0724511 0.0473697 0.128113 0.0445532 0.0479404 0.0416927 0.0337241 0.0786933 
0.0161996 0.28477 0.0619745 0.0159832 0.0377 0.0950905 0.1049 0.0552623 0.0379692 0.0526648 0.140317 0.0500402 0.0471283 
0.110882 0.0243341 0.0608282 0.0278319 0.063135 0.0599764 0.0371249 0.0756449 0.0281567 0.125423 0.249258 0.0472568 0.0901488 
0.0491738 0.173466 0.069782 0.0223973 0.0423827 0.0502348 0.158895 0.0296878 0.10546 0.065969 0.125424 0.0815495 0.0255783 
0.0225791 0.0952636 0.243561 0.0459642 0.122336 0.0112165 0.0619868 0.0354461 0.0610922 0.150129 0.0747111 0.0208226 0.054892 
0.013346 0.0106626 0.0034063 0.0125963 0.086468 0.214174 0.139498 0.0397679 0.0773761 0.0930444 0.0637899 0.161195 0.0846749 
0.00878784 0.193196 0.0771745 0.0489483 0.0723345 0.0098742 0.0361118 0.124923 0.108732 0.057263 0.0461434 0.112578 0.103934 
0.0439326 0.0258635 0.133021 0.0508647 0.0407499 0.0554302 0.160261 0.0669115 0.128286 0.0485295 0.106727 0.0650753 0.0743473 
0.0241754 0.10798 0.0758571 0.125365 0.0301163 0.0283166 0.0310427 0.0874149 0.131632 0.169567 0.0535667 0.0581696 0.0767963 
0.19971 0.0464662 0.0917836 0.0561565 0.0561341 0.0842897 0.0298566 0.0987799 0.0586541 0.0558775 0.15564 0.0274755 0.0391759 
0.033064 0.07426 0.0238394 0.10374 0.0744242 0.0843587 0.0742897 0.09095 0.0583803 0.0293687 0.105433 0.0337315 0.21416 
0.0106486 0.136915 0.0732738 0.0897592 0.0410903 0.0158988 0.195438 0.0495601 0.229036 0.0290257 0.0416235 0.0665311 0.0211999 
0.0295973 0.0923705 0.0356322 0.0714216 0.0830503 0.186047 0.164088 0.0438815 0.0825268 0.0643406 0.0481454 0.0572088 0.0416891 
0.073042 0.0774983 0.0878317 0.0442962 0.0878068 0.0509026 0.0689639 0.0801949 0.20302 0.057758 0.067424 0.0529645 0.0482975 
0.115605 0.074426 0.0474173 0.106418 0.142196 0.0208923 0.0775571 0.055762 0.035986 0.0762085 0.0482949 0.102582 0.0966548 
0.238826 0.0805665 0.0067134 0.0179652 0.0111933 0.106617 0.149006 0.139676 0.0414507 0.0476898 0.0870787 0.0238478 0.0493685 
0.0536954 0.0779978 0.0177931 0.0295205 0.0367697 0.118696 0.125886 0.0995182 0.0386623 0.153294 0.0733564 0.11975 0.0550604 
0.0846702 0.0849282 0.109973 0.0701433 0.0618775 0.0397779 0.0710265 0.0699422 0.0712027 0.0847648 0.0490123 0.0480853 0.154596 
0.0161763 0.122391 0.109036 0.111801 0.0510496 0.072583 0.130648 0.0735679 0.0281639 0.0479007 0.0502015 0.0698606 0.11662 
0.0803929 0.0682244 0.135 0.0592157 0.0393775 0.0714668 0.117652 0.0674379 0.0950754 0.0430369 0.0941757 0.0773743 0.0515705 
0.0640631 0.0357841 0.0692896 0.152782 0.0544687 0.0431188 0.182147 0.0391208 0.0999331 0.0754537 0.0733478 0.0579764 0.0525145 
0.111664 0.108624 0.121743 0.0766973 0.0583358 0.134723 0.0103616 0.242796 0.0472788 0.00817544 0.0308794 0.0331476 0.0155744 
0.0413218 0.212924 0.0313576 0.0254934 0.0265403 0.0857457 0.162002 0.0957934 0.0825729 0.0689062 0.0629729 0.0297207 0.0746501 
0.0562691 0.221667 0.121697 0.0210266 0.00817476 0.117147 0.0678953 0.0526468 0.135966 0.0633385 0.0487143 0.0119574 0.0734998 
0.0546033 0.125542 0.119429 0.0666295 0.0466066 0.171216 0.120659 0.0232686 0.0503671 0.0515522 0.0761086 0.0169584 0.0770599 
0.0267296 0.316703 0.0984747 0.0214245 0.0413206 0.0615747 0.0315232 0.0331456 0.15306 0.00539 0.155825 0.029185 0.0256445 
0.0393379 0.16084 0.0662182 0.0357258 0.104646 0.115879 0.145441 0.026025 0.0523501 0.047838 0.0237739 0.17803 0.00389458 
0.0737459 0.130069 0.059968 0.041705 0.063116 0.135487 0.109718 0.0879042 0.068404 0.0600516 0.0641543 0.0443626 0.0613141 
0.0805341 0.0265245 0.0757463 0.0517002 0.102134 0.0799999 0.123525 0.103012 0.10334 0.0474275 0.0874372 0.0417693 0.0768503 
0.0625933 0.0399422 0.111044 0.127495 0.163058 0.035529 0.0488341 0.0400519 0.105295 0.0137607 0.0479602 0.0361933 0.168243 
0.0542153 0.0822456 0.0345141 0.101078 0.0125289 0.00535522 0.024899 0.112057 0.260317 0.00992489 0.0647775 0.233184 0.00490445 
0.112923 0.053354 0.0262076 0.0181007 0.0466632 0.0400654 0.270827 0.0445346 0.0807969 0.111361 0.087792 0.0659547 0.0414206 
0.0720009 0.0836578 0.132092 0.0607752 0.0378561 0.104446 0.0594711 0.0583041 0.0753351 0.109231 0.064013 0.0275516 0.115267 
0.0769343 0.196285 0.0696024 0.085905 0.0876472 0.0513145 0.0298675 0.076654 0.0541505 0.0872431 0.0627545 0.0721557 0.0494865 
0.0587408 0.041375 0.251554 0.0591845 0.0675013 0.0326877 0.0382868 0.0415194 0.144623 0.0342031 0.102556 0.0285726 0.0991959 
0.033024 0.251887 0.0701217 0.0573913 0.0365122 0.0634759 0.0777776 0.027775 0.176207 0.0510666 0.0774793 0.0544588 0.0228237 
0.158498 0.0538104 0.12279 0.0370673 0.0237757 0.131829 0.047417 0.0354934 0.0860821 0.047704 0.0682356 0.136491 0.050806 
0.0642633 0.0462437 0.13539 0.0819393 0.141183 0.0935197 0.0837279 0.0315974 0.109134 0.0617271 0.0323127 0.0435127 0.075449 
0.0362577 0.127724 0.108381 0.0292598 0.068024 0.151502 0.0762172 0.0723875 0.131681 0.0433083 0.0946269 0.0389417 0.0216884 
0.0480959 0.227537 0.0609939 0.0350504 0.0833577 0.049385 0.053046 0.0689378 0.0527402 0.0732866 0.0666917 0.130366 0.050512 
0.0530707 0.118318 0.0522282 0.113404 0.0622572 0.13345 0.0642074 0.0618582 0.0474611 0.093955 0.0786992 0.0616117 0.0594785 
0.0717399 0.094537 0.075396 0.0409392 0.0814735 0.101525 0.0579471 0.0958702 0.0855835 0.0914583 0.0544746 0.0755793 0.0734765 
0.0561773 0.106646 0.0492131 0.10695 0.0938526 0.122435 0.0129553 0.105141 0.116884 0.0386836 0.0825717 0.0108154 0.097675 
0.0409362 0.162692 0.0418291 0.0499838 0.0278068 0.0498644 0.127484 0.0935885 0.0522166 0.064584 0.038111 0.212833 0.0380697 
0.154747 0.0671498 0.037577 0.035289 0.0594877 0.0854786 0.0459975 0.0469082 0.121349 0.0369246 0.0980866 0.111363 0.0996425 
0.183422 0.020661 0.225931 0.0336175 0.0978655 0.0276599 0.0772873 0.0846201 0.0346982 0.0678953 0.0437347 0.020896 0.0817117 
0.272468 0.0375256 0.0704013 0.0494781 0.0736627 0.0893424 0.0212986 0.0136264 0.0991914 0.0224832 0.0649559 0.168434 0.0171329 
0.0219591 0.100095 0.0307083 0.0273121 0.0329311 0.0101741 0.0828343 0.0064994 0.212774 0.00843862 0.399873 0.0169562 0.0494448 
0.0222111 0.218607 0.129914 0.0395363 0.0494562 0.0328385 0.0772631 0.0538109 0.189234 0.0886955 0.0343678 0.0180174 0.0460484 
0.134837 0.0852557 0.046604 0.0531366 0.122083 0.0410432 0.057952 0.0611282 0.110659 0.0611148 0.0376735 0.0599445 0.128568 
0.301254 0.00656754 0.00652612 0.169238 0.104603 0.00653258 0.0065344 0.00655383 0.00655349 0.00651722 0.202698 0.104278 0.0721441 
0.143801 0.0519278 0.0333792 0.015443 0.0616083 0.0787586 0.050607 0.0338183 0.0882798 0.241122 0.0371835 0.0635134 0.100558 
0.0260341 0.222797 0.0588476 0.0884487 0.027793 0.059584 0.0135762 0.104771 0.0813474 0.147364 0.0569489 0.0838591 0.0286286 
0.0246411 0.0727833 0.0290533 0.0744449 0.0343418 0.0153247 0.317855 0.0290588 0.226316 0.0570131 0.0526645 0.0395903 0.0269137 
0.0808099 0.052516 0.0870009 0.061176 0.0544559 0.0996307 0.163343 0.0629733 0.0625655 0.0776127 0.0861211 0.0579972 0.0537982 
0.0467909 0.0277145 0.0441212 0.0301069 0.117991 0.0698238 0.100457 0.0397352 0.166055 0.0707867 0.154682 0.0540314 0.0777042 
0.0418748 0.0164601 0.0965006 0.0428784 0.0585313 0.0685669 0.217046 0.163234 0.0624734 0.0432485 0.0766447 0.0298435 0.0826975 
0.0473934 0.0514932 0.0603014 0.100387 0.0812954 0.0617286 0.0455487 0.043488 0.0814104 0.0935595 0.0760802 0.176849 0.0804655 
0.0250381 0.0371553 0.0685642 0.03331 0.043167 0.0937897 0.028326 0.0718583 0.110769 0.0361684 0.178333 0.0684046 0.205116 
0.0599148 0.0466952 0.0656326 0.0551921 0.128243 0.0877962 0.175051 0.0566668 0.0641965 0.0709984 0.0430933 0.0736535 0.0728667 
0.217112 0.0347501 0.0407049 0.0268925 0.0773204 0.103335 0.0937625 0.126591 0.0427168 0.0590587 0.0806505 0.0401235 0.0569822 
0.138506 0.0240165 0.0684111 0.0363835 0.0794725 0.0900329 0.109356 0.0493786 0.065844 0.118975 0.0833823 0.102141 0.0341004 
0.125843 0.0415243 0.0355264 0.0208187 0.0518699 0.0452699 0.230249 0.0366327 0.053038 0.080479 0.142249 0.0665619 0.0699377 
0.0769475 0.189139 0.0259034 0.00234935 0.0131973 0.434834 0.128343 0.0105458 0.0148732 0.0183547 0.0499365 0.00988086 0.0256956 
0.0450248 0.155672 0.0658262 0.0218497 0.067376 0.0373303 0.0546059 0.0985494 0.207537 0.0478037 0.0536873 0.0694081 0.0753299 
0.0271603 0.164874 0.1702 0.0255431 0.146568 0.0329018 0.0446649 0.0270263 0.0187004 0.0792516 0.0550009 0.105501 0.102608 
0.0599993 0.111023 0.0713297 0.038445 0.0807122 0.0788483 0.0578433 0.061649 0.13499 0.0421039 0.0774696 0.111608 0.0739778 
0.0647881 0.0741899 0.0827743 0.0415776 0.0828158 0.0729613 0.0601582 0.0541504 0.112615 0.0384944 0.0945078 0.0275152 0.193452 
0.100443 0.0285307 0.113726 0.0330323 0.0496617 0.116174 0.0459657 0.0795583 0.0632984 0.0351664 0.261053 0.0320027 0.041388 
0.0376147 0.0601829 0.0628245 0.0211175 0.115966 0.0851977 0.161551 0.0468738 0.105706 0.0746872 0.0994794 0.0655104 0.0632891 
0.0547249 0.284002 0.0490255 0.00713517 0.0141617 0.0321089 0.31778 0.00841416 0.0680517 0.023892 0.101063 0.00573131 0.0339091 
0.0643329 0.402117 0.0369835 0.00577126 0.0112773 0.0241438 0.233768 0.00670066 0.0889966 0.0191467 0.0762343 0.00494147 0.0255867 
0.0591138 0.119934 0.202016 0.0668887 0.0614485 0.0743948 0.0427337 0.0318298 0.0579342 0.0782147 0.0635886 0.0383961 0.103507 
0.0603892 0.154094 0.0292329 0.054454 0.0758469 0.0257896 0.101474 0.0662452 0.114188 0.076241 0.0712651 0.0701886 0.100592 
0.169409 0.129134 0.085514 0.0493221 0.0546495 0.0427732 0.109071 0.0168817 0.0529912 0.106958 0.0235443 0.0598677 0.0998852 
0.133227 0.0267047 0.0582238 0.0282654 0.102035 0.0618715 0.0325172 0.147662 0.0502705 0.111668 0.12378 0.0278632 0.0959108 
0.0625738 0.140784 0.0904859 0.0610366 0.0318503 0.0507202 0.0479001 0.0682755 0.0482416 0.0307049 0.125101 0.0397709 0.202556 
0.0478658 0.0552937 0.0682465 0.0640852 0.0563495 0.0970816 0.0845227 0.0952228 0.0347894 0.12533 0.103043 0.102731 0.065439 
0.0465476 0.146338 0.0373517 0.163564 0.0617935 0.0395006 0.077045 0.0767727 0.133314 0.0713801 0.0753308 0.0209562 0.0501059 
0.0367522 0.31017 0.0583477 0.0224966 0.0159076 0.0221721 0.0389314 0.0747021 0.0395467 0.0443046 0.0285262 0.112877 0.195266 
0.0376724 0.443867 0.0952645 0.00957507 0.0195721 0.0359639 0.0184706 0.0312068 0.0180602 0.0748649 0.0559592 0.0367858 0.122738 
0.0421436 0.249116 0.142284 0.176583 0.0705458 0.0501234 0.0504286 0.028582 0.0177317 0.0545063 0.00926229 0.0980763 0.0106173 
0.0457772 0.195784 0.118098 0.215254 0.11127 0.0454401 0.0527016 0.0262788 0.0188545 0.047935 0.0296899 0.0805955 0.0123213 
0.0601423 0.203216 0.0492626 0.100054 0.0219381 0.202679 0.0310219 0.0518245 0.133647 0.0246014 0.0789346 0.023549 0.0191299 
0.0512179 0.0953437 0.0735552 0.0486584 0.0514487 0.0866287 0.0649926 0.0460133 0.149784 0.133594 0.0997512 0.0583239 0.0406889 
0.0714737 0.137773 0.056365 0.0941453 0.0289041 0.0392274 0.214913 0.0381631 0.100618 0.0448085 0.113384 0.04129 0.0189351 
0.0617073 0.138638 0.187524 0.0945179 0.0270507 0.0720624 0.0745687 0.0688448 0.0578147 0.0153572 0.0661772 0.116181 0.0195556 
0.0144229 0.0370189 0.0717798 0.133064 0.0287096 0.112206 0.104525 0.149825 0.0644489 0.0609106 0.133005 0.0418599 0.0482246 
0.0180047 0.173276 0.073337 0.0675315 0.149272 0.11679 0.0435062 0.164617 0.0281255 0.0535289 0.0367657 0.0498784 0.0253672 
0.0414729 0.0650634 0.136368 0.0435147 0.0647206 0.0374767 0.058897 0.0310862 0.17933 0.10551 0.0503146 0.151994 0.0342514 
0.00918998 0.0796642 0.03482 0.296089 0.0248769 0.0879004 0.257547 0.0123639 0.0440051 0.029552 0.0648445 0.0324438 0.026703 
0.126878 0.192022 0.0225611 0.015309 0.0557021 0.0597357 0.0601192 0.0809931 0.0768048 0.106701 0.124487 0.0366675 0.0420199 
0.0638169 0.171973 0.0498677 0.102367 0.0506925 0.0361014 0.0398455 0.024549 0.118485 0.0656799 0.0359752 0.225845 0.0148019 
0.0915004 0.0777706 0.124153 0.277658 0.0330343 0.011142 0.109585 0.0377736 0.0995191 0.0650727 0.0385744 0.0135077 0.0207091 
0.0787768 0.0164102 0.0412006 0.0237887 0.137735 0.107879 0.168061 0.0538107 0.114015 0.0451345 0.135211 0.031095 0.0468825 
0.0803986 0.0204991 0.0879074 0.0753735 0.0727891 0.064433 0.0610203 0.0469632 0.0647604 0.247 0.0611887 0.0892151 0.0284518 
0.121054 0.0615828 0.0700991 0.0522759 0.0426166 0.0385166 0.0666605 0.0753859 0.137542 0.0217861 0.0707656 0.204588 0.0371275 
0.0588259 0.0364194 0.0309445 0.117805 0.0513299 0.0636972 0.0519455 0.0490859 0.0941991 0.0765474 0.185139 0.117404 0.0666562 
0.022007 0.19739 0.0285846 0.0137118 0.0434701 0.0323758 0.222731 0.0233535 0.133439 0.0396411 0.0473021 0.0583545 0.13764 
0.0676742 0.0934137 0.0751116 0.0489752 0.171835 0.0664628 0.113025 0.0798084 0.0393219 0.0645834 0.0301659 0.0711533 0.0784694 
0.0679307 0.0728486 0.0554308 0.0381054 0.014149 0.0649038 0.0147208 0.138475 0.367665 0.018578 0.069516 0.0484988 0.0291776 
0.0322294 0.205899 0.189039 0.0334614 0.024587 0.0435944 0.066497 0.071801 0.0338776 0.0443664 0.163466 0.0483923 0.0427891 
0.0843859 0.0698571 0.101051 0.0360065 0.180248 0.0952205 0.0677494 0.0692601 0.0571181 0.0622688 0.0857585 0.0374852 0.0535909 
0.0975154 0.120739 0.0405877 0.023989 0.0575542 0.0866245 0.0458556 0.218558 0.162149 0.0356974 0.0413651 0.0316952 0.0376687 
0.0594719 0.116845 0.0461064 0.0477557 0.127613 0.095105 0.0598689 0.0894697 0.100092 0.0592741 0.0420189 0.053431 0.102948 
0.0679307 0.0728486 0.0554308 0.0381054 0.014149 0.0649038 0.0147208 0.138475 0.367665 0.018578 0.069516 0.0484988 0.0291776 
0.0293917 0.118789 0.0309754 0.232159 0.0321565 0.0132994 0.0274286 0.0603656 0.162699 0.149893 0.0313125 0.0821671 0.0293636 
0.0679307 0.0728486 0.0554308 0.0381054 0.014149 0.0649038 0.0147208 0.138475 0.367665 0.018578 0.069516 0.0484988 0.0291776 
0.0307028 0.0357137 0.1176 0.0468652 0.0360961 0.0230761 0.0159579 0.063277 0.0751613 0.374892 0.0414065 0.0953081 0.0439428 
0.0234967 0.355603 0.0525817 0.0184907 0.0347422 0.121359 0.126711 0.0113165 0.0687278 0.0690699 0.0181746 0.0224707 0.0772571 
0.0442225 0.0968679 0.0627788 0.0510688 0.0912755 0.00948098 0.223452 0.0296915 0.0391763 0.190003 0.104995 0.042846 0.0141419 
0.0499166 0.033461 0.164352 0.112946 0.175801 0.0242455 0.088459 0.0575377 0.113015 0.0485802 0.0258273 0.0272138 0.0786452 
0.0692141 0.0837626 0.0377439 0.062131 0.0581188 0.118458 0.0707902 0.0526447 0.147033 0.128591 0.0322563 0.0291538 0.110103 
0.0670343 0.0205584 0.0896038 0.0336984 0.0548518 0.0441341 0.0513231 0.174819 0.105531 0.0934507 0.0725878 0.0382735 0.154134 
0.111589 0.125707 0.043211 0.0390547 0.0309971 0.0259587 0.0729989 0.20016 0.190781 0.0100989 0.0746899 0.0146076 0.0601453 
0.0604058 0.0696106 0.208709 0.155582 0.0437667 0.140503 0.0435105 0.0252993 0.0421984 0.0763904 0.0345618 0.0531157 0.0463469 
0.0977678 0.0194817 0.0852844 0.0341049 0.13358 0.118694 0.06342 0.0243922 0.0593877 0.0439632 0.192351 0.0534583 0.0741141 
0.0403018 0.0534169 0.0356582 0.0168478 0.214617 0.237808 0.0428465 0.0454912 0.0829027 0.0365951 0.0342188 0.0888395 0.0704562 
0.00416234 0.287378 0.126643 0.00531671 0.0403981 0.00822118 0.0801791 0.0121727 0.0591984 0.0611253 0.0151247 0.132909 0.167171 
0.0466901 0.145848 0.0567447 0.0819583 0.0516478 0.0669617 0.152571 0.0203457 0.111221 0.0635104 0.0919718 0.0794295 0.0310997 
0.0949958 0.0736128 0.0843732 0.0388317 0.069324 0.0547889 0.124858 0.10704 0.0778445 0.0798456 0.0497525 0.100736 0.0439969 
0.108538 0.235983 0.0647092 0.0264493 0.0384932 0.054085 0.135138 0.0703592 0.07376 0.0576307 0.0322202 0.0547811 0.0478535 
0.0363089 0.153835 0.270141 0.0135623 0.0470197 0.170033 0.0229275 0.0399006 0.0229458 0.0853563 0.097245 0.0152318 0.0254923 
0.0511691 0.0936369 0.181591 0.102457 0.0152175 0.114994 0.0162823 0.075555 0.019401 0.0581888 0.0581442 0.160734 0.0526294 
0.0798328 0.222167 0.0598362 0.0384361 0.0722326 0.0662069 0.0548258 0.06016 0.0623791 0.109183 0.0720415 0.0542652 0.0484342 
0.0279702 0.375399 0.0469857 0.0482991 0.0765441 0.0495968 0.0669112 0.0312187 0.0778508 0.0415641 0.0421802 0.0783295 0.0371506 
0.127649 0.0422778 0.0260143 0.0420976 0.15401 0.0925951 0.0579541 0.0899821 0.0320821 0.117049 0.0986134 0.0289706 0.0907045 
0.0183145 0.296035 0.0450999 0.146535 0.0777508 0.0503643 0.140582 0.0549307 0.0419 0.0348807 0.0423417 0.0306965 0.0205688 
0.071131 0.0143755 0.164782 0.00959526 0.0155747 0.203195 0.0993619 0.0461152 0.048842 0.0418099 0.174853 0.038642 0.0717221 
0.0238984 0.0502971 0.234151 0.0404257 0.0365436 0.0614141 0.0616104 0.0324363 0.15742 0.030463 0.126906 0.0499269 0.0945072 
0.0322095 0.168014 0.0219338 0.0104753 0.103574 0.147799 0.0482148 0.0251337 0.174404 0.0272263 0.0682694 0.0997695 0.0729754 
0.0483283 0.0485674 0.130037 0.0174463 0.0604458 0.0666655 0.0208676 0.0200639 0.252204 0.0320476 0.00783358 0.205674 0.0898192 
0.05865 0.185983 0.0412755 0.0370685 0.0598733 0.0637058 0.0658295 0.0639642 0.0938175 0.109262 0.0657731 0.0672128 0.0875852 
0.107205 0.0238059 0.0492206 0.049468 0.0408543 0.0875229 0.0460743 0.0782956 0.0724543 0.0589357 0.0817319 0.04678 0.257652 
0.081431 0.0523308 0.0525285 0.0646921 0.0559706 0.0680263 0.151222 0.137191 0.0500627 0.0605113 0.062639 0.0552579 0.108136 
0.0461812 0.0642612 0.0422779 0.10589 0.158247 0.0411791 0.17971 0.0283253 0.00943272 0.0837032 0.00356328 0.176244 0.0609854 
0.0439918 0.114739 0.0833966 0.0168173 0.0242008 0.0404477 0.118636 0.0581469 0.0416887 0.158517 0.0707159 0.181694 0.0470095 
0.121675 0.0287337 0.24272 0.0672641 0.0133416 0.0983508 0.0453281 0.00912376 0.0899378 0.0201678 0.028079 0.0537531 0.181524 
0.0689434 0.016224 0.103785 0.172003 0.201502 0.0267922 0.0385594 0.0634033 0.0283489 0.0874279 0.0307115 0.125849 0.0364504 
0.0499511 0.247951 0.0597706 0.047737 0.0984333 0.025432 0.115799 0.0225313 0.045627 0.156181 0.0285773 0.0453183 0.0566904 
0.156947 0.0430156 0.126889 0.0252635 0.0206436 0.0456707 0.0598419 0.0642046 0.166783 0.188051 0.0412397 0.0204366 0.0410135 
0.0339546 0.262279 0.0586609 0.0528609 0.0681031 0.0462737 0.0498244 0.0334118 0.155237 0.0636296 0.0665299 0.0789566 0.0302791 
0.0232151 0.213186 0.0239853 0.125228 0.0274163 0.087623 0.134919 0.0298444 0.0750565 0.111419 0.0939989 0.043725 0.0103831 
0.118705 0.0407813 0.0462546 0.0626701 0.0726203 0.0990399 0.0424813 0.117559 0.104671 0.0352375 0.106424 0.0298014 0.123755 
0.0590989 0.14223 0.0824851 0.057786 0.0182492 0.036338 0.0410424 0.0573432 0.117748 0.0640119 0.0438808 0.146715 0.133071 
0.0600521 0.476999 0.0218504 0.0244146 0.0128678 0.185957 0.036892 0.00438812 0.0760205 0.018893 0.060369 0.0124207 0.00887564 
0.141128 0.115808 0.0919445 0.0362541 0.0477157 0.0626695 0.116754 0.0346012 0.0892877 0.0299843 0.0728288 0.074709 0.0863154 
0.0270966 0.0303373 0.0755966 0.0397446 0.0250652 0.207145 0.0860162 0.0438651 0.168378 0.0352442 0.215217 0.0219512 0.024343 
0.0462994 0.0924977 0.156361 0.0411216 0.0655316 0.0356649 0.0901597 0.0609223 0.098345 0.0908874 0.0421955 0.119026 0.0609872 
0.125291 0.141969 0.125256 0.099604 0.0150107 0.0658429 0.0385841 0.039789 0.0588714 0.0456012 0.0629533 0.136859 0.0443681 
0.0565635 0.0331953 0.109578 0.0671105 0.0518793 0.0585528 0.0862118 0.125862 0.109845 0.0638079 0.107305 0.0865983 0.0434898 
