0.0277987 0.0547483 0.0674217 0.0934099 0.0963878 0.260569 0.0941788 0.0285532 0.0203359 0.0345331 0.0792265 0.0506694 0.0181442 0.0740235 
0.0462642 0.0507725 0.0360351 0.0814979 0.204907 0.0741209 0.0369262 0.103209 0.047824 0.070722 0.0524678 0.0724135 0.0680783 0.0547617 
0.023788 0.0332186 0.0630086 0.120483 0.113699 0.0945229 0.0498459 0.107675 0.109917 0.0750413 0.0500542 0.0726817 0.0252735 0.0607907 
0.0205419 0.0184273 0.0753261 0.0854253 0.0854545 0.0283868 0.0944738 0.0356414 0.0773925 0.0653774 0.125933 0.0823562 0.0870444 0.11822 
0.0798168 0.051107 0.0396338 0.0526052 0.0771136 0.094846 0.0853181 0.0988187 0.0431333 0.0600269 0.0252821 0.104301 0.142831 0.0451666 
0.0577983 0.0572667 0.115448 0.024951 0.0177752 0.129813 0.0864009 0.21277 0.0867558 0.0319726 0.0366472 0.0520475 0.0683543 0.0220001 
0.0221593 0.13082 0.0901573 0.0408069 0.110455 0.12036 0.0627687 0.168643 0.0999585 0.0186724 0.0121721 0.0702525 0.0268996 0.025874 
0.0590949 0.0528718 0.0830253 0.069846 0.0974759 0.245086 0.0804437 0.0187403 0.0290193 0.023831 0.0630365 0.053583 0.0457643 0.078182 
0.0321164 0.0497923 0.10124 0.16132 0.0961523 0.0908304 0.0567734 0.0132342 0.0595058 0.0335716 0.0721925 0.121241 0.0570581 0.0549713 
0.0201883 0.0462276 0.0536904 0.076195 0.0890406 0.111912 0.0380541 0.0445536 0.0333248 0.0883652 0.0494955 0.161729 0.0345186 0.152705 
0.00714647 0.00703216 0.452077 0.00707961 0.00662622 0.00626834 0.00672912 0.0404118 0.00740098 0.00660335 0.0065841 0.359705 0.00729277 0.0790433 
0.0190558 0.131362 0.0507615 0.0601996 0.110845 0.0704591 0.0593198 0.114565 0.0379038 0.04261 0.0638805 0.0712812 0.0573947 0.110362 
0.0598569 0.0982441 0.117568 0.130766 0.176842 0.107976 0.053183 0.0449016 0.0207678 0.0536066 0.0206426 0.0361211 0.042364 0.0371603 
0.0512355 0.0277144 0.0401282 0.191576 0.0497864 0.0447487 0.0848529 0.113314 0.0811473 0.0411804 0.043506 0.121241 0.0519913 0.0575782 
0.00913453 0.00109171 0.00112238 0.0558034 0.137888 0.0050502 0.00469725 0.103658 0.0617963 0.0405875 0.0326773 0.410938 0.00563176 0.129923 
0.0178321 0.0660071 0.146813 0.0260012 0.00775502 0.330223 0.0324179 0.0217542 0.095649 0.012994 0.0358597 0.0779536 0.0117467 0.116994 
0.0514816 0.0348752 0.0479095 0.0123605 0.0981097 0.349741 0.0100127 0.011544 0.0459727 0.114647 0.0266977 0.114042 0.0627863 0.0198198 
0.029654 0.046801 0.0425938 0.0713967 0.0398692 0.0628183 0.0687565 0.0412782 0.0828328 0.146952 0.0391893 0.0667534 0.143759 0.117346 
0.00679948 0.260165 0.044323 0.0677107 0.0505891 0.191625 0.0430847 0.0296412 0.039782 0.0434609 0.0180335 0.0738114 0.0647679 0.0662056 
0.0351365 0.0600664 0.0212005 0.272232 0.112205 0.0193614 0.0427484 0.138576 0.0144383 0.0327163 0.0208832 0.106039 0.0826295 0.0417677 
0.0418119 0.0556854 0.0699072 0.0807334 0.0272759 0.101753 0.19682 0.0903446 0.0331281 0.0421633 0.03566 0.0604705 0.0675452 0.0967022 
0.0461346 0.0343783 0.115408 0.0646414 0.0444507 0.065653 0.106066 0.0784971 0.0264533 0.094436 0.126769 0.0615601 0.0986251 0.036927 
0.0269341 0.0417185 0.0610889 0.104308 0.335714 0.0401731 0.0463587 0.0347337 0.0725698 0.0369484 0.031071 0.0669569 0.0342588 0.0671661 
0.030599 0.0369511 0.11012 0.071058 0.109738 0.0981513 0.108912 0.0241747 0.037761 0.039662 0.0896159 0.133549 0.0652383 0.0444696 
0.143017 0.0417109 0.0386955 0.123815 0.170713 0.146951 0.0270803 0.122134 0.0377228 0.0370178 0.026632 0.0272448 0.0256501 0.0316162 
0.0766113 0.110947 0.0605366 0.102228 0.0776596 0.0913739 0.0938104 0.0452468 0.0429504 0.0287347 0.112532 0.0638508 0.0171884 0.0763303 
0.0409201 0.0676737 0.0769519 0.0820077 0.19792 0.111796 0.0392167 0.0650134 0.0430619 0.0558652 0.0626832 0.0600751 0.0282404 0.0685758 
0.054577 0.032732 0.0566045 0.0605608 0.100777 0.0549813 0.0372084 0.0820667 0.0590453 0.0713324 0.0868835 0.0546298 0.0336325 0.214969 
0.00567559 0.016823 0.0164511 0.037337 0.103015 0.142285 0.00730501 0.0771669 0.0113962 0.0110364 0.018333 0.354315 0.0257073 0.173154 
0.101831 0.0262669 0.0448056 0.0493356 0.0485608 0.071784 0.069926 0.0567737 0.042244 0.122854 0.139434 0.0451567 0.0599657 0.121062 
0.0410133 0.0496951 0.0816841 0.100404 0.120562 0.0698457 0.07448 0.04278 0.0543 0.0426373 0.0374984 0.0911998 0.0714125 0.122488 
0.0346218 0.17632 0.0939315 0.0356532 0.0899138 0.0946386 0.10065 0.0336269 0.0671239 0.0334218 0.0472515 0.0519408 0.0316893 0.109216 
0.0218412 0.0679223 0.123143 0.105772 0.107214 0.097076 0.0762671 0.0347446 0.0734474 0.0438004 0.0465412 0.0848082 0.036236 0.0811866 
0.032169 0.0629343 0.0237697 0.0807338 0.0929539 0.249911 0.0760699 0.126206 0.0362628 0.0236173 0.0550923 0.0689083 0.0486801 0.0226909 
0.0265174 0.0617107 0.0859831 0.0350745 0.103932 0.045926 0.019421 0.0384848 0.178724 0.0725241 0.164996 0.074304 0.059952 0.0324506 
0.0389885 0.0495443 0.0462789 0.0109391 0.123044 0.0430351 0.0235355 0.32249 0.092088 0.0103695 0.162317 0.0154142 0.0423654 0.0195906 
0.0451107 0.0320789 0.0902584 0.0758979 0.158052 0.212147 0.0320103 0.0914969 0.036135 0.0151869 0.0517973 0.0257654 0.031733 0.10233 
0.141233 0.01489 0.0145036 0.00249841 0.0374145 0.00221211 0.00237472 0.0617992 0.0156709 0.118847 0.281149 0.251392 0.0154418 0.0405738 
0.0531168 0.0364882 0.0981149 0.0748903 0.112693 0.109554 0.0313947 0.0158598 0.0117584 0.0870634 0.0338057 0.193409 0.108879 0.0329738 
0.016034 0.122295 0.105696 0.0557502 0.218728 0.0687012 0.0524763 0.00792511 0.0305936 0.134399 0.0657073 0.0314434 0.0438028 0.0464483 
0.120068 0.0452063 0.0457257 0.11934 0.0813912 0.0837367 0.0486592 0.0630604 0.0356414 0.0630399 0.0670633 0.0585634 0.0816945 0.0868104 
0.225633 0.0501978 0.0308249 0.0207907 0.0530311 0.0572363 0.0217126 0.0797833 0.0840918 0.155825 0.0913779 0.0763142 0.0256352 0.027547 
0.0327704 0.0467994 0.117581 0.136652 0.0561646 0.316377 0.0368803 0.047859 0.0599216 0.0199247 0.016551 0.0588716 0.0128985 0.0407477 
0.0327704 0.0467994 0.117581 0.136652 0.0561646 0.316377 0.0368803 0.047859 0.0599216 0.0199247 0.016551 0.0588716 0.0128985 0.0407477 
0.038301 0.0423652 0.123335 0.0923602 0.103477 0.125157 0.0243058 0.054719 0.0480756 0.038655 0.0729961 0.0675309 0.0558731 0.112849 
0.022379 0.0686293 0.0987815 0.115947 0.0664762 0.115946 0.150161 0.0248691 0.0267807 0.0799893 0.0174912 0.0303499 0.113933 0.0682672 
0.0450403 0.0341748 0.111723 0.0618742 0.175308 0.0677653 0.033661 0.0911618 0.0206578 0.0443633 0.0599652 0.0814879 0.0305535 0.142263 
0.195325 0.00107843 0.0259776 0.262603 0.0839234 0.0111083 0.00504508 0.00357417 0.350956 0.00342378 0.000568969 0.024517 0.00023078 0.0316688 
0.0281588 0.0266769 0.124742 0.024503 0.0490099 0.036092 0.0298564 0.011999 0.349096 0.0729522 0.0350262 0.0753957 0.0762901 0.0602023 
0.00633302 0.0328206 0.0111882 0.172791 0.0692863 0.0517117 0.0161848 0.136011 0.0655829 0.219369 0.0205539 0.0192226 0.0340146 0.14493 
0.177053 0.10746 0.0546395 0.0226784 0.0600234 0.111512 0.11674 0.0685657 0.0168688 0.030068 0.0400513 0.0459254 0.100773 0.0476418 
0.0542206 0.0241957 0.0411403 0.0683706 0.0674701 0.14388 0.060598 0.0369551 0.0806024 0.103529 0.129916 0.0919124 0.0247586 0.0724507 
0.0340476 0.0845013 0.0659789 0.0371665 0.0925813 0.104341 0.0548472 0.0718568 0.0392618 0.0440771 0.0459302 0.17507 0.0584706 0.0918695 
0.00964349 0.0839821 0.102683 0.073524 0.249787 0.116112 0.0984319 0.0272901 0.0815774 0.0391058 0.0290801 0.0377399 0.0142992 0.0367444 
0.0841873 0.0464844 0.0827886 0.0455526 0.0271973 0.0398327 0.0426825 0.177769 0.1041 0.141558 0.0227964 0.0313864 0.108963 0.0447019 
0.0300443 0.0362094 0.0996868 0.19175 0.0412517 0.0591814 0.155163 0.00841503 0.169307 0.0365248 0.0261226 0.0645105 0.0431354 0.0386978 
0.0969319 0.0340658 0.0457693 0.0547057 0.0496636 0.0223356 0.0384718 0.0788452 0.137429 0.0571642 0.104272 0.0273579 0.158111 0.094877 
0.01525 0.00465032 0.0866322 0.0344973 0.176358 0.0303162 0.00599709 0.0433358 0.155119 0.0448612 0.349332 0.0108673 0.0270932 0.0156908 
0.0635574 0.0254222 0.0691252 0.0517754 0.026778 0.191991 0.110225 0.0608807 0.102391 0.157073 0.0457205 0.0228157 0.0420091 0.0302358 
0.0281163 0.105566 0.104804 0.0205144 0.0125707 0.0137074 0.0686658 0.0648071 0.0423331 0.117875 0.227445 0.107327 0.046245 0.0400236 
0.0942595 0.0251571 0.0579279 0.0303782 0.0301812 0.150795 0.0762552 0.0446144 0.0683284 0.171362 0.10139 0.0264718 0.0873217 0.0355574 
0.0244057 0.0760265 0.0504649 0.0570587 0.0839423 0.0731648 0.140433 0.0401787 0.0744748 0.0407974 0.213769 0.0248754 0.0557184 0.0446899 
0.106524 0.0899205 0.0197264 0.0434959 0.0316744 0.00604271 0.21707 0.0168379 0.0624946 0.080605 0.0188261 0.216501 0.0742715 0.0160106 
0.0108951 0.134687 0.221299 0.0149206 0.0272998 0.0051257 0.0153946 0.167833 0.0728028 0.114647 0.0912608 0.00737328 0.0975026 0.0189593 
0.0639963 0.0896879 0.0951594 0.0773129 0.0363954 0.0564717 0.0736245 0.220862 0.0157289 0.0491333 0.106521 0.0108991 0.0380981 0.0661095 
0.0121814 0.0210661 0.0379294 0.0208116 0.00915992 0.0198095 0.0307815 0.166797 0.0194828 0.0639734 0.128166 0.0423851 0.341033 0.0864237 
0.0103175 0.0174938 0.0308292 0.0231363 0.00778535 0.0323567 0.0253371 0.132423 0.0386264 0.076768 0.102414 0.0968153 0.336357 0.0693399 
0.000757923 0.00993824 0.0526334 0.00873936 0.0171275 0.514293 0.0785935 0.00885416 0.205319 0.0310747 0.00337773 0.0101417 0.00778835 0.0513612 
0.0555445 0.145868 0.0434767 0.0326496 0.0898512 0.0153781 0.0632007 0.0585799 0.0934354 0.116601 0.0929909 0.125229 0.0283255 0.038869 
0.0542872 0.156219 0.0195587 0.0440516 0.050927 0.144326 0.0184451 0.0553531 0.0202432 0.111107 0.0352281 0.17539 0.10138 0.0134844 
0.0197206 0.0785563 0.00434816 0.0161559 0.0954064 0.0724561 0.0122106 0.298215 0.266865 0.00241544 0.085318 0.0029088 0.00370085 0.0417226 
0.195706 0.0151242 0.0210722 0.0164672 0.0378757 0.028666 0.0247219 0.118303 0.0692831 0.071225 0.207323 0.0510147 0.0445829 0.0986347 
0.0214921 0.041938 0.117883 0.088529 0.0649806 0.114137 0.0784546 0.0407576 0.0438001 0.0640846 0.0998716 0.120095 0.0328872 0.0710898 
0.0260248 0.108481 0.107524 0.00875565 0.036013 0.0422938 0.00940139 0.103182 0.0340393 0.165854 0.129287 0.155244 0.0527755 0.0211241 
0.0367818 0.0129255 0.0166223 0.0285895 0.0458495 0.03111 0.0767224 0.430338 0.0639385 0.0466405 0.0441731 0.0150859 0.03405 0.117173 
0.0231535 0.0208214 0.0556702 0.0455561 0.152597 0.0683934 0.0444544 0.0719156 0.0924349 0.0818556 0.177089 0.0479742 0.084655 0.0334292 
0.0433869 0.020614 0.14866 0.0279747 0.114626 0.105144 0.0983905 0.0368173 0.0221197 0.156864 0.106033 0.0644746 0.0131086 0.0417867 
0.0281031 0.103842 0.129972 0.0238226 0.0847481 0.0606357 0.122749 0.0741919 0.0408932 0.0831576 0.0785933 0.0489936 0.0746422 0.0456562 
0.0462098 0.0432868 0.056614 0.104846 0.0328047 0.159401 0.058107 0.0389761 0.0410111 0.175529 0.0668789 0.0426389 0.0440527 0.0896445 
0.0420498 0.0701757 0.0461573 0.0792586 0.0521134 0.0330684 0.162513 0.0489309 0.078561 0.0673999 0.19835 0.0522835 0.0240842 0.0450549 
0.00861135 0.0451708 0.19515 0.0409616 0.051906 0.108671 0.0756474 0.0955515 0.0892774 0.0874652 0.0648978 0.0371242 0.0243864 0.0751792 
0.059054 0.0699038 0.0628138 0.0826131 0.0401455 0.0487582 0.0812789 0.0853572 0.0425486 0.0559356 0.094211 0.076613 0.142407 0.0583598 
0.061101 0.0242402 0.0798876 0.0866984 0.136254 0.0977291 0.0726647 0.0761229 0.0511037 0.125231 0.0614061 0.0433178 0.0551746 0.0290685 
0.0884398 0.10202 0.168528 0.0941728 0.00574306 0.0119191 0.0207457 0.137666 0.0473451 0.0355461 0.23547 0.0140015 0.0219939 0.0164085 
0.109074 0.0808661 0.177799 0.0782053 0.00366755 0.0123069 0.0224529 0.0986185 0.0542608 0.0379819 0.263785 0.0159444 0.0224932 0.0225449 
0.0418216 0.0779713 0.147842 0.0519341 0.0425517 0.0364888 0.0413144 0.167505 0.05335 0.0797092 0.0279974 0.0453353 0.0697023 0.116477 
0.0270584 0.225554 0.0625956 0.0270389 0.026273 0.0831466 0.100309 0.0627164 0.0256854 0.0950978 0.0598653 0.0254839 0.136979 0.0421974 
0.0549732 0.0290182 0.0918259 0.132368 0.172382 0.0494438 0.0499387 0.0813799 0.0612164 0.038952 0.0313906 0.0598654 0.0994403 0.0478057 
0.0188457 0.0802584 0.286164 0.0417785 0.020552 0.0449348 0.0349273 0.0534513 0.0305692 0.152649 0.0558982 0.0685932 0.0160647 0.095314 
0.00983566 0.00599737 0.010327 0.0555539 0.0356526 0.158117 0.0528784 0.0677901 0.0473971 0.235055 0.168697 0.0231368 0.0276348 0.101927 
0.0259272 0.342361 0.00116517 0.0231924 0.170441 0.0544643 0.00860393 0.00105521 0.198097 0.000923632 0.0273328 0.00211427 0.0859322 0.0583901 
0.0840814 0.0520822 0.0485185 0.0564248 0.0217672 0.0806341 0.0927935 0.169936 0.0534795 0.046951 0.0623346 0.0489075 0.155678 0.0264108 
0.0739901 0.0728066 0.0709172 0.0732979 0.0686037 0.0648985 0.0696692 0.0697329 0.0766251 0.0683669 0.0681677 0.0730226 0.0755048 0.0743968 
0.0356524 0.107044 0.0247557 0.0220668 0.0302161 0.172953 0.0577747 0.0917334 0.0336753 0.0956181 0.0600521 0.141738 0.0644203 0.0623003 
0.088842 0.0531474 0.0777699 0.017566 0.0544067 0.150042 0.0612248 0.104749 0.0815822 0.0291321 0.0397853 0.138154 0.0451292 0.0584688 
0.0171846 0.0594044 0.0744831 0.0856174 0.111697 0.0289526 0.16118 0.0528965 0.12574 0.0723876 0.0436931 0.0129645 0.0584754 0.095324 
0.0411394 0.0912922 0.0791366 0.0577329 0.174497 0.133339 0.0519733 0.0397439 0.0851757 0.0570169 0.0411345 0.0659372 0.0296209 0.0522601 
0.0868898 0.0723783 0.0888283 0.0508701 0.0200634 0.0166172 0.0318456 0.130658 0.213252 0.0898952 0.0752969 0.0320627 0.0296517 0.0616909 
0.158021 0.0491787 0.0305061 0.0286451 0.032363 0.0311534 0.0338059 0.0641779 0.0722716 0.126123 0.0896402 0.0646578 0.0300368 0.189419 
0.134005 0.0581271 0.0633395 0.0722045 0.0347709 0.0663734 0.0740829 0.0371616 0.0154396 0.20567 0.0599089 0.0356864 0.0768772 0.0663532 
0.0465528 0.0661527 0.0535001 0.0610826 0.104826 0.0162346 0.2114 0.0847928 0.0166091 0.0155148 0.0380873 0.14588 0.0202576 0.119109 
0.0435865 0.105806 0.0828019 0.0611524 0.12504 0.0417161 0.0139429 0.0949378 0.0250408 0.191867 0.127256 0.0461784 0.0154349 0.0252394 
0.0689704 0.0903997 0.0868962 0.0344275 0.0657684 0.0334466 0.0928976 0.0877978 0.0652242 0.0933998 0.0724332 0.0221183 0.156173 0.0300478 
0.219697 0.177425 0.00922828 0.117925 0.000811569 0.0391546 0.00906587 0.153436 0.00997109 0.0372033 0.0370949 0.0310984 0.143806 0.0140816 
0.159827 0.18949 0.0122069 0.0150513 0.0181755 0.0147212 0.00926968 0.056078 0.00592851 0.052575 0.0142642 0.0205589 0.0179385 0.413915 
0.00270136 0.0285429 0.107568 0.0419808 0.105114 0.290748 0.191765 0.0244709 0.0192981 0.0753124 0.0286039 0.0322677 0.0299513 0.0216754 
0.0161622 0.0924684 0.0856018 0.0107248 0.0359477 0.00135207 0.0185355 0.187122 0.12316 0.100014 0.253386 0.00543786 0.0619456 0.00814174 
0.0529869 0.0794749 0.0288615 0.194501 0.096278 0.0277837 0.0259959 0.0404203 0.0970971 0.0166911 0.0393623 0.0966937 0.187041 0.0168125 
0.0373429 0.100925 0.0549361 0.0830935 0.0284663 0.132045 0.101348 0.0605822 0.0470136 0.0848489 0.0691834 0.0634117 0.084314 0.0524895 
0.173211 0.0500231 0.0462072 0.0385074 0.0261026 0.0866658 0.0784553 0.0911317 0.0341116 0.0354427 0.0359891 0.0383522 0.0683432 0.197457 
0.0311751 0.03914 0.155925 0.0449553 0.0246523 0.127821 0.0467896 0.105181 0.12315 0.0820299 0.0769722 0.0219057 0.0686405 0.0516625 
0.0220195 0.00820535 0.0445878 0.0387574 0.133351 0.11078 0.0687451 0.0371905 0.0344786 0.0290633 0.0997103 0.142579 0.0726367 0.157896 
0.0739694 0.0279469 0.0123148 0.133538 0.0601137 0.024031 0.0243404 0.079447 0.0164632 0.205774 0.0728397 0.0729395 0.0499767 0.146306 
0.0749755 0.0605841 0.0318229 0.0360133 0.0663994 0.116212 0.0427627 0.253226 0.054076 0.0790494 0.0590648 0.0608965 0.032706 0.0322117 
0.036801 0.108123 0.0277826 0.0253806 0.0227602 0.026554 0.0360534 0.0808583 0.0582888 0.142083 0.259439 0.0134684 0.128082 0.034326 
0.0381419 0.0983677 0.0672213 0.0920559 0.0336061 0.131282 0.0919606 0.133038 0.0318719 0.0367266 0.109675 0.0550167 0.0512209 0.0298151 
0.0698685 0.0650705 0.0482647 0.0426111 0.136264 0.0572123 0.0927743 0.05308 0.0458733 0.059504 0.141323 0.0444857 0.122424 0.0212454 
0.0318843 0.0641389 0.0835414 0.0589262 0.117975 0.123411 0.0449979 0.0932821 0.0581037 0.0464431 0.096054 0.0366576 0.093437 0.0511481 
0.0462167 0.0139218 0.0355299 0.0232627 0.0614859 0.0273115 0.0250605 0.0139975 0.0584261 0.0370576 0.12624 0.266368 0.261339 0.00378233 
0.0392243 0.0238001 0.046945 0.0852144 0.0600705 0.131232 0.0751236 0.0283346 0.0469829 0.191884 0.144644 0.0682193 0.0315866 0.0267395 
0.0509021 0.0501871 0.0364353 0.0540291 0.0916379 0.079183 0.0847993 0.116511 0.0646721 0.0725271 0.082441 0.0951069 0.0749976 0.0465703 
0.015148 0.00860776 0.0744947 0.037513 0.156479 0.0811602 0.083342 0.01628 0.0787535 0.0590116 0.129902 0.0766725 0.134784 0.0478522 
0.0237417 0.173848 0.088859 0.0325559 0.0444532 0.0298657 0.0673268 0.0343343 0.0514763 0.103594 0.102845 0.109918 0.0956623 0.0415198 
0.0152635 0.0520527 0.030754 0.0285821 0.0629063 0.126994 0.0661336 0.0667618 0.0682484 0.0865571 0.0287388 0.0556924 0.183169 0.128146 
0.166239 0.0636888 0.0304499 0.0566475 0.0737096 0.0334945 0.0569732 0.0651116 0.0450661 0.0804799 0.0397802 0.12898 0.0248577 0.134522 
0.0489314 0.0367341 0.0944064 0.132608 0.0447235 0.0834841 0.0489057 0.0501406 0.0626522 0.0966795 0.174353 0.0318143 0.051823 0.0427444 
0.0264764 0.155868 0.0862154 0.0194857 0.0488011 0.029488 0.107295 0.107006 0.0903032 0.0849898 0.144764 0.0304178 0.0521677 0.0167211 
0.0161411 0.00308445 0.0217639 0.151449 0.0383844 0.0685424 0.0808562 0.0814946 0.0572243 0.123364 0.0239533 0.105426 0.16772 0.0605963 
0.0134741 0.134343 0.0524494 0.0300434 0.053963 0.10462 0.114413 0.0751887 0.110711 0.0481682 0.152108 0.0184019 0.0378375 0.054279 
0.0129146 0.190632 0.0590338 0.0276814 0.0551744 0.031236 0.11299 0.12141 0.0447362 0.0928104 0.150898 0.0254148 0.057724 0.0173447 
0.0272234 0.0948557 0.094533 0.0910748 0.0562766 0.0395362 0.0550492 0.118191 0.0513019 0.0911334 0.0661978 0.0466877 0.0687686 0.0991711 
0.0950254 0.145426 0.0840274 0.0986113 0.0307687 0.0270061 0.0935009 0.0457232 0.0201504 0.0734463 0.078459 0.0556519 0.111474 0.0407301 
0.0297749 0.0599067 0.0413666 0.0520621 0.0316291 0.0220637 0.0771898 0.0443721 0.0792788 0.228521 0.210187 0.0247579 0.0630156 0.0358746 
0.0298281 0.0496858 0.0948262 0.0248248 0.0282239 0.0887858 0.105246 0.0857048 0.0828513 0.065279 0.0792994 0.121794 0.0691978 0.0744532 
0.0212417 0.0807748 0.0241725 0.0270795 0.0650598 0.0333562 0.0439943 0.0381548 0.128967 0.368871 0.0738025 0.0193201 0.0232749 0.0519307 
0.106048 0.270089 0.0716493 0.0427915 0.017818 0.029371 0.0465608 0.0710598 0.128022 0.0309496 0.0509886 0.107643 0.0153745 0.0116355 
0.0614872 0.0907873 0.0280715 0.079765 0.034797 0.0487357 0.0669122 0.0474673 0.153777 0.106252 0.0443489 0.106665 0.0677161 0.0632181 
0.0398987 0.0291867 0.0557303 0.0335128 0.215743 0.111945 0.079284 0.0862384 0.124865 0.0380754 0.0342363 0.0494785 0.0920603 0.00974615 
0.0187535 0.0891478 0.00807091 0.041894 0.0145176 0.00591177 0.0522706 0.0303994 0.126141 0.1776 0.252709 0.0994302 0.0685493 0.0146045 
0.0354844 0.0329843 0.334163 0.0128706 0.0473764 0.0334472 0.0750094 0.0325284 0.0622202 0.0712751 0.0835659 0.0487765 0.102936 0.0273624 
0.0117464 0.0620291 0.0594007 0.0695727 0.0740728 0.024706 0.188886 0.0707499 0.026806 0.142457 0.0715712 0.0570696 0.1062 0.0347327 
0.0244467 0.00885759 0.0646742 0.0469721 0.0875821 0.07891 0.0972635 0.0618207 0.0644366 0.117836 0.10367 0.101591 0.0943303 0.0476093 
0.101675 0.0178329 0.0232485 0.0863487 0.0185719 0.057929 0.0381289 0.115347 0.0663102 0.0707158 0.0366843 0.0992061 0.0139092 0.254093 
0.086388 0.0169339 0.0588673 0.0351002 0.0609607 0.0695857 0.126825 0.129815 0.0631345 0.0618602 0.0749408 0.0645241 0.0938375 0.0572273 
0.0241272 0.170832 0.108999 0.044036 0.045047 0.0342747 0.0600911 0.0215946 0.189478 0.0584043 0.124064 0.0164327 0.0390246 0.0635943 
0.0164634 0.203415 0.0394374 0.00914879 0.0438579 0.0487098 0.0299475 0.182271 0.107184 0.0677859 0.0523208 0.0772922 0.0412109 0.0809549 
0.0137371 0.0182453 0.0511083 0.0339439 0.0126685 0.0689942 0.016491 0.115111 0.0807835 0.0965202 0.337025 0.00756521 0.0756273 0.0721792 
0.0300571 0.0503407 0.105471 0.0646173 0.0331577 0.0134518 0.0695913 0.0420334 0.0336634 0.0611514 0.148918 0.029864 0.27962 0.0380627 
0.049755 0.0739967 0.0471778 0.0742375 0.0673156 0.0706492 0.0605905 0.0809635 0.0948355 0.0769856 0.0900535 0.0719072 0.0444793 0.097053 
0.0141413 0.0527824 0.0611785 0.0418161 0.10511 0.0507974 0.261974 0.0335179 0.0283549 0.0466932 0.124443 0.103614 0.0407465 0.0348303 
0.0308202 0.0139812 0.154559 0.0578192 0.0589093 0.0606596 0.0576758 0.108031 0.0369441 0.125602 0.108473 0.0514353 0.0535726 0.0815183 
0.0235003 0.0335171 0.0308993 0.0249436 0.0293029 0.081749 0.0824672 0.0781037 0.252719 0.0728876 0.0794334 0.0433948 0.107103 0.0599786 
0.0917129 0.0486212 0.0752689 0.0821725 0.11278 0.0579816 0.0590477 0.02495 0.0163492 0.081537 0.114242 0.0672522 0.0307913 0.137294 
0.0589795 0.0778021 0.0372769 0.06502 0.0360609 0.0434956 0.0466929 0.0366544 0.0402772 0.327737 0.0407592 0.0700543 0.0396883 0.0795015 
0.0170218 0.00834377 0.00926987 0.00718091 0.0454197 0.0280754 0.064669 0.159604 0.258656 0.0380405 0.119536 0.00564707 0.184911 0.0536259 
0.0974393 0.110093 0.0275631 0.054496 0.0254768 0.0529356 0.120429 0.134618 0.0467111 0.0334795 0.11871 0.0952481 0.067702 0.0150983 
0.048924 0.0301406 0.0712967 0.0525873 0.0297319 0.170029 0.038647 0.0439397 0.0455509 0.0623931 0.181817 0.104812 0.0764497 0.0436815 
0.05313 0.0446552 0.153295 0.0441639 0.0404406 0.14884 0.0154328 0.0402919 0.0717816 0.0441314 0.161307 0.0291434 0.0684147 0.0849719 
0.0432703 0.199838 0.222237 0.00420273 0.0384013 0.00989964 0.0745117 0.0415839 0.119519 0.0582084 0.0809132 0.0301769 0.0430335 0.0342041 
0.142986 0.129988 0.0850138 0.10074 0.0856733 0.0181082 0.0204672 0.105543 0.0481331 0.0855926 0.0503122 0.0604953 0.0376217 0.0293259 
0.18519 0.0822273 0.0381472 0.0515075 0.0778838 0.100014 0.0512635 0.0442927 0.0528842 0.0929663 0.0630496 0.0457044 0.0667095 0.0481598 
0.15825 0.0897756 0.0207371 0.108834 0.0206803 0.0373723 0.0484722 0.0536399 0.061612 0.124719 0.0440621 0.0215294 0.103506 0.106809 
0.0504111 0.0317843 0.0351522 0.0197268 0.0769277 0.011782 0.0367641 0.11933 0.0481573 0.0410528 0.327451 0.0279935 0.0472817 0.126186 
0.108831 0.0452661 0.0476872 0.0122553 0.00993121 0.0715943 0.0926224 0.120971 0.0592515 0.0595971 0.0312218 0.269199 0.0240017 0.0475705 
0.0226949 0.10764 0.052624 0.120007 0.0278882 0.132091 0.0560142 0.0294834 0.120154 0.122472 0.053972 0.0337174 0.0520047 0.0692373 
0.0231235 0.00555286 0.087055 0.0424626 0.0114769 0.0763533 0.147761 0.0499829 0.106866 0.0997077 0.083612 0.111873 0.0390385 0.115134 
0.0166223 0.0415765 0.0810707 0.269535 0.0997174 0.11417 0.0542018 0.0294145 0.0499499 0.0275499 0.0389155 0.0440675 0.0491954 0.0840132 
0.0771686 0.0549416 0.0687685 0.042372 0.0106181 0.10349 0.0787817 0.124453 0.0859744 0.0441544 0.105599 0.00618758 0.185831 0.0116611 
0.142428 0.159326 0.0460257 0.0135343 0.0123461 0.141995 0.0203672 0.0417883 0.0385788 0.0620747 0.190357 0.0186622 0.0988629 0.0136535 
0.0560731 0.0167573 0.0431703 0.0834038 0.0926976 0.0771307 0.0126626 0.134168 0.0328283 0.161043 0.0726109 0.016876 0.0148657 0.185713 
0.110922 0.206551 0.0515699 0.0166012 0.006459 0.0838326 0.00683837 0.0280561 0.0308428 0.099922 0.222214 0.00417557 0.0791879 0.0528264 
0.0425093 0.0571871 0.0634289 0.0479857 0.240284 0.053616 0.0283177 0.056626 0.0439265 0.113927 0.0823099 0.0575051 0.0814472 0.0309294 
0.0121035 0.0737994 0.0595114 0.0375373 0.0921787 0.0269234 0.0389128 0.0466039 0.159125 0.260816 0.042352 0.0125543 0.0287006 0.108882 
0.0451045 0.141581 0.0317751 0.0290118 0.0467814 0.169499 0.0802414 0.0807898 0.0899057 0.034444 0.04152 0.0664464 0.0717602 0.0711395 
0.0936991 0.0459544 0.0574973 0.0333301 0.0428766 0.114559 0.0298671 0.0830981 0.0576086 0.138396 0.076049 0.0542578 0.0243057 0.148501 
0.100778 0.0286261 0.013805 0.110883 0.0646085 0.0441124 0.0974327 0.0824666 0.0456925 0.112387 0.0773937 0.00606926 0.197488 0.0182566 
0.0490753 0.0626402 0.0195878 0.171866 0.0882909 0.036398 0.0677742 0.120537 0.0303661 0.148354 0.0381622 0.0487367 0.10422 0.0139916 
0.0376706 0.0840406 0.0300791 0.043975 0.0550441 0.0712422 0.0496273 0.135099 0.118842 0.0446281 0.0697071 0.0503632 0.114068 0.0956137 
0.118687 0.0488736 0.0259622 0.114756 0.0867341 0.021014 0.150285 0.0420857 0.0742009 0.0356451 0.0913192 0.0502097 0.0730302 0.0671971 
0.0233193 0.033769 0.0962734 0.152291 0.00816004 0.0214243 0.0378992 0.0723777 0.0974057 0.157535 0.128152 0.00412672 0.12808 0.0391867 
0.0657769 0.0367765 0.095202 0.0579117 0.0547061 0.0438035 0.103697 0.0542368 0.0759605 0.178322 0.0259713 0.0143917 0.0549788 0.138265 
0.078089 0.139537 0.116921 0.0299496 0.0340425 0.059628 0.0680941 0.115716 0.0866257 0.0700597 0.0578213 0.0440221 0.0633551 0.0361388 
0.0355979 0.0850387 0.0604763 0.0954657 0.0331163 0.0221636 0.0556947 0.0997212 0.142041 0.132479 0.0775053 0.0574787 0.0791169 0.0241044 
0.0840467 0.050961 0.0316701 0.0591638 0.0690354 0.045936 0.145719 0.0882564 0.0906299 0.0741161 0.0743439 0.0788933 0.0468853 0.0603426 
0.0638864 0.0492494 0.0746695 0.118218 0.0586064 0.16193 0.0540714 0.0677247 0.0373377 0.0310629 0.0582641 0.0286797 0.100571 0.095729 
0.0187818 0.0831157 0.00490062 0.0407663 0.0619843 0.131146 0.127208 0.0287906 0.12515 0.113163 0.0144747 0.129739 0.0521011 0.068678 
0.0307006 0.0946497 0.0275191 0.0981066 0.131298 0.0596605 0.024753 0.0466933 0.0328162 0.14326 0.10072 0.0447397 0.13658 0.0285041 
0.066502 0.0697831 0.118065 0.0253189 0.034158 0.0531935 0.012191 0.143999 0.214455 0.047476 0.125178 0.00443554 0.0627302 0.0225142 
0.0492246 0.175797 0.0907755 0.0722114 0.0719889 0.0341464 0.0374084 0.0685074 0.0620499 0.0566166 0.121874 0.079196 0.0444019 0.0358018 
0.00908751 0.0478355 0.077973 0.00797286 0.0231056 0.0176392 0.204964 0.0168767 0.110459 0.105281 0.021302 0.296637 0.049455 0.0114108 
0.01848 0.0869675 0.0111461 0.0584596 0.0149105 0.00494343 0.0394537 0.0357946 0.0950177 0.19835 0.263064 0.0848609 0.0679686 0.0205837 
0.051493 0.0538939 0.0337756 0.0891744 0.0327698 0.0292019 0.10861 0.0438255 0.110246 0.142483 0.154523 0.0593969 0.0451525 0.0454537 
0.047718 0.0392332 0.0680899 0.0851351 0.056468 0.143918 0.126057 0.0271631 0.0583088 0.111268 0.0422314 0.0947698 0.0452196 0.0544201 
0.109977 0.0337649 0.109342 0.025234 0.146282 0.045711 0.0284295 0.0956162 0.0507507 0.020822 0.0733307 0.196039 0.0421166 0.0225844 
0.415241 0.122114 0.0688394 0.0383707 0.0119704 0.0602765 0.0301962 0.0349343 0.130159 0.0265531 0.00882457 0.0168519 0.0335756 0.00209276 
0.0522884 0.0430156 0.121828 0.0281772 0.0847413 0.0438145 0.0375773 0.166237 0.0597984 0.0395462 0.0617033 0.111755 0.0916871 0.0578298 
0.0513329 0.0209705 0.0657883 0.0806478 0.0717327 0.103222 0.0935077 0.0866052 0.0630728 0.0671627 0.122312 0.0824257 0.0506421 0.0405769 
0.106255 0.0436543 0.0575534 0.0401144 0.0729728 0.0595471 0.116217 0.124423 0.0878623 0.0533241 0.0851498 0.0586869 0.0401396 0.0541007 
0.0849656 0.111364 0.132391 0.0609864 0.0507475 0.16711 0.0547856 0.0646786 0.0910356 0.048069 0.0359484 0.0426845 0.0237693 0.0314645 
0.0381409 0.0636068 0.0300723 0.0214325 0.125977 0.215508 0.054907 0.103082 0.117434 0.036488 0.0560754 0.0561086 0.0427271 0.0384407 
0.0381426 0.146606 0.097745 0.0243071 0.0961363 0.0312366 0.0896047 0.137973 0.0446815 0.129781 0.0383852 0.0108486 0.0666096 0.0479431 
0.0529886 0.0459189 0.0310035 0.128817 0.0615906 0.0833745 0.0962425 0.217304 0.0264902 0.0437536 0.0425527 0.0548389 0.0374363 0.0776891 
0.0167453 0.0802054 0.0376449 0.057221 0.0877335 0.142942 0.0411653 0.0944753 0.094209 0.11394 0.0449956 0.044085 0.106506 0.0381318 
0.0478059 0.0720349 0.0377045 0.0722164 0.0387846 0.057314 0.0761433 0.0968164 0.0321849 0.0486443 0.165591 0.0275169 0.174309 0.0529334 
0.0839906 0.0575275 0.0613223 0.106411 0.110053 0.0667502 0.0542523 0.100097 0.0681809 0.0659508 0.0465445 0.0701583 0.0591547 0.0496073 
0.0628398 0.0714641 0.0646896 0.0862092 0.0756592 0.0819779 0.0476527 0.0587396 0.0845844 0.0801009 0.0548906 0.0823479 0.078957 0.0698871 
0.040421 0.0188025 0.0627522 0.0909303 0.00677261 0.212234 0.104391 0.0211888 0.0965879 0.0441325 0.118506 0.00698763 0.137709 0.0385836 
0.0822229 0.0589699 0.0576174 0.0403085 0.0276806 0.0276866 0.071236 0.0471729 0.0862427 0.0390593 0.157635 0.15025 0.111296 0.0426226 
0.0345385 0.0592427 0.0916541 0.0350363 0.0420416 0.136244 0.0515885 0.0317254 0.0749479 0.12297 0.0440834 0.0598773 0.0558193 0.160231 
0.0620552 0.0404682 0.0804421 0.0450857 0.270889 0.10394 0.0210429 0.104733 0.0713621 0.0365346 0.0318912 0.053982 0.0408119 0.0367629 
0.0424084 0.0580925 0.0573601 0.0321295 0.0672645 0.012198 0.0157784 0.04937 0.139464 0.208362 0.0692691 0.0559185 0.0924276 0.0999582 
0.118882 0.0698934 0.105727 0.100791 0.031804 0.0646325 0.0581866 0.0842561 0.0614234 0.0503498 0.0686772 0.109409 0.0520716 0.0238969 
0.0285862 0.0588948 0.0820143 0.0235118 0.0149459 0.0548966 0.0526173 0.113509 0.0796394 0.2341 0.0465699 0.0122872 0.0570186 0.141409 
0.0301689 0.0594345 0.082537 0.0649291 0.0852455 0.13825 0.0544564 0.0534187 0.032741 0.0858819 0.114594 0.0185454 0.128745 0.0510516 
0.00648533 0.331029 0.0389963 0.0064885 0.0390594 0.0717938 0.00650509 0.00650479 0.168304 0.0716208 0.071631 0.103836 0.0712621 0.00648348 
0.0501022 0.0317586 0.0480401 0.0814883 0.0489053 0.231147 0.0712366 0.0182287 0.0586912 0.0320135 0.108343 0.0855619 0.0925712 0.0419129 
0.00818078 0.0162909 0.0531186 0.0451607 0.0299606 0.0498395 0.0350406 0.210877 0.0999578 0.0940655 0.225714 0.00895599 0.10009 0.0227479 
0.0521456 0.0409578 0.123629 0.117112 0.155756 0.0239435 0.136399 0.032894 0.0416875 0.0940773 0.091395 0.0142005 0.0603376 0.0154648 
0.0495205 0.0507238 0.0544243 0.0632739 0.0793169 0.0604996 0.0624372 0.0913244 0.138195 0.0664462 0.056073 0.119109 0.0534864 0.0551702 
0.0378255 0.117963 0.0811778 0.0588311 0.0823231 0.0573175 0.083977 0.0427935 0.0530627 0.0904343 0.0625943 0.0393877 0.127786 0.0645262 
0.0729256 0.0379311 0.0440952 0.0404323 0.0698936 0.174542 0.0805465 0.0400338 0.0313034 0.108773 0.0300498 0.135682 0.0817211 0.0520708 
0.144028 0.110312 0.0574176 0.0922614 0.13808 0.0268617 0.0921641 0.0700198 0.025548 0.0682382 0.0274501 0.0263209 0.049959 0.0713382 
0.0187627 0.0266076 0.107833 0.130338 0.0512496 0.168003 0.0755046 0.0348285 0.0446204 0.0571948 0.106916 0.0670086 0.0258948 0.0852377 
0.0416919 0.0896812 0.0357784 0.0869279 0.210321 0.0343596 0.0738216 0.0900446 0.0354531 0.0971583 0.0362544 0.0703067 0.0374781 0.0607234 
0.0322187 0.0303259 0.0485027 0.0942217 0.200963 0.193253 0.0374742 0.0320202 0.0565113 0.0224343 0.039109 0.10045 0.0421409 0.0703754 
0.0742494 0.0351888 0.0692632 0.0480026 0.0865117 0.0427638 0.0211561 0.0510652 0.145459 0.105723 0.0348949 0.0516699 0.0395412 0.194511 
0.118409 0.139859 0.0646476 0.0271016 0.0612199 0.0368663 0.138743 0.110484 0.0262215 0.0429476 0.0771994 0.02094 0.0625718 0.0727901 
0.012046 0.0183604 0.0668185 0.0367543 0.00525109 0.02577 0.00500566 0.118263 0.154919 0.166097 0.350978 0.0205195 0.0133806 0.00583662 
0.0231892 0.0559672 0.0647561 0.0472216 0.0957366 0.037503 0.108384 0.162013 0.0419181 0.0869591 0.0815055 0.0612952 0.0551828 0.0783695 
0.0621769 0.116904 0.166025 0.0239693 0.112478 0.164624 0.042772 0.0426193 0.0367151 0.0278633 0.00713126 0.0796212 0.0421342 0.0749666 
0.0500079 0.0606331 0.0375192 0.059562 0.119351 0.054282 0.0409809 0.13293 0.0832507 0.0611707 0.149494 0.0410476 0.0372923 0.0724786 
0.0126969 0.0340523 0.169568 0.0493136 0.063043 0.0542926 0.0676081 0.141335 0.0498385 0.124465 0.0583244 0.0532946 0.0368303 0.0853377 
0.0177525 0.0572224 0.0260432 0.0508202 0.146438 0.0967562 0.148408 0.0342571 0.0275088 0.0556776 0.0968388 0.0832349 0.0460065 0.113037 
0.0306124 0.0480844 0.0827172 0.155844 0.0461776 0.0304473 0.137364 0.0383388 0.056705 0.0775159 0.0815148 0.0483315 0.0745939 0.0917531 
0.0529984 0.00573951 0.11496 0.0495617 0.00555861 0.0908384 0.0108462 0.137093 0.0567775 0.0226277 0.250495 0.0376745 0.141256 0.0235736 
0.131305 0.0327989 0.0894436 0.0383712 0.00567716 0.0681868 0.00965016 0.127762 0.0746768 0.0452599 0.194004 0.0320237 0.130883 0.0199572 
0.0500527 0.0453943 0.107124 0.0516955 0.0934673 0.0644515 0.0910155 0.0829175 0.172888 0.0530027 0.0353788 0.0437524 0.0628277 0.0460332 
0.0137085 0.0661386 0.0415906 0.0165472 0.153741 0.0169386 0.060054 0.151835 0.0950429 0.106731 0.135412 0.0430497 0.0496984 0.0495124 
0.0726381 0.170325 0.0139898 0.0215503 0.0260312 0.0238723 0.131514 0.107102 0.0751068 0.0300616 0.0561828 0.0795963 0.0578134 0.134216 
0.0608214 0.0422034 0.0673591 0.0914983 0.117596 0.070376 0.0502325 0.093554 0.0423496 0.0371138 0.0506438 0.107236 0.0404591 0.128557 
0.032605 0.0396355 0.0736328 0.114255 0.166232 0.0542324 0.0646244 0.0766092 0.0121988 0.0445294 0.0598003 0.0371819 0.0710741 0.153389 
0.0623702 0.0765195 0.138904 0.0609438 0.0746168 0.0711879 0.0869346 0.0649028 0.0280808 0.00972379 0.127043 0.0742871 0.0999871 0.0244986 
0.0951102 0.023111 0.0780116 0.034773 0.252569 0.00669829 0.0580774 0.105674 0.0533249 0.0251509 0.0973119 0.118973 0.0436645 0.00755028 
0.0577198 0.111612 0.0220383 0.0227347 0.0493107 0.0547413 0.0271045 0.113692 0.322918 0.0148639 0.0810414 0.0111171 0.0711568 0.0399495 
0.0179793 0.0752959 0.0202425 0.0441618 0.0295266 0.0273111 0.0104106 0.0441099 0.338541 0.0163388 0.305376 0.0151021 0.0372208 0.0183831 
0.0403362 0.0229955 0.0268157 0.0120474 0.0369037 0.00678515 0.0753873 0.222592 0.0160646 0.186988 0.139448 0.0993175 0.0744939 0.0398246 
0.0451207 0.0298315 0.0262615 0.0145988 0.0346929 0.0089608 0.0637328 0.218665 0.0793907 0.15463 0.14018 0.0819955 0.0646428 0.037297 
0.043849 0.0284497 0.071389 0.0450142 0.0597262 0.0586442 0.0474333 0.0194734 0.113355 0.0878331 0.26953 0.050959 0.0192145 0.0851298 
0.103525 0.0502762 0.0287272 0.0207164 0.0968595 0.0370857 0.0583523 0.168942 0.102042 0.145369 0.0436447 0.0590773 0.0134986 0.0718837 
0.107432 0.0576667 0.0167819 0.111531 0.0286985 0.0900508 0.111895 0.0707016 0.034836 0.104352 0.103853 0.092044 0.0159751 0.0541827 
0.152916 0.238694 0.0311874 0.0337946 0.115549 0.0388417 0.0338897 0.0416658 0.0426043 0.0915223 0.0851877 0.0146339 0.0323385 0.0471748 
0.12543 0.0998014 0.0275502 0.0651553 0.0424524 0.0874561 0.0417436 0.0716541 0.105182 0.0883916 0.0675649 0.0705961 0.0378848 0.0691373 
0.0737927 0.0519809 0.0144562 0.216878 0.0378354 0.0484853 0.0533754 0.0941417 0.0564017 0.0293032 0.0246868 0.0567698 0.0983697 0.143523 
0.0233385 0.0262732 0.0308953 0.171861 0.0608229 0.0201842 0.0640141 0.108601 0.0315363 0.0499384 0.134186 0.0731971 0.058924 0.146227 
0.322523 0.015319 0.105897 0.0171089 0.0206106 0.0253662 0.138422 0.0716683 0.0530638 0.0704014 0.0794823 0.0122777 0.0376887 0.0301711 
0.0212564 0.124626 0.015836 0.0122055 0.0665591 0.0961082 0.0371528 0.160555 0.0408682 0.0573108 0.0749613 0.135306 0.0796241 0.0776309 
0.0288267 0.0909977 0.0492846 0.0632504 0.0118369 0.0639788 0.0446365 0.0445068 0.0451532 0.225084 0.0471038 0.0425323 0.0423301 0.200478 
0.343759 0.0434144 0.0334289 0.0591222 0.0301907 0.0131919 0.030045 0.0692542 0.0302231 0.0888003 0.153933 0.0448287 0.0190685 0.0407409 
0.139996 0.0284737 0.0976286 0.0931729 0.0601466 0.0833966 0.140459 0.0508092 0.03821 0.0438853 0.0555178 0.0693435 0.0296461 0.0693154 
0.0342439 0.0338809 0.0381681 0.162246 0.125829 0.0726516 0.0769726 0.0465438 0.0680884 0.0598103 0.115876 0.0611568 0.0460095 0.0585235 
0.142386 0.0803549 0.0496201 0.157152 0.0622688 0.0489769 0.0506179 0.0418661 0.0718116 0.0516551 0.0265173 0.0746677 0.0441292 0.0979766 
0.0914827 0.0862586 0.0609545 0.143945 0.0727558 0.0408291 0.0538842 0.026507 0.0754532 0.10812 0.0867829 0.0905687 0.0233203 0.0391372 
0.0154854 0.0920102 0.00854342 0.0141643 0.130334 0.0101331 0.0835189 0.0803788 0.0652387 0.0961471 0.160387 0.0180943 0.0386732 0.186891 
0.0359933 0.192088 0.094251 0.0488001 0.0704866 0.0629401 0.0519175 0.0943417 0.0374346 0.0859007 0.0411817 0.0317936 0.113253 0.0396178 
0.0101072 0.00290147 0.0848046 0.0447478 0.148568 0.0810415 0.0966032 0.00877987 0.073803 0.0405358 0.106079 0.118118 0.12144 0.0624699 
0.0457185 0.117049 0.0127538 0.0833457 0.106388 0.0265494 0.0422373 0.0974461 0.0974228 0.0306799 0.0947817 0.108043 0.0793743 0.0582109 
0.0391784 0.143273 0.0424477 0.0932887 0.0522681 0.0431087 0.206242 0.0613251 0.0503688 0.0596647 0.081814 0.0392313 0.0516741 0.0361152 
0.0298588 0.0447589 0.0678688 0.0580547 0.0234519 0.0276437 0.0297491 0.0854391 0.324087 0.0290761 0.066837 0.113631 0.0719826 0.0275616 
0.0183717 0.106813 0.0739997 0.0788814 0.0884755 0.0705467 0.0768401 0.0592098 0.0443533 0.112035 0.0913059 0.0535998 0.0536846 0.0718835 
0.0101072 0.00290147 0.0848046 0.0447478 0.148568 0.0810415 0.0966032 0.00877987 0.073803 0.0405358 0.106079 0.118118 0.12144 0.0624699 
0.035555 0.0552605 0.0756739 0.027744 0.100958 0.0106185 0.0327517 0.0682532 0.0300853 0.29591 0.0975181 0.00869139 0.140571 0.0204097 
0.0101072 0.00290147 0.0848046 0.0447478 0.148568 0.0810415 0.0966032 0.00877987 0.073803 0.0405358 0.106079 0.118118 0.12144 0.0624699 
0.154374 0.147158 0.0316857 0.109379 0.0166144 0.073567 0.084845 0.0811751 0.103903 0.0809804 0.054496 0.0116251 0.0336891 0.0165085 
0.0399258 0.0835595 0.139866 0.0454293 0.0634929 0.0606254 0.0993042 0.0481438 0.12891 0.0249558 0.0873412 0.016063 0.0481489 0.114234 
0.0381933 0.0261896 0.0215111 0.0597207 0.00946887 0.14805 0.0892217 0.0883181 0.107366 0.173228 0.0830971 0.0126566 0.113282 0.0296972 
0.0284961 0.108237 0.0950089 0.0193977 0.0387093 0.0817109 0.283686 0.155508 0.011836 0.0283681 0.0510193 0.0215145 0.0370894 0.0394187 
0.0387352 0.0532923 0.08361 0.0701691 0.0559889 0.107216 0.0879568 0.0528603 0.0516153 0.0636611 0.0989835 0.106071 0.0626716 0.0671684 
0.0236108 0.0824352 0.0905862 0.0866962 0.0650565 0.135934 0.0837052 0.0324322 0.0661955 0.0565542 0.106667 0.0380399 0.0133164 0.11877 
0.0630131 0.0378989 0.175509 0.0925245 0.0665285 0.0208445 0.127974 0.132127 0.0250776 0.100608 0.0593492 0.0393904 0.0279399 0.0312162 
0.0659603 0.103046 0.0347337 0.0653548 0.0911704 0.0887291 0.0591896 0.123621 0.0368862 0.11783 0.0539263 0.0135314 0.112154 0.0338667 
0.0463285 0.0463283 0.0514587 0.0167588 0.0364885 0.105285 0.0795678 0.0238384 0.160693 0.0916896 0.0554339 0.0778868 0.0557938 0.152448 
0.0250536 0.024929 0.112761 0.02084 0.131395 0.0532569 0.0199328 0.0552177 0.134404 0.0709752 0.226369 0.0855669 0.0220811 0.0172169 
0.00548802 0.104631 0.0181802 0.025194 0.00795701 0.0118906 0.0240933 0.33917 0.0258549 0.0701469 0.231132 0.00691345 0.0989041 0.0304445 
0.0144518 0.211312 0.0735199 0.037555 0.0234116 0.0841887 0.0404804 0.0669162 0.0592371 0.0697232 0.164075 0.0253528 0.0712942 0.0584826 
0.0368059 0.160273 0.0418739 0.026096 0.0480605 0.173366 0.0647441 0.0681711 0.0303576 0.0538539 0.0785445 0.0763499 0.0833677 0.0581357 
0.0495512 0.0400332 0.134561 0.122424 0.0360046 0.0604604 0.0768847 0.0463041 0.0497964 0.128522 0.059457 0.0273135 0.109265 0.0594237 
0.0304013 0.0228355 0.0948244 0.0319903 0.0531076 0.0747282 0.0825906 0.122452 0.0276567 0.0313861 0.0843274 0.182012 0.080219 0.0814682 
0.0548958 0.122374 0.0199961 0.0191622 0.0101271 0.0266506 0.0295948 0.0694855 0.0364686 0.323867 0.0803314 0.122599 0.0688289 0.015619 
0.0680329 0.109626 0.135486 0.0371396 0.0776486 0.0523073 0.0752848 0.165786 0.0343986 0.0535567 0.0691177 0.0585463 0.032602 0.0304674 
0.0742713 0.0591887 0.0641404 0.0402411 0.0289945 0.0462653 0.060305 0.143753 0.0576418 0.180816 0.0750439 0.038478 0.067287 0.0635742 
0.0602405 0.0527568 0.070327 0.0554 0.116107 0.0978041 0.0909037 0.0715847 0.0424922 0.0844957 0.0573487 0.103429 0.037178 0.0599324 
