0.0894487 0.0496269 0.0656298 0.201322 0.0535053 0.0576741 0.0209041 0.0235446 0.0185795 0.0541649 0.0705394 0.0994972 0.0742296 0.083124 0.0382096 
0.0883921 0.128314 0.0676761 0.0584045 0.0628694 0.140867 0.0560844 0.0291911 0.0457996 0.0264061 0.0960057 0.043415 0.0426741 0.0436117 0.0702892 
0.0615641 0.140939 0.0588779 0.0699392 0.0579888 0.0836095 0.0244794 0.0378558 0.025218 0.0673283 0.100942 0.0566698 0.0541846 0.134761 0.0256423 
0.037037 0.0920023 0.00954494 0.164908 0.0852976 0.0292751 0.0529396 0.0855711 0.0501462 0.0128886 0.0300511 0.0426124 0.0425191 0.167104 0.0981033 
0.0610787 0.0402644 0.0448339 0.0897041 0.0482901 0.0764175 0.0546957 0.035536 0.143451 0.0699272 0.0398481 0.149879 0.039341 0.0709097 0.035823 
0.112981 0.0586807 0.209998 0.0659931 0.0346841 0.0459044 0.146224 0.0176835 0.01505 0.0187659 0.0819896 0.0289394 0.0373174 0.0803609 0.0454274 
0.0904854 0.0639596 0.209916 0.127883 0.0103167 0.0683422 0.146345 0.0108503 0.00506041 0.0205681 0.0748355 0.0255628 0.059135 0.0681762 0.0185643 
0.248589 0.0568964 0.0519206 0.0917066 0.0163315 0.0397277 0.0529728 0.0333155 0.045447 0.0840572 0.0473029 0.0688115 0.0402241 0.0542716 0.0684253 
0.107821 0.101778 0.170189 0.0597283 0.0214521 0.076877 0.019335 0.0310425 0.0161108 0.070005 0.0807713 0.0858577 0.0291554 0.0923219 0.0375543 
0.0353432 0.0784195 0.0416278 0.220679 0.0314623 0.12497 0.02588 0.0491393 0.0859613 0.0316439 0.0450618 0.0790827 0.0481988 0.0833388 0.0191919 
0.00673434 0.00672856 0.0375261 0.0695938 0.00707363 0.00633912 0.00660525 0.0423704 0.454118 0.00673862 0.045635 0.00661879 0.00744621 0.00628096 0.290192 
0.0243053 0.0785686 0.06947 0.0675302 0.0321834 0.0745544 0.0231947 0.173738 0.0427877 0.0956774 0.0561837 0.094026 0.0486842 0.0981788 0.0209172 
0.156789 0.0147388 0.062028 0.0434291 0.0408736 0.124661 0.0344972 0.0233581 0.11523 0.0285168 0.0725585 0.121883 0.025898 0.0835954 0.0519435 
0.0441022 0.0785249 0.0426163 0.0645779 0.0410299 0.0177467 0.0693688 0.0197831 0.079787 0.0192355 0.0340974 0.077661 0.0168653 0.340135 0.0544695 
0.328463 0.117286 0.00225714 0.193343 0.00161208 0.00599335 0.0016409 0.001134 0.0723197 0.142124 0.0228307 0.0159695 0.00815955 0.024079 0.0627888 
0.208344 0.0258277 0.038494 0.018165 0.062675 0.0430557 0.0390596 0.0177803 0.0272336 0.229545 0.0587153 0.0389531 0.0380878 0.144732 0.00933327 
0.0169959 0.081697 0.0904488 0.160949 0.0236026 0.105221 0.0938519 0.0519999 0.0282659 0.088874 0.0274036 0.105444 0.0767913 0.0165737 0.0318805 
0.067169 0.0834522 0.0332014 0.0373482 0.0424632 0.126329 0.0188067 0.0575529 0.081961 0.0314641 0.138878 0.116991 0.0453525 0.034986 0.0840443 
0.0464443 0.0416012 0.0853386 0.0638998 0.0150574 0.0393828 0.0509112 0.043457 0.0379744 0.0331033 0.0644485 0.0466794 0.0354917 0.203734 0.192476 
0.278611 0.107968 0.0115447 0.153483 0.0209751 0.0204757 0.0250863 0.0435379 0.0762231 0.112667 0.0251072 0.061631 0.029073 0.0228145 0.0108038 
0.0633531 0.175667 0.0155023 0.18196 0.031194 0.0421846 0.103394 0.0578012 0.0282438 0.01315 0.0240758 0.0957355 0.0623194 0.0793177 0.0261019 
0.0441928 0.0354222 0.0491068 0.0415719 0.0971676 0.154598 0.0705626 0.0292126 0.0253302 0.0345381 0.0282724 0.149523 0.091938 0.078868 0.0696955 
0.058316 0.130379 0.0377644 0.0544828 0.0278675 0.0557365 0.0519544 0.0284357 0.0344129 0.114535 0.101175 0.102491 0.0754116 0.0930421 0.033996 
0.0689344 0.0745459 0.0804895 0.0801481 0.0861 0.0773568 0.0226911 0.0278849 0.0393497 0.0553035 0.0525678 0.0744429 0.106597 0.130417 0.0231723 
0.0819996 0.131632 0.035021 0.114748 0.0354196 0.0671151 0.0276759 0.0451861 0.0493715 0.0459639 0.0644297 0.0562714 0.0236644 0.212747 0.00875447 
0.106306 0.0549793 0.0592939 0.118819 0.0381076 0.0474001 0.0236385 0.0431798 0.0169933 0.0659301 0.0294173 0.09418 0.152224 0.104768 0.0447631 
0.0733218 0.1482 0.105976 0.08793 0.0944906 0.0492049 0.0400133 0.0304596 0.0550744 0.0594374 0.0303418 0.0679526 0.048309 0.0798954 0.0293932 
0.0451697 0.0810586 0.0461574 0.0523264 0.026938 0.226691 0.0921561 0.0344082 0.0956658 0.0347697 0.0238329 0.119223 0.029882 0.0647228 0.0269974 
0.0265438 0.134348 0.0748587 0.177473 0.00361577 0.0841503 0.019789 0.0316376 0.0134774 0.0148372 0.188692 0.0238042 0.0623039 0.135946 0.00852432 
0.13606 0.0362345 0.0522965 0.0303306 0.0309964 0.0418402 0.232833 0.0409665 0.0419658 0.0432882 0.108339 0.0953428 0.0131015 0.051957 0.0444478 
0.115602 0.115169 0.119848 0.0490496 0.0747051 0.0770006 0.0366783 0.0436251 0.0269826 0.0429145 0.0316752 0.0816628 0.0579761 0.103701 0.0234094 
0.0312728 0.0600269 0.135575 0.136293 0.0396515 0.0491828 0.0834788 0.0716743 0.0192573 0.0711386 0.0645458 0.0769357 0.0818947 0.0377642 0.0413081 
0.0652276 0.0417779 0.0671179 0.093069 0.0190911 0.11932 0.032538 0.0261642 0.044996 0.124124 0.0737079 0.0617391 0.0431649 0.162888 0.0250731 
0.221737 0.101984 0.0275568 0.164603 0.0332486 0.0333312 0.120392 0.034225 0.0230983 0.0155359 0.0730329 0.0463523 0.0334367 0.0496348 0.0218318 
0.0135754 0.0454324 0.00287569 0.0990455 0.0602667 0.163067 0.11104 0.106402 0.128092 0.0228916 0.0462597 0.0402128 0.0601592 0.096789 0.00389083 
0.108576 0.142508 0.0184874 0.114066 0.0478283 0.00745555 0.324653 0.0391815 0.028595 0.0130316 0.0565204 0.0147528 0.0045139 0.0302084 0.0496224 
0.184896 0.0826845 0.049928 0.0632258 0.0175411 0.0540149 0.138294 0.0329791 0.0408671 0.026555 0.0459425 0.150401 0.00897953 0.0933852 0.0103058 
0.000613387 0.00980576 0.003418 0.0495582 0.822116 0.000577389 0.000601629 0.00385924 0.00689378 0.0619914 0.00415659 0.000602863 0.0345895 0.000572092 0.000644672 
0.0701854 0.171081 0.105711 0.0264903 0.0573917 0.0928377 0.0283911 0.0501957 0.0301208 0.0526424 0.0622712 0.0995329 0.0784364 0.0510426 0.0236701 
0.102451 0.0192465 0.0373246 0.0480534 0.0194001 0.0878521 0.0413971 0.0317835 0.131258 0.017144 0.0562609 0.140211 0.0337072 0.187584 0.0463269 
0.0759199 0.0633859 0.0558825 0.0523587 0.123868 0.0661102 0.0583572 0.0443699 0.0897785 0.132291 0.0524535 0.0403007 0.0352812 0.0633956 0.0462471 
0.0411045 0.032448 0.00771184 0.0358043 0.0698256 0.0593804 0.0671189 0.274686 0.0626144 0.0761062 0.0232915 0.0314997 0.128854 0.0701783 0.0193771 
0.0423324 0.127808 0.0929394 0.0856521 0.0409592 0.0477495 0.0681894 0.0485737 0.0457434 0.0796527 0.0832407 0.0778418 0.00497105 0.055613 0.0987342 
0.0423324 0.127808 0.0929394 0.0856521 0.0409592 0.0477495 0.0681894 0.0485737 0.0457434 0.0796527 0.0832407 0.0778418 0.00497105 0.055613 0.0987342 
0.0478561 0.120823 0.107572 0.106554 0.0303344 0.117476 0.0725776 0.0326682 0.0504602 0.0494252 0.0432748 0.0687453 0.0385513 0.0684234 0.0452583 
0.0290733 0.297434 0.0738804 0.0375381 0.0203146 0.0257056 0.104287 0.0265325 0.0547668 0.0884343 0.0267163 0.142377 0.0256636 0.0365488 0.0107279 
0.025286 0.115288 0.05596 0.190496 0.0183013 0.0855444 0.038669 0.0132285 0.0553364 0.0256956 0.0447987 0.0421145 0.0627975 0.184601 0.0418823 
0.456453 0.0111808 0.064662 0.00398612 0.165134 0.00411071 0.0011195 0.0501123 0.0123208 0.0190185 0.00353097 0.0535533 0.145436 0.00661866 0.00276428 
0.0301309 0.0917267 0.0264969 0.0509372 0.110759 0.0281581 0.0271167 0.0245237 0.0144856 0.143165 0.0300327 0.267393 0.0271243 0.0797188 0.0482318 
0.266831 0.084244 0.0276205 0.132221 0.0132128 0.0345552 0.0941497 0.0107799 0.0315962 0.0281814 0.0818844 0.0854145 0.0123481 0.0582786 0.0386829 
0.0742669 0.0832557 0.0266103 0.0588395 0.0210454 0.130851 0.176082 0.0243492 0.0357331 0.0591126 0.0913964 0.0530468 0.0540301 0.0313104 0.0800707 
0.0219104 0.031595 0.0435686 0.0808525 0.0135308 0.126929 0.0400559 0.027704 0.0589307 0.0610805 0.101866 0.0910668 0.0299393 0.259517 0.0114526 
0.0725525 0.143365 0.0992265 0.0598599 0.0759093 0.0819419 0.0314282 0.0636928 0.0654292 0.0349442 0.0473 0.0656527 0.0347007 0.0857639 0.0382328 
0.038808 0.0892245 0.0352293 0.079253 0.0081036 0.185801 0.0747479 0.151315 0.0393584 0.0690002 0.0176028 0.094979 0.0418349 0.0580002 0.0167426 
0.0357503 0.0478434 0.0171359 0.0716314 0.0496777 0.0204403 0.0203966 0.11423 0.110223 0.07168 0.0149959 0.0502258 0.0947164 0.0720803 0.208973 
0.102829 0.0173571 0.0684626 0.039857 0.119395 0.0259977 0.0174344 0.0613012 0.0892333 0.0264598 0.0518243 0.0503017 0.0278052 0.0239272 0.277814 
0.0264585 0.0415762 0.0186963 0.036682 0.134851 0.0338422 0.203442 0.0521745 0.0399975 0.0231385 0.0180389 0.103101 0.0310368 0.114746 0.122218 
0.0124435 0.0219212 0.00352159 0.047333 0.0513879 0.00764488 0.232579 0.0317407 0.00643979 0.0245054 0.0135189 0.0418627 0.057554 0.0114405 0.436107 
0.0780275 0.0407199 0.0235382 0.368212 0.0445685 0.0131577 0.050777 0.0795513 0.0424449 0.0167274 0.0238701 0.0672689 0.0408323 0.0929422 0.0173616 
0.0713822 0.138636 0.0198879 0.0912765 0.0289271 0.0959021 0.141242 0.0476342 0.0246975 0.052827 0.00806367 0.0370514 0.0359997 0.0619946 0.144478 
0.0651478 0.0634572 0.0704156 0.288412 0.0241087 0.00776051 0.0437055 0.0609589 0.0420587 0.0420835 0.0230953 0.0538152 0.0700541 0.0722295 0.0726979 
0.111217 0.0348759 0.0767309 0.116504 0.0111727 0.0706801 0.0250919 0.0381665 0.0345955 0.177582 0.13374 0.0264966 0.0147712 0.110164 0.0182112 
0.0291753 0.0133353 0.0699263 0.0900905 0.0605256 0.0249276 0.0848266 0.129663 0.0317674 0.232034 0.0699749 0.00962898 0.0781397 0.034083 0.0419021 
0.0112198 0.0329072 0.00690259 0.0691294 0.0852036 0.00338495 0.161375 0.413855 0.00537465 0.0079956 0.0132849 0.0299113 0.0678165 0.00797416 0.0836656 
0.0857665 0.0200698 0.0478337 0.0817253 0.053791 0.0248513 0.0547934 0.0589578 0.0441391 0.0594331 0.0240624 0.240767 0.0433851 0.0701061 0.0903189 
0.0195243 0.039055 0.146641 0.0290455 0.183637 0.0508271 0.0311665 0.11331 0.152729 0.0146133 0.0267178 0.103372 0.0522063 0.0165664 0.0205895 
0.0215073 0.046571 0.120889 0.0238755 0.149314 0.0412361 0.025585 0.0913615 0.121638 0.012337 0.0729271 0.187512 0.0429045 0.0139284 0.0284134 
0.231904 0.153802 0.000574229 0.0014927 0.00687963 0.00311982 0.00215782 0.25886 0.0264148 0.00194959 0.076132 0.0803842 0.00314798 0.000576672 0.152605 
0.0964895 0.193963 0.03265 0.048406 0.0702417 0.0870035 0.0598129 0.0902109 0.0801414 0.0251288 0.0137607 0.0418764 0.022693 0.0555609 0.0820617 
0.175959 0.100542 0.0822435 0.0184938 0.0409601 0.00870305 0.0136724 0.10301 0.0837631 0.0331139 0.0675908 0.0522971 0.0549335 0.0874359 0.0772821 
0.0303562 0.0227346 0.0409835 0.152168 0.0228864 0.00897529 0.00215896 0.067895 0.018508 0.0937228 0.020502 0.205038 0.071356 0.00342016 0.239295 
0.067419 0.194884 0.0283109 0.0639774 0.0230285 0.0573334 0.0672069 0.0563118 0.0371253 0.0391127 0.150467 0.0280256 0.0337594 0.113242 0.039796 
0.0918095 0.0474242 0.104776 0.0572825 0.0210208 0.0986331 0.0532632 0.0193672 0.0596203 0.0321449 0.093105 0.105751 0.0982412 0.0844211 0.0331394 
0.0497612 0.0857468 0.0476885 0.165313 0.137332 0.00360558 0.0886614 0.0467283 0.0893559 0.0130993 0.030414 0.0646048 0.0417206 0.0209402 0.115029 
0.0166361 0.0874915 0.0134775 0.0396172 0.0707958 0.0464569 0.0869911 0.117157 0.0355297 0.102342 0.0100615 0.145886 0.115722 0.0898287 0.0220074 
0.0562148 0.0258648 0.103683 0.0550196 0.0608475 0.0290783 0.0736511 0.155096 0.140996 0.0689204 0.0355958 0.0220171 0.0215412 0.0342965 0.117178 
0.0411351 0.0229246 0.298522 0.018115 0.043455 0.0215606 0.0534232 0.0113018 0.0746604 0.0618395 0.160246 0.0476173 0.0269547 0.0464886 0.0717567 
0.0312001 0.0985949 0.0777785 0.0435482 0.0368067 0.0572282 0.0745417 0.0381748 0.0852915 0.0366162 0.0620663 0.088582 0.0638797 0.0671159 0.138575 
0.123478 0.0754919 0.0765735 0.0378625 0.0508707 0.0718678 0.111136 0.106069 0.0321764 0.0812309 0.026092 0.062301 0.021655 0.0924548 0.0307407 
0.0754067 0.0586071 0.0609699 0.164424 0.047801 0.0796343 0.040655 0.0385975 0.04135 0.11945 0.0681498 0.0311869 0.0796562 0.0337777 0.0603335 
0.0332683 0.0409072 0.227407 0.0433446 0.0448296 0.0300633 0.0585036 0.0713108 0.0522254 0.0240659 0.0403205 0.053642 0.0363844 0.0377906 0.205937 
0.0720958 0.0789522 0.144627 0.0745661 0.0566466 0.079254 0.0294755 0.0279103 0.0455167 0.0232488 0.0878073 0.0387024 0.110043 0.0965813 0.0345736 
0.093684 0.06637 0.0451736 0.0534589 0.0396244 0.128306 0.0745622 0.0468458 0.14988 0.0279723 0.0621528 0.0597143 0.0318779 0.0288055 0.0915724 
0.010562 0.0200133 0.0168128 0.0747529 0.0488089 0.159829 0.0748614 0.0419301 0.035248 0.0516502 0.062728 0.13623 0.0622011 0.117344 0.0870279 
0.00685938 0.0139015 0.0128882 0.0933888 0.0459785 0.123918 0.0800897 0.032622 0.0544678 0.0489812 0.0498907 0.0886689 0.06139 0.15745 0.129505 
0.0401605 0.0380536 0.0576793 0.0767137 0.0557206 0.0490161 0.022336 0.0252835 0.0389123 0.0685486 0.0475259 0.0605339 0.079333 0.278181 0.0620023 
0.0535975 0.0370913 0.0537572 0.057787 0.0657605 0.114222 0.062586 0.044046 0.0672788 0.0472739 0.0520563 0.110463 0.0384044 0.13592 0.0597553 
0.12207 0.0194405 0.0351526 0.0706378 0.0429875 0.0871527 0.0708347 0.085404 0.219026 0.0257401 0.0162577 0.0230978 0.029048 0.0382276 0.114923 
0.0641707 0.0355821 0.195649 0.0598025 0.0215927 0.0401949 0.0534202 0.0179084 0.0131087 0.021688 0.0332449 0.125904 0.156446 0.118107 0.0431811 
0.0376004 0.0162965 0.0175059 0.041079 0.0219521 0.00677705 0.233376 0.125961 0.0303524 0.0527128 0.0395546 0.0614605 0.208478 0.1046 0.00229382 
0.0247411 0.00147879 0.00125307 0.00448533 0.0596032 0.0128432 0.000240852 0.0229222 0.00999865 0.00106812 0.031671 0.0602279 0.000887251 0.479336 0.289243 
0.100601 0.0237634 0.0590585 0.094044 0.032524 0.0669723 0.0700425 0.139944 0.0396953 0.0543201 0.0230214 0.0494804 0.0293985 0.0939752 0.123159 
0.0661705 0.0661137 0.0614544 0.0621653 0.0695043 0.0622871 0.0649021 0.0693875 0.0676074 0.0662125 0.0747339 0.0650352 0.0731652 0.0617157 0.0695454 
0.0768367 0.0802025 0.0910807 0.105855 0.0639679 0.0908702 0.0902674 0.0703227 0.033821 0.0171246 0.0299454 0.115912 0.0516168 0.0333326 0.0488443 
0.0997752 0.0236268 0.031718 0.0525148 0.0607749 0.0337163 0.0323708 0.135485 0.10755 0.150386 0.0850709 0.0888127 0.0370643 0.0331327 0.028001 
0.137125 0.0869604 0.0401813 0.0821015 0.015569 0.0577426 0.0491392 0.0367924 0.0865069 0.0193614 0.106828 0.101795 0.0444635 0.0712604 0.0641723 
0.058968 0.0668986 0.0943616 0.0886546 0.125994 0.0941557 0.0308425 0.0839161 0.0644688 0.0945317 0.0206518 0.0315885 0.0384208 0.0728846 0.0336622 
0.0740217 0.0417032 0.0171322 0.0205173 0.0453676 0.0196465 0.0111371 0.2054 0.0123961 0.0544535 0.0760271 0.0554003 0.0904933 0.0314069 0.244897 
0.0493993 0.103403 0.034376 0.0531221 0.0439424 0.0362424 0.168919 0.0849724 0.0251376 0.110569 0.0166727 0.022786 0.0684975 0.037156 0.144805 
0.141416 0.0711746 0.131974 0.0692705 0.0410487 0.0648289 0.0275359 0.0793115 0.0429662 0.0105343 0.0380191 0.0516381 0.0499667 0.0808716 0.0994436 
0.0505897 0.0700321 0.271732 0.0675258 0.100958 0.151322 0.02606 0.0220539 0.0406725 0.0540371 0.0154203 0.0294138 0.0438707 0.0328827 0.0234288 
0.0661358 0.115676 0.0556776 0.0876322 0.0214565 0.0858244 0.024819 0.0390055 0.168207 0.0686238 0.0337139 0.0516415 0.0609153 0.069639 0.0510318 
0.0890384 0.0474769 0.0427822 0.110405 0.0910585 0.0557094 0.0879683 0.0488184 0.081724 0.0428362 0.0384758 0.0840729 0.0378167 0.0599651 0.0818527 
0.0527156 0.0656221 0.0650103 0.00893069 0.105297 0.208249 0.000847625 0.0144993 0.0538603 0.0311306 0.0692981 0.056058 0.0248441 0.170069 0.0735696 
0.0912399 0.0352356 0.680347 0.0186834 0.0116586 0.0171016 0.0143531 0.0143434 0.0160249 0.0256346 0.0154486 0.0219868 0.0128007 0.0165884 0.00855333 
0.202868 0.00179543 0.0243528 0.0266305 0.0596941 0.04991 0.0789926 0.0386701 0.129558 0.0160377 0.00943767 0.263089 0.0488499 0.0316143 0.0184993 
0.00392525 0.0578447 0.00200826 0.0798901 0.0356968 0.040703 0.302875 0.227143 0.0212511 0.0123603 0.00216972 0.0629062 0.0490591 0.0336077 0.0685598 
0.222491 0.105717 0.0501458 0.0299811 0.0397315 0.032582 0.11872 0.028105 0.0251681 0.0209134 0.127497 0.0763125 0.0650507 0.0406951 0.0168899 
0.0543152 0.100386 0.0475761 0.0557629 0.0947678 0.0872283 0.1199 0.0443685 0.0507519 0.0551629 0.0634515 0.0696511 0.0244116 0.0910797 0.0411863 
0.0566817 0.0723094 0.0285876 0.0441602 0.0692804 0.0576045 0.0673015 0.0735045 0.0908634 0.0741002 0.160352 0.0867555 0.0136098 0.0597425 0.0451471 
0.0763831 0.0668429 0.0446483 0.057079 0.170282 0.0678018 0.0676298 0.13696 0.0320565 0.0175216 0.0500216 0.106816 0.0361584 0.0346845 0.0351149 
0.0902904 0.142374 0.109978 0.0386943 0.0238722 0.0445262 0.00384726 0.033917 0.0526031 0.0741667 0.0445769 0.076557 0.0463124 0.202945 0.0153394 
0.0738498 0.0441245 0.0359452 0.0475698 0.12244 0.0771657 0.295077 0.0721687 0.0371213 0.0679687 0.0126935 0.015381 0.0390305 0.0261803 0.0332839 
0.0827919 0.0414702 0.0567584 0.027579 0.0560274 0.0473243 0.063058 0.039141 0.0334536 0.163013 0.0636453 0.0527179 0.0737723 0.161267 0.0379813 
0.0666746 0.0611716 0.0300639 0.0350083 0.142258 0.022369 0.164179 0.135383 0.0102463 0.0175109 0.05712 0.037697 0.0484315 0.0425119 0.129374 
0.0719841 0.0442622 0.0799323 0.115298 0.0518768 0.0880229 0.191304 0.055664 0.0361854 0.0318741 0.0503392 0.0488376 0.0420304 0.0469999 0.0453893 
0.0658877 0.0580671 0.0409463 0.0403512 0.0783972 0.117168 0.131489 0.0393477 0.0998995 0.0393376 0.06157 0.0905361 0.0370514 0.0459966 0.0539545 
0.076364 0.107558 0.0564663 0.0763383 0.0478259 0.0661695 0.0497806 0.12682 0.0934925 0.0313511 0.0587146 0.0424469 0.0666416 0.0575543 0.0424769 
0.0210303 0.103284 0.0949079 0.0211104 0.053496 0.014206 0.183546 0.0883956 0.103399 0.0515335 0.0316147 0.0222336 0.0420297 0.0869898 0.0822236 
0.0184999 0.15973 0.0497156 0.0216192 0.0407436 0.0635215 0.109787 0.192456 0.0334166 0.067864 0.0469393 0.0344239 0.0725621 0.0239489 0.0647727 
0.0837004 0.095219 0.0454992 0.0998947 0.0674194 0.0793241 0.0815659 0.0691154 0.0929486 0.0353701 0.0408177 0.0804654 0.0265988 0.0437701 0.0582912 
0.00807984 0.0529022 0.137656 0.190795 0.0380862 0.0233581 0.0826003 0.228306 0.0346961 0.00985863 0.0114386 0.0193943 0.111364 0.0256199 0.0258447 
0.0704411 0.0942774 0.0302831 0.0260847 0.0231316 0.0480766 0.0714219 0.0615221 0.0243932 0.194495 0.0413153 0.0686195 0.0291074 0.104549 0.112282 
0.0721474 0.0552178 0.0321895 0.0453674 0.0720771 0.157445 0.0344478 0.151559 0.0250604 0.112691 0.0245395 0.0807276 0.0406501 0.0657513 0.030128 
0.0356809 0.117126 0.0558335 0.0534383 0.167227 0.0407365 0.118337 0.040912 0.0445475 0.0499147 0.0403344 0.0162664 0.125242 0.0190541 0.0753504 
0.0648145 0.0932931 0.0689423 0.0917922 0.0870423 0.0290001 0.122821 0.137728 0.0376022 0.0222971 0.0324672 0.0816838 0.0450026 0.022624 0.0628889 
0.0421252 0.0171136 0.0455117 0.132631 0.0994763 0.0761019 0.0328041 0.0924445 0.0356757 0.0788413 0.0714952 0.105366 0.0552394 0.0717332 0.0434408 
0.05032 0.0241746 0.0733238 0.0196213 0.103309 0.113542 0.0967071 0.113724 0.135872 0.0125032 0.0251477 0.0441134 0.00513262 0.0370335 0.145476 
0.0359886 0.0146434 0.036641 0.0484661 0.0714082 0.136899 0.0314507 0.0799051 0.0649495 0.04113 0.073612 0.174578 0.071871 0.0610493 0.0574088 
0.0419383 0.0192572 0.0478556 0.0947815 0.0842272 0.0726691 0.0350278 0.102876 0.0245093 0.103925 0.0810099 0.0984955 0.0753947 0.0796048 0.0384277 
0.0386928 0.0344113 0.0793728 0.0243669 0.06074 0.162498 0.0129284 0.000445867 0.00912297 0.0280806 0.240591 0.171756 0.0145744 0.0460021 0.0764167 
0.0511801 0.150335 0.0512067 0.0611496 0.0728512 0.0518014 0.0277368 0.0371972 0.0664885 0.0350649 0.0333432 0.149431 0.0176809 0.118002 0.0765322 
0.0341604 0.0215179 0.101657 0.0572958 0.16327 0.0167224 0.13349 0.0541233 0.0222073 0.0332956 0.0498842 0.091411 0.115422 0.0350024 0.0705403 
0.138618 0.0157577 0.0576829 0.0513265 0.0377619 0.115166 0.0473938 0.0833422 0.063431 0.0410688 0.0229147 0.0556176 0.0617171 0.100881 0.107321 
0.0532848 0.0186278 0.0476018 0.0687557 0.0567974 0.014457 0.0831583 0.232393 0.0476802 0.0501058 0.0311385 0.0716355 0.0663831 0.0478353 0.110146 
0.032586 0.0268089 0.0340938 0.0274431 0.0978686 0.20931 0.0150925 0.153913 0.0850193 0.0665789 0.0730224 0.0389768 0.0170487 0.038279 0.0839597 
0.0612411 0.0566824 0.038653 0.0437993 0.0945945 0.0809298 0.218303 0.11307 0.0458488 0.0326712 0.0392424 0.0477991 0.0316474 0.0490532 0.0464648 
0.106631 0.00635394 0.0339497 0.0671727 0.0776978 0.115808 0.080088 0.0745702 0.132708 0.0617925 0.0275377 0.0506141 0.0204203 0.0498214 0.0948346 
0.0326428 0.0087801 0.075341 0.0295917 0.081072 0.0528612 0.058763 0.115891 0.0308724 0.0851481 0.0428936 0.149283 0.106862 0.0504264 0.0795711 
0.0281353 0.0521293 0.0331149 0.0975889 0.141481 0.0146348 0.01331 0.0764512 0.129139 0.023595 0.0516947 0.0304415 0.227782 0.0532332 0.0272694 
0.0203604 0.0175164 0.17929 0.0725044 0.0465487 0.06118 0.10753 0.0613761 0.0265168 0.0788016 0.0150265 0.0995218 0.0481964 0.0633593 0.102272 
0.0190708 0.0394983 0.100886 0.191816 0.0814925 0.022023 0.160847 0.19598 0.0382373 0.0151684 0.00992018 0.0173053 0.0690489 0.0141839 0.0245222 
0.07228 0.0315214 0.0856636 0.0291257 0.00364198 0.0885268 0.144086 0.0299364 0.0139225 0.0550015 0.0157674 0.039788 0.0630973 0.034731 0.292911 
0.0337732 0.0664841 0.0332777 0.0566063 0.0762733 0.0244968 0.0356273 0.220988 0.0637728 0.0476649 0.0333543 0.0353194 0.211653 0.023313 0.0373959 
0.0477114 0.00941514 0.0443314 0.0229602 0.0282859 0.0254711 0.0339774 0.466474 0.0113119 0.0257619 0.0272357 0.0975789 0.0492894 0.058905 0.0512905 
0.125516 0.0250174 0.0191464 0.0897662 0.0220988 0.0643809 0.0569531 0.124852 0.0423549 0.00807338 0.0608047 0.0671602 0.218901 0.0424333 0.0325414 
0.0779017 0.016238 0.0181411 0.00863947 0.011205 0.0409756 0.0579392 0.401831 0.0242759 0.0158505 0.00608817 0.141115 0.0159234 0.0332291 0.130647 
0.0497799 0.0282211 0.0774323 0.0450575 0.16031 0.00954756 0.111986 0.0809132 0.0853397 0.0219643 0.0841129 0.117019 0.063915 0.0380366 0.0263658 
0.0610431 0.0906005 0.0575583 0.0358017 0.0615193 0.0736538 0.0641866 0.0899884 0.0552645 0.0445129 0.126511 0.0412942 0.0768792 0.0387222 0.0824646 
0.196095 0.0782554 0.0611416 0.0282527 0.084607 0.0713993 0.14173 0.0836744 0.0600418 0.0215537 0.0183041 0.0516993 0.020259 0.027905 0.0550816 
0.0652154 0.0872546 0.0393989 0.0333499 0.0688847 0.0636514 0.0142966 0.14308 0.0655878 0.0515241 0.14488 0.114647 0.0192853 0.0361359 0.052809 
0.0727933 0.0697098 0.0521218 0.0956669 0.101836 0.050728 0.0773912 0.148879 0.0293639 0.017164 0.102821 0.0647588 0.0319676 0.039347 0.0454519 
0.0552996 0.0799216 0.105248 0.0367659 0.0378817 0.0763684 0.0699892 0.0183828 0.117755 0.0330822 0.152145 0.0257731 0.0941694 0.0497974 0.0474214 
0.0353176 0.111603 0.042552 0.0897661 0.0481259 0.0332449 0.0346406 0.0653619 0.116208 0.0510999 0.114457 0.0347116 0.10871 0.0329399 0.0812611 
0.18766 0.014692 0.0499691 0.0884916 0.201088 0.0555428 0.0554217 0.165362 0.0254128 0.00461756 0.047085 0.0654841 0.013611 0.00493314 0.0206296 
0.0988626 0.0313084 0.0251117 0.0370596 0.0820506 0.0446385 0.239781 0.0848834 0.051691 0.0851664 0.017853 0.0583835 0.0454658 0.0229533 0.0747907 
0.103669 0.0602472 0.0551277 0.0603887 0.0981876 0.0243894 0.0306562 0.0587528 0.0565704 0.106026 0.127649 0.0771378 0.0509442 0.0308565 0.0593977 
0.0535879 0.0567599 0.0736315 0.155381 0.259523 0.0418775 0.0555925 0.0649263 0.0151584 0.0711203 0.0340889 0.0306268 0.0536425 0.0205088 0.0135742 
0.0178034 0.016382 0.108383 0.0399111 0.107042 0.00805159 0.106934 0.0867036 0.101799 0.0252704 0.0336543 0.00762395 0.189334 0.00374025 0.147367 
0.0152576 0.0635781 0.106442 0.10002 0.036247 0.263684 0.0336461 0.031629 0.0975821 0.0912589 0.0322166 0.0161905 0.0168412 0.0120132 0.0833942 
0.050524 0.0658444 0.0446731 0.0482093 0.0456865 0.0910404 0.0294058 0.143534 0.0628557 0.192653 0.0486129 0.0493101 0.0475466 0.0488457 0.0312591 
0.0622808 0.0503504 0.0374336 0.0456992 0.013243 0.0208408 0.141097 0.107351 0.0963395 0.067187 0.044311 0.0393721 0.0884991 0.0253219 0.160674 
0.0298093 0.0925973 0.0520624 0.0551085 0.104711 0.0462899 0.0271401 0.0485109 0.0458256 0.112536 0.0776267 0.0205445 0.0587141 0.0361388 0.192385 
0.0805897 0.0900195 0.116377 0.0572097 0.0310207 0.0453851 0.0146248 0.0568765 0.0569591 0.0405292 0.0402474 0.184442 0.0168696 0.16838 0.000469992 
0.0543484 0.0552273 0.0401646 0.0684115 0.0503935 0.0480705 0.0261588 0.1538 0.0476036 0.0416058 0.11103 0.0739939 0.140144 0.0350432 0.0540055 
0.160692 0.0244287 0.0121439 0.0859183 0.0322983 0.0377747 0.0437181 0.100647 0.113393 0.0882336 0.0139797 0.0885833 0.043634 0.0823891 0.0721668 
0.1188 0.0591808 0.0546919 0.0462951 0.0236456 0.0719344 0.016746 0.0138242 0.227236 0.042774 0.151439 0.0280011 0.0483113 0.0758771 0.021244 
0.0480378 0.0573336 0.0145133 0.136927 0.0227366 0.134014 0.107498 0.0664283 0.0733217 0.02913 0.0261615 0.0929057 0.0552766 0.0586392 0.0770764 
0.018968 0.0525507 0.0198915 0.0630372 0.0434851 0.0701949 0.0410518 0.144788 0.0717487 0.218585 0.0436639 0.0640193 0.0169672 0.0709625 0.0600867 
0.0824945 0.231524 0.0185884 0.171722 0.0965292 0.0800335 0.00835733 0.0369817 0.140477 0.0130023 0.00492188 0.0222083 0.0113788 0.0211752 0.0606056 
0.0180591 0.0505066 0.111531 0.0165115 0.164517 0.015243 0.0168551 0.137064 0.0251291 0.161911 0.0361752 0.0453607 0.0100508 0.0278643 0.163222 
0.0332009 0.0608964 0.0759767 0.0374532 0.0445776 0.0678502 0.0906488 0.0278606 0.0694979 0.0381648 0.0726133 0.1179 0.0621808 0.145233 0.0559461 
0.0192467 0.0636736 0.0721887 0.0301332 0.0138422 0.0076841 0.191323 0.123619 0.110132 0.0297743 0.0397638 0.0456369 0.0721695 0.033017 0.147796 
0.0450796 0.0334025 0.0549727 0.135627 0.0389062 0.0455599 0.0371938 0.0327154 0.159529 0.0820813 0.0295819 0.165183 0.0446068 0.0438087 0.0517523 
0.111815 0.0425429 0.104707 0.0803852 0.0697805 0.0751147 0.0309396 0.041704 0.105073 0.145148 0.0508956 0.0252895 0.0526619 0.0385739 0.0253703 
0.057175 0.141632 0.0110414 0.0348533 0.141959 0.0221037 0.0575413 0.123572 0.0620965 0.0743977 0.052844 0.11412 0.019723 0.0243704 0.0625709 
0.0573723 0.0767078 0.058162 0.040137 0.0732656 0.0567109 0.0619205 0.0915479 0.0676829 0.0450804 0.0284757 0.0810713 0.0111268 0.193527 0.0572115 
0.0271759 0.107185 0.0671373 0.0601423 0.0641596 0.030743 0.0333942 0.0772359 0.0695686 0.0981133 0.0399836 0.0733308 0.0414681 0.0262759 0.184087 
0.0454921 0.0338885 0.0840346 0.033664 0.127555 0.0684913 0.0457055 0.1592 0.0647227 0.0745292 0.0713081 0.0522093 0.0244687 0.0701635 0.0445678 
0.0219765 0.146689 0.0102717 0.131276 0.0195424 0.00792426 0.0460054 0.176902 0.0386755 0.00757502 0.0550841 0.0883262 0.0318819 0.0172076 0.200662 
0.0136955 0.101837 0.0427494 0.0652099 0.0848264 0.114659 0.0612641 0.0329839 0.0499112 0.0474042 0.0410139 0.127891 0.0467762 0.140527 0.0292513 
0.0787393 0.061806 0.0652041 0.0443057 0.0754063 0.0612218 0.0626355 0.0771007 0.0972667 0.0321815 0.139833 0.0569731 0.0232835 0.0471657 0.0768768 
0.0279488 0.184965 0.13003 0.0551075 0.0517493 0.0513358 0.0792308 0.0813306 0.0177297 0.0556089 0.0491164 0.0523343 0.0618663 0.0596525 0.0419948 
0.122405 0.0609307 0.0302763 0.0459616 0.09544 0.114545 0.0420023 0.0771238 0.0770208 0.0774986 0.0364683 0.0352509 0.0748984 0.0718227 0.0383553 
0.0246718 0.0420806 0.0440976 0.0487347 0.0679835 0.140076 0.0320859 0.066518 0.044689 0.126345 0.0297846 0.108093 0.0897903 0.0544786 0.0805716 
0.0438665 0.0595616 0.0854076 0.0784003 0.00559687 0.154349 0.0153548 0.274189 0.0674108 0.120568 0.0134916 0.0174799 0.0165263 0.0122446 0.0355521 
0.0274096 0.0294693 0.0502954 0.101123 0.134709 0.0347481 0.0252547 0.042671 0.0547305 0.0776038 0.0413535 0.14127 0.0442517 0.120576 0.0745348 
0.155597 0.0951198 0.01671 0.0456304 0.0603301 0.00489504 0.0677589 0.164732 0.0346075 0.066048 0.0115845 0.123184 0.0517111 0.0383197 0.0637711 
0.0154869 0.0903747 0.0274662 0.0284972 0.0281527 0.0742303 0.0749534 0.146066 0.0952941 0.121558 0.0201553 0.0803333 0.0105158 0.0915269 0.09539 
0.0349969 0.148448 0.0239799 0.0658278 0.090886 0.0148746 0.0199194 0.224937 0.00665818 0.0572972 0.161213 0.014912 0.102266 0.0106358 0.0231482 
0.0438018 0.0279439 0.0660384 0.0224349 0.0868905 0.0793791 0.0444741 0.160026 0.031498 0.0644027 0.053517 0.112586 0.105243 0.0416283 0.0601358 
0.0494334 0.0829377 0.0430903 0.0491496 0.0585104 0.0831274 0.068555 0.147119 0.0414453 0.0859625 0.0264564 0.0819278 0.0717242 0.053759 0.0568024 
0.0680708 0.10565 0.13081 0.0540221 0.0645439 0.0740926 0.0765786 0.0600169 0.0406295 0.0379567 0.0218407 0.0748093 0.0835817 0.0590686 0.0483292 
0.0598189 0.119669 0.0604957 0.111968 0.0164727 0.0429631 0.0236684 0.0532183 0.0488603 0.126264 0.0748827 0.107155 0.112493 0.0296033 0.0124687 
0.0365181 0.147032 0.442324 0.0323176 0.0248977 0.0132654 0.0138223 0.0206566 0.0721131 0.0589812 0.0240573 0.0428574 0.00938306 0.0131437 0.04863 
0.0154459 0.174436 0.144106 0.0494064 0.0553008 0.0274656 0.165988 0.0353828 0.106155 0.0160168 0.0281976 0.0616448 0.0405158 0.0481079 0.0318306 
0.0494591 0.0410647 0.0335303 0.112752 0.0294355 0.0474614 0.0735666 0.140959 0.0853056 0.0526343 0.0259624 0.127037 0.0310236 0.10732 0.0424876 
0.0346369 0.0576922 0.0709634 0.0954537 0.0681474 0.0339568 0.0750588 0.0547145 0.119957 0.0443676 0.0299065 0.0523998 0.0490997 0.0830162 0.130629 
0.0682299 0.0481277 0.0372684 0.0357269 0.129666 0.0597695 0.0116616 0.0645141 0.0882847 0.101502 0.0207052 0.205822 0.02308 0.030701 0.0749408 
0.0899972 0.104251 0.0339154 0.0539574 0.0841278 0.0375926 0.0561867 0.11976 0.031621 0.0672669 0.0626225 0.0587683 0.0220756 0.134544 0.0433139 
0.0486149 0.0442335 0.0297169 0.0573709 0.0936143 0.0454066 0.0593615 0.193531 0.0567799 0.0370225 0.0222033 0.100651 0.0231655 0.0534066 0.134922 
0.0351082 0.116964 0.0540591 0.0433565 0.0472771 0.0699275 0.0537212 0.160605 0.0673266 0.101769 0.0567925 0.054032 0.0414607 0.0334862 0.0641144 
0.0535412 0.0771411 0.142592 0.0678172 0.0440854 0.0623048 0.060625 0.0741091 0.101395 0.033158 0.0386053 0.120796 0.0333138 0.0435479 0.046968 
0.0395811 0.0672025 0.026757 0.0677144 0.133171 0.0515267 0.0951034 0.137434 0.0400992 0.0347086 0.0652787 0.0437174 0.0453562 0.081333 0.0710165 
0.0594382 0.0409933 0.0662272 0.0524194 0.0578454 0.0451012 0.0403035 0.0482935 0.0872945 0.0689884 0.0499295 0.0642767 0.0481663 0.121464 0.149259 
0.048537 0.0536016 0.0730758 0.060382 0.0679917 0.0516257 0.0993368 0.0975443 0.0566965 0.0902542 0.0749276 0.083115 0.0494644 0.0533521 0.0400952 
0.0516252 0.0845241 0.0186071 0.0775154 0.0645368 0.0167191 0.106862 0.0102745 0.0720638 0.146258 0.0135396 0.0297559 0.1922 0.0235887 0.0919301 
0.0773892 0.106222 0.0350037 0.047938 0.041047 0.068664 0.154 0.105997 0.0580154 0.0901781 0.0301939 0.0614263 0.044047 0.0364081 0.0434708 
0.0689171 0.054933 0.0498067 0.0427879 0.0417353 0.0578228 0.0613087 0.160785 0.0556587 0.0301661 0.0404493 0.062101 0.125649 0.109491 0.0383879 
0.0769685 0.0805175 0.0546505 0.0268628 0.0576426 0.0771309 0.0370242 0.0455138 0.0417093 0.0385541 0.0393445 0.0344448 0.128793 0.176441 0.0844033 
0.0335302 0.0139335 0.0580674 0.390726 0.0349074 0.0144029 0.0228624 0.0402057 0.154471 0.0366383 0.0264654 0.127697 0.0154196 0.0117426 0.0189302 
0.0310215 0.0249301 0.0874886 0.0999059 0.193256 0.015102 0.0363165 0.0796771 0.0130752 0.0306421 0.15725 0.0558953 0.0385263 0.0496203 0.0872935 
0.0799471 0.0730205 0.0301951 0.0586893 0.0218791 0.0105034 0.0795349 0.116114 0.155242 0.0342793 0.0142817 0.068897 0.060922 0.0328838 0.163612 
0.0320162 0.0949475 0.0555653 0.0901622 0.113805 0.0630763 0.0802846 0.0508842 0.0332203 0.0120099 0.0312683 0.0604752 0.0818802 0.118269 0.0821358 
0.103577 0.00647386 0.00649819 0.00649449 0.0387362 0.103902 0.00648019 0.00645666 0.0711263 0.00647335 0.00642835 0.00647952 0.617922 0.00649681 0.00645581 
0.118009 0.0266302 0.057113 0.0846428 0.0976396 0.0629745 0.0891526 0.0602921 0.02522 0.0289423 0.0402808 0.0671527 0.0479184 0.144441 0.0495908 
0.103706 0.0544582 0.0169546 0.152095 0.0496776 0.0260475 0.0527119 0.145659 0.0585356 0.0607948 0.0259974 0.0311191 0.0134363 0.0411252 0.167682 
0.0284182 0.023442 0.0677225 0.149127 0.0181659 0.0474543 0.0507247 0.103903 0.0320228 0.0394704 0.0108699 0.0940623 0.137348 0.019943 0.177327 
0.105621 0.0886767 0.0913321 0.0697785 0.0509478 0.0570527 0.060374 0.0475867 0.0592672 0.0536021 0.0585863 0.0887433 0.0596679 0.0560862 0.0526772 
0.0241702 0.0688495 0.0244157 0.049818 0.0709748 0.0907321 0.059373 0.0697907 0.155828 0.0531828 0.0390758 0.047691 0.0757531 0.122526 0.0478188 
0.024029 0.0715287 0.08579 0.0354856 0.0852693 0.110341 0.0353854 0.15887 0.0373705 0.0220887 0.0803023 0.0296573 0.100137 0.0301455 0.0935992 
0.0757068 0.0780834 0.0329447 0.0604326 0.109444 0.0707154 0.0525191 0.134628 0.0754254 0.0787448 0.0485907 0.0546829 0.0220211 0.0396637 0.0663976 
0.0996414 0.133576 0.0941932 0.0174368 0.0923687 0.0238462 0.0802491 0.0418906 0.0274942 0.0334308 0.209651 0.0412555 0.0255914 0.0579924 0.0213825 
0.029772 0.0605359 0.0606193 0.0696259 0.0541757 0.103506 0.0945403 0.100948 0.0775098 0.0228677 0.031753 0.0802251 0.0727088 0.0807796 0.0604328 
0.136062 0.0597522 0.0687369 0.0746648 0.081492 0.0526374 0.0335852 0.0259192 0.070403 0.0751723 0.0458942 0.0884649 0.0524328 0.054749 0.0800344 
0.0501322 0.0500112 0.0449357 0.0927046 0.0347114 0.0512304 0.215946 0.0659329 0.0453192 0.0583895 0.0321679 0.114206 0.0624869 0.0460552 0.0357705 
0.0439902 0.0460029 0.10064 0.0365641 0.0706685 0.0438451 0.074338 0.160987 0.0414512 0.0451138 0.0376396 0.120662 0.0495196 0.043825 0.0847533 
0.0792602 0.174053 0.0121919 0.0929016 0.0894778 0.00826214 0.0332484 0.0888537 0.006162 0.00440233 0.0582124 0.13509 0.0439053 0.13253 0.0414489 
0.0637918 0.0478166 0.0210205 0.109989 0.0556676 0.0560767 0.182634 0.0372096 0.0574892 0.0480819 0.0521736 0.0565549 0.0434965 0.0780316 0.0899669 
0.0159871 0.0690393 0.138368 0.2622 0.0746878 0.030276 0.0990151 0.0293177 0.0121682 0.0342 0.035139 0.0492924 0.056707 0.0641059 0.0294958 
0.0499817 0.0520636 0.0610259 0.0842112 0.108141 0.0555359 0.0643989 0.0646927 0.0999623 0.0931167 0.0421425 0.0396009 0.0387131 0.0969516 0.0494619 
0.0524177 0.0318847 0.039854 0.0529507 0.0359643 0.104605 0.159327 0.0233782 0.0289487 0.0693877 0.077888 0.0900954 0.037179 0.0832462 0.112874 
0.0617243 0.135591 0.0987867 0.0460582 0.0537175 0.223177 0.0197068 0.0148491 0.0528811 0.0250456 0.0203407 0.101363 0.0608948 0.055105 0.03076 
0.0352864 0.182917 0.0479678 0.0394027 0.10106 0.0362216 0.128615 0.0812619 0.0556848 0.070829 0.0504985 0.0732784 0.0396704 0.0122292 0.0450772 
0.0730307 0.0193017 0.065012 0.164877 0.0343177 0.103175 0.132436 0.0307016 0.0263577 0.112658 0.00910306 0.13029 0.0238985 0.0314417 0.0433994 
0.0551419 0.0670618 0.0540876 0.197691 0.0286611 0.0795943 0.10107 0.0464974 0.021615 0.102886 0.0241115 0.100739 0.0194083 0.0248907 0.0765442 
0.0987895 0.0584336 0.0467647 0.0975195 0.0666537 0.118144 0.0455829 0.0729449 0.079071 0.0514981 0.0727411 0.041594 0.0589558 0.0371149 0.0541927 
0.0308971 0.0158675 0.0446577 0.177993 0.0865508 0.0191811 0.0712958 0.0997499 0.0301233 0.0467275 0.033351 0.0745663 0.0485915 0.110309 0.110139 
0.0361369 0.0181765 0.0595363 0.0629797 0.0781395 0.062769 0.0716122 0.0490636 0.0705439 0.0584183 0.0169546 0.038943 0.07296 0.150392 0.153375 
0.0908695 0.0528157 0.133394 0.0807304 0.126154 0.0701781 0.0194079 0.0241349 0.0269107 0.0501239 0.129175 0.0570272 0.0330223 0.0431333 0.0629222 
0.220004 0.0576027 0.0580471 0.0342868 0.0257104 0.152771 0.0172349 0.0479994 0.0273489 0.0479864 0.0360628 0.037467 0.0954094 0.0716555 0.0704134 
0.136233 0.0494752 0.088204 0.128017 0.0552078 0.0377357 0.106005 0.0505193 0.0256609 0.0697173 0.0388668 0.0936436 0.0482985 0.030774 0.0416414 
0.131467 0.0164687 0.0490696 0.0499227 0.068107 0.0681981 0.107015 0.0350241 0.0223694 0.0276622 0.0517111 0.0923671 0.106302 0.0825145 0.0918005 
0.0367208 0.0720098 0.014057 0.069173 0.0409951 0.00833072 0.070139 0.174749 0.0322687 0.02595 0.125736 0.260049 0.0233941 0.0138664 0.0325616 
0.0189802 0.0301134 0.0127987 0.0231304 0.0157951 0.00744763 0.0395798 0.401786 0.00551263 0.0196885 0.0689818 0.276515 0.0224694 0.0411588 0.0160424 
0.0917972 0.0170206 0.0180874 0.0288665 0.123004 0.0323105 0.114885 0.0862739 0.0148151 0.00499789 0.106183 0.0520853 0.215645 0.0504714 0.0435576 
0.0730735 0.0172384 0.0192189 0.0271879 0.102975 0.0302266 0.091758 0.0933639 0.0160525 0.00715095 0.0914979 0.045007 0.302044 0.0435016 0.0397045 
0.0511379 0.0752077 0.0289958 0.042615 0.0591216 0.0345867 0.0203446 0.228457 0.180228 0.0290464 0.11885 0.060268 0.0115277 0.0290307 0.0305831 
0.048155 0.0626163 0.06608 0.0479094 0.074186 0.10785 0.0316152 0.145946 0.0897783 0.0177611 0.0154886 0.0603811 0.0146402 0.177313 0.0402795 
0.0108645 0.0864815 0.0464036 0.0518668 0.0494719 0.0598335 0.0634619 0.106487 0.240395 0.0493371 0.0367671 0.0984253 0.0363871 0.0371649 0.0266527 
0.04298 0.0402954 0.0898536 0.0685786 0.0459065 0.025715 0.05092 0.0964445 0.0681275 0.0680509 0.0150912 0.0307563 0.0518758 0.0976717 0.207733 
0.0254068 0.0294141 0.0375519 0.143784 0.073846 0.104638 0.0474515 0.0693845 0.0351993 0.117714 0.0854071 0.049365 0.0506064 0.0917616 0.0384707 
0.0617376 0.0638394 0.0323695 0.0423562 0.0989904 0.105823 0.0864247 0.133402 0.0760265 0.0281709 0.0258386 0.0118685 0.0327356 0.178114 0.0223027 
0.150289 0.0441651 0.0460882 0.0668184 0.1433 0.0496733 0.0253756 0.0720077 0.0727869 0.033478 0.0200269 0.0377515 0.0742331 0.0637062 0.1003 
0.0169719 0.0237824 0.019035 0.0111501 0.106757 0.00520664 0.0782477 0.139509 0.0809527 0.270495 0.0306244 0.109885 0.048917 0.0364347 0.0220312 
0.0386577 0.0640031 0.0399345 0.062925 0.0846096 0.202269 0.0944074 0.0279447 0.0439926 0.0469577 0.0489061 0.0619453 0.0537714 0.073182 0.0564934 
0.0287611 0.127465 0.0276835 0.0542275 0.0762905 0.086689 0.0694774 0.227258 0.042262 0.0132296 0.0276183 0.0104835 0.0528104 0.0425302 0.113213 
0.00965088 0.0564974 0.0209401 0.0545674 0.0629752 0.130831 0.0525956 0.125634 0.0665312 0.156594 0.05051 0.0334764 0.0191643 0.0363598 0.123673 
0.0396508 0.0880604 0.124764 0.0416744 0.0259466 0.0417344 0.0466011 0.0330021 0.0879872 0.107238 0.03416 0.0313227 0.0505596 0.0871736 0.160125 
0.0519611 0.082409 0.0592576 0.0215912 0.0143703 0.0431498 0.111644 0.0526157 0.112218 0.213784 0.0267325 0.039438 0.038428 0.0979987 0.0344019 
0.0466217 0.0613668 0.185538 0.0441448 0.0687465 0.0419828 0.043882 0.0343584 0.152869 0.0574293 0.0391654 0.066648 0.0497649 0.0347147 0.0727681 
0.107161 0.0525526 0.0307845 0.0286206 0.0267815 0.0339893 0.0675376 0.0965219 0.085518 0.0983271 0.101859 0.0401907 0.0448771 0.0613096 0.12397 
0.0369824 0.0304996 0.0147784 0.0230616 0.149201 0.0304604 0.298385 0.120745 0.108676 0.0156323 0.0371858 0.0640255 0.0174259 0.0108696 0.0420719 
0.0341899 0.0559348 0.0599359 0.0681131 0.251558 0.0488014 0.0469464 0.0402447 0.0720557 0.0208659 0.0282536 0.043854 0.121558 0.085656 0.0220327 
0.00551019 0.0549673 0.134816 0.306178 0.0300063 0.0121211 0.0714872 0.212381 0.034232 0.00664407 0.00780857 0.0143636 0.0814469 0.0174916 0.0105465 
0.0117705 0.0315048 0.10235 0.295416 0.0733608 0.0556761 0.0628331 0.0783361 0.0121213 0.0334635 0.0195015 0.0123729 0.062562 0.0784945 0.0702369 
0.0652724 0.219165 0.05224 0.0472808 0.016835 0.0699885 0.0381512 0.112372 0.0475963 0.0620034 0.0311417 0.0531657 0.13667 0.0239985 0.0241202 
0.0738871 0.0534494 0.151333 0.268467 0.0337398 0.0375961 0.0778824 0.0528064 0.0260219 0.0233072 0.0281465 0.0239068 0.010333 0.104668 0.034455 
0.0493861 0.08057 0.0535094 0.109172 0.0843269 0.0702626 0.0693594 0.04599 0.0768607 0.0695963 0.0347723 0.061158 0.0576543 0.0909127 0.0464693 
0.00551019 0.0549673 0.134816 0.306178 0.0300063 0.0121211 0.0714872 0.212381 0.034232 0.00664407 0.00780857 0.0143636 0.0814469 0.0174916 0.0105465 
0.0344779 0.028297 0.00973513 0.0499646 0.0465781 0.156013 0.0967554 0.260864 0.0930975 0.0142424 0.0175687 0.0934813 0.0213004 0.017317 0.0603077 
