3.86941e-05 0.879126 7.52834e-06 0.00536856 0.000197865 0.000584407 0.0239099 7.93381e-05 0.00093429 0.000456309 0.0123738 0.0670599 0.00919153 3.09397e-05 7.11602e-06 0.000634169 
0.00155703 0.243831 0.00693312 0.521987 0.00572176 0.0144888 0.0830626 0.00968776 0.0064872 0.00471209 0.0290659 0.0378799 0.0157179 0.0117483 0.00016277 0.00695711 
0.00031108 0.423052 0.00117757 0.0266585 0.000423745 0.000589392 0.294859 0.00107304 0.106188 0.0150965 0.010787 0.096989 0.0150337 0.00522954 1.91514e-05 0.00251308 
0.000521261 0.309494 0.000114314 0.00992874 0.000478196 0.0216738 0.0628618 0.196061 0.0773365 0.0430112 0.226488 0.0369056 0.00579244 0.0019952 7.34834e-05 0.00726499 
9.80479e-05 0.654854 0.00018186 0.0175257 0.00580197 0.00217766 0.110032 0.000870264 0.0165982 0.036847 0.03415 0.0524086 0.0146094 0.0213281 0.000103525 0.0324131 
0.00299875 0.112481 0.0036872 0.423846 0.0324386 0.00815007 0.0803778 0.0062359 0.00595079 0.0441043 0.00258168 0.225203 0.011738 0.00176649 0.000180128 0.0382604 
0.00348124 0.362775 0.000336772 0.264389 0.0214434 0.00015878 0.260241 0.00102104 0.00411766 0.0156315 0.000603183 0.0379603 0.0192679 0.00104134 7.28722e-05 0.00745904 
0.00170071 0.257898 0.00108028 0.00831071 0.00207133 0.00101417 0.664732 0.00195591 0.00621153 0.0143602 0.00178447 0.0193521 0.0177601 0.00165655 5.5322e-05 5.65185e-05 
0.000355839 0.735933 0.00160133 0.0218634 5.20505e-05 6.74704e-06 0.193728 0.000171091 0.0102064 0.00131647 0.000864023 0.011839 0.0155858 0.00446393 3.37456e-06 0.00200941 
0.00116943 0.874453 0.000137665 0.00170013 0.01199 0.00298015 0.0518846 0.000276059 0.0131698 0.0275763 0.0017683 0.00351226 0.00399264 0.00142824 9.5885e-05 0.00386593 
0.0113189 0.0556946 0.00582862 0.571077 0.0407815 0.00532986 0.0397695 0.240786 0.00325196 0.002774 0.00368691 0.00137551 0.00336725 0.00416688 0.00717588 0.00361526 
0.000208794 0.252913 0.000256672 0.000846376 0.00103154 0.00246386 0.496624 0.00830403 0.0064914 0.024215 0.00589375 0.103289 0.024833 0.0236234 0.000175798 0.0488299 
0.000499548 0.531403 0.000892692 0.0116959 0.00599183 0.000169204 0.276446 0.0016484 0.0714843 0.00367109 0.0028689 0.0762102 0.00981503 0.00623928 1.69109e-05 0.000947857 
0.000524835 0.108967 0.00353495 0.108928 0.0053005 0.0742444 0.398102 0.0514771 0.0852167 0.00514891 0.0848884 0.0474133 0.0100438 0.0090817 0.000473195 0.00665428 
0.00157208 0.258441 0.00569222 0.544986 0.00196613 0.000633192 0.0166236 0.000100698 0.0872713 0.00990725 0.00504211 0.0206639 0.00254101 0.0411384 7.80258e-05 0.00334229 
0.000258617 0.802482 7.59171e-05 0.00046702 0.00119903 6.02103e-05 0.0218505 0.0144652 0.0633186 4.8928e-06 0.0177164 0.0419107 0.0331479 1.95522e-05 3.15002e-06 0.00302015 
5.03229e-05 0.676969 0.000703268 0.0227623 0.00140985 0.00243783 0.00413736 0.000232104 0.00115481 0.00100803 0.032534 0.0456896 0.167208 0.0173066 3.19033e-05 0.0263647 
0.00379488 0.0560573 0.00180233 0.161086 0.00687672 0.00398979 0.123968 0.00167277 0.269385 0.336564 0.00217496 0.00465128 0.0238338 0.00107713 0.00197879 0.00108731 
4.94722e-05 0.5299 0.000162482 0.174132 0.000488915 0.000497103 0.0653501 9.16632e-06 0.035873 0.10154 0.00441293 0.0325036 0.0528308 0.00170297 0.000139177 0.000409157 
0.00240085 0.323184 0.00123631 0.00257478 0.00144169 0.00113051 0.656352 0.00216311 0.000759566 0.000826531 0.00283352 0.000291758 0.000714226 0.000883835 0.00152207 0.00168481 
0.00163021 0.0859641 0.000154008 0.0107246 0.000743743 0.00045337 0.0136533 0.784299 0.00135686 0.0212475 0.0141853 0.0271653 0.00617044 0.0318535 0.000104446 0.000294366 
0.000861868 0.794514 0.000488588 0.0378961 0.000615563 0.0104846 0.0158183 0.0201797 0.0043379 0.0124744 0.00652504 0.0435735 0.0402596 0.00194731 0.00064041 0.00938332 
0.000738875 0.65177 0.00174344 0.0695816 0.0178303 0.00105914 0.0501936 0.0207665 0.021008 0.0073078 0.107224 0.0171398 0.0230896 0.00232465 0.000684078 0.00753839 
0.000179835 0.64412 0.00172466 0.180433 0.00186443 0.000316786 0.0360136 0.00276527 0.0509561 0.00219207 0.0085034 0.0137684 0.0412581 0.00944016 2.28891e-05 0.00644095 
0.000952957 0.269479 0.000871988 0.0322015 0.00276418 0.025252 0.0611966 0.00233301 0.0199317 0.00615858 0.0337158 0.0586966 0.485282 0.000271917 0.000144163 0.000748065 
7.00848e-05 0.584772 0.000394157 0.0146102 5.6505e-05 0.00566372 0.0235304 0.00897484 0.0009485 0.00262792 0.118682 0.192515 0.0224776 0.00142289 3.44739e-05 0.0232195 
0.000199191 0.687288 0.000804583 0.0541189 0.00257859 0.00812448 0.0352514 0.000366981 0.0960676 0.00839484 0.0185231 0.0708417 0.0100238 0.00137504 9.4172e-05 0.0059477 
0.00125343 0.844645 0.000620962 0.0228705 0.00497912 0.00205469 0.0466595 0.0003155 0.0208258 0.00068216 0.0126119 0.0252301 0.00709195 0.000923884 0.000475411 0.00876057 
0.000417084 0.22164 0.000214775 0.0848085 0.069071 0.000769697 0.415947 0.000341254 0.193374 0.000306048 0.000355957 0.0028576 0.00907707 0.000422466 0.000264419 0.000133216 
0.00154152 0.016856 0.000364939 0.0109772 0.0001651 0.00880966 0.00782103 0.78055 0.0190067 0.013789 0.099981 0.0374865 8.1792e-05 0.000260895 0.000174305 0.00213431 
4.46048e-06 0.752798 0.000237286 0.0811588 0.00538304 0.000278633 0.0524058 3.96703e-05 0.0195418 0.0117842 4.67786e-05 0.0450031 0.0226681 0.000265441 2.2307e-07 0.00838451 
0.000529701 0.599487 0.000356279 0.00107871 0.00483512 0.00699348 0.022862 0.146991 0.0329048 0.00275205 0.0272297 0.0743624 0.0538164 5.28536e-05 9.10203e-05 0.0256573 
0.00387185 0.54808 0.000291733 5.14693e-05 4.76797e-05 4.90921e-05 0.420354 4.5063e-05 5.09516e-05 0.0144321 0.0025793 5.25158e-05 0.00945855 0.000300906 0.000283794 5.06371e-05 
0.00281685 0.51212 0.00309751 0.00259367 0.00499079 0.0745345 0.122323 0.00131377 0.00747306 0.039677 0.105833 0.0828503 0.0109978 0.00141113 3.67933e-05 0.0279302 
0.000274044 0.488468 0.0275626 0.00060221 0.00105599 0.195336 0.0862952 0.00375328 0.00420601 0.00375052 0.0951472 0.0868692 0.00396892 0.000113008 4.4003e-05 0.00255358 
0.000368256 0.0497855 0.000448684 5.4321e-05 0.00524954 0.00737744 0.00581475 0.00429826 6.68149e-05 0.000211193 0.918054 0.00594723 6.91836e-05 8.56128e-05 0.000147436 0.00202192 
0.000464773 0.855758 0.000125988 0.00817312 0.00147821 0.000478685 0.0355156 0.00244212 0.0138821 0.00232913 0.00115364 0.0128288 0.042092 0.000212107 0.000197881 0.0228676 
0.000473737 0.0606065 0.000243949 0.780789 0.0145082 0.000223074 0.000624184 0.00232564 0.132841 0.00417966 0.00015431 5.75699e-05 0.000845593 0.000174399 0.00180201 0.000151312 
0.000666509 0.505028 0.00344023 0.0456917 0.0111752 0.00112598 0.0973222 0.00416647 0.249741 0.000795536 0.00376003 0.0213028 0.0475823 0.00418722 0.000436889 0.00357825 
0.00113872 0.349579 0.000374533 0.00239205 0.0106029 0.00130154 0.414441 0.00316967 0.0375212 0.0273528 0.000805096 0.00905316 0.114784 0.00481586 7.26711e-05 0.0225962 
9.14775e-05 0.137237 0.0693799 0.0389404 0.00257665 0.000888548 0.330062 0.00880385 0.131281 0.0287441 0.0240964 0.0869897 0.120446 0.0154896 0.000166322 0.00480654 
0.276608 0.0167265 0.0361473 0.00235239 0.000718719 0.00437563 0.0282617 0.00349584 0.0133544 0.0834433 0.0923962 0.173802 0.00491782 0.0199411 0.00159835 0.241861 
0.000735458 0.884896 2.39252e-05 0.00677092 0.000282022 9.19971e-05 0.00923093 0.000384264 0.0172763 0.000814332 0.011048 0.0322385 0.0355635 0.000217475 2.94554e-05 0.000397403 
0.000735458 0.884896 2.39252e-05 0.00677092 0.000282022 9.19971e-05 0.00923093 0.000384264 0.0172763 0.000814332 0.011048 0.0322385 0.0355635 0.000217475 2.94554e-05 0.000397403 
6.76732e-08 0.744395 1.08028e-06 0.0332551 0.000794904 1.23003e-05 0.00492875 0.00119465 0.0368982 1.65851e-08 0.0143909 0.0748118 0.0888344 0.000124962 4.29029e-08 0.000357423 
0.0010944 0.353927 0.0067705 0.106775 0.00926267 0.000952825 0.199223 0.00591356 0.163049 0.0127873 0.0114134 0.0173867 0.00949096 0.0062948 0.000635174 0.0950231 
0.001618 0.177142 0.00123368 0.00773264 0.00236052 0.000608207 0.690292 0.00056562 0.00600835 0.0398747 0.00175088 0.00499394 0.0631401 0.00166098 0.000438268 0.000579645 
1.96227e-05 0.111891 0.0770577 4.58346e-06 0.000777695 0.000425038 0.665323 0.000176606 0.000851287 0.11422 0.017935 0.000574688 0.00178629 4.33425e-05 0.00884498 6.89421e-05 
0.00151623 0.196327 0.000530729 0.0697369 0.00269354 0.00778934 0.141137 0.043373 0.0634786 0.0708768 0.358617 0.0268423 0.0123763 0.00129988 0.000336929 0.00306897 
0.00154668 0.488015 0.000119044 0.0435122 0.0037908 0.00217009 0.344918 0.000391705 0.0153304 0.00361474 0.00135609 0.0550106 0.037814 0.000276952 0.000103766 0.00202958 
0.0862604 0.264137 0.00423899 0.0524494 0.053006 0.0026222 0.403244 0.000434459 0.0191284 0.0383202 0.0251732 0.0398875 0.00960463 0.000961966 0.000129308 0.000401851 
7.11986e-06 0.479322 0.00224083 0.0680357 0.099327 0.001727 0.105913 2.81787e-06 0.00501426 0.00258301 0.000337434 0.198206 0.0103013 0.0251527 8.50762e-07 0.00182841 
0.00820843 0.20793 0.022749 0.0286345 0.00106214 0.00714233 0.0681477 0.00369618 0.363254 0.077853 0.0407615 0.0208069 0.140236 0.0093289 0.000125584 6.32704e-05 
4.85819e-05 0.518825 3.98586e-05 0.00198859 6.20482e-05 9.07849e-05 0.293547 0.00121182 0.0115425 0.0156703 0.00170402 0.116541 0.00746915 2.2471e-05 7.57669e-06 0.0312293 
0.000550832 0.0176149 0.0951328 0.000330608 0.00033077 0.0976235 0.000911938 0.0179285 0.000745991 0.00258103 0.000797446 0.0679908 0.0265215 0.664414 0.000417877 0.00610732 
0.000481334 0.116575 0.00742166 0.0392575 0.000833731 0.291617 0.23404 0.00207442 0.217909 0.010206 0.000407874 0.0614509 0.0152238 0.00153288 0.000305152 0.000664595 
0.01669 0.0502512 0.000529373 0.00422804 0.00381068 0.534727 0.00917925 0.00249534 0.0146959 0.0958952 0.0584187 0.138812 0.0055106 0.00645808 6.35496e-05 0.0582348 
0.000130851 0.00392851 8.11344e-05 0.0025367 0.00235597 0.885705 0.000363913 0.000152748 0.000133031 0.0446715 0.0282268 0.0160402 0.000799556 0.00332119 1.19681e-05 0.0115409 
5.07686e-05 0.0403002 0.00021299 0.00623117 8.58924e-05 0.00341677 0.0199171 0.000415686 0.00149788 0.00103931 0.0350297 0.00309801 0.000162531 0.885185 6.94358e-05 0.00328768 
0.000987842 0.0666081 0.00052548 0.0291003 0.00572355 0.0300315 0.00486162 0.000509022 0.00151596 0.0101773 0.0121509 0.0596514 0.00571774 0.669479 0.000131106 0.102829 
7.11319e-05 0.0305666 0.00370155 0.00399953 0.00061565 0.00238231 0.0111556 0.00111549 0.00749176 0.00333726 0.0212072 0.00407037 0.00139704 0.89828 7.05365e-05 0.0105381 
0.000106198 0.287596 0.00088039 0.0488026 0.0038939 5.36152e-06 0.126205 0.000276997 0.106086 4.5997e-05 0.0180097 0.395995 0.0113773 9.6955e-06 6.04305e-06 0.000702266 
0.00150281 0.0769286 0.000900965 0.078426 0.105739 0.0351208 0.0144402 0.00336701 0.00154165 0.199527 0.0177185 0.359258 0.00631507 0.0150762 0.000269466 0.0838691 
0.000873343 0.00136246 0.000523845 6.15259e-05 0.000481086 0.519648 0.000275396 0.000125757 0.000452242 0.31908 0.00328491 0.117892 1.49194e-05 0.00460608 5.27972e-06 0.0313133 
4.38324e-05 0.0305105 0.000522986 0.0397125 0.0121324 0.00672873 0.0377964 0.00514303 0.0528827 0.373669 0.00267397 0.380011 0.00569638 0.041443 6.73184e-05 0.0109664 
0.000322997 0.0397523 0.000255162 0.00375647 0.000692795 0.000881319 0.00241909 0.000227779 0.000603261 0.90382 0.00253847 0.0167139 0.00914537 0.00241379 4.86615e-05 0.0164088 
0.000342249 0.0332611 0.000261438 0.00567548 0.000625247 0.000771511 0.00216149 0.000744629 0.000526266 0.896311 0.00208698 0.0255962 0.0097366 0.00205885 0.000171681 0.0196698 
1.18379e-05 2.8935e-05 5.54171e-07 4.80123e-05 6.46235e-07 0.000223477 2.36324e-07 0.000110945 0.000818116 0.99526 0.000205417 0.000620682 5.12241e-06 0.00037082 4.09359e-06 0.00229131 
0.000497747 0.0338787 0.0028615 0.0162986 0.00588321 0.00878464 0.0400378 0.0012189 0.00976652 0.0511937 0.00337373 0.795493 0.0212729 0.00156067 0.00108688 0.00679144 
0.00309279 0.134478 0.000463405 0.0272904 0.000228032 0.039141 0.0656465 0.0138154 0.00851385 0.135529 0.00380208 0.435467 0.00287009 0.0175718 0.000264178 0.111826 
0.000261221 0.00078895 8.54764e-05 0.00104186 7.13567e-05 0.0163762 0.00322869 2.98124e-05 0.000402682 0.942971 0.00761983 0.0214709 0.00107236 0.00438947 2.31e-05 0.000167363 
0.00836542 0.00371297 0.00825705 0.0507802 0.00602477 0.00911568 0.00272005 0.00134332 0.00481259 0.017128 0.673783 0.168639 0.033921 0.000251156 0.000318201 0.0108274 
0.000155493 0.478641 0.00132342 0.267932 0.0022813 0.000441503 0.0963814 0.000412419 0.0214359 0.00375867 0.00184412 0.0887868 0.0283527 0.00222098 4.08655e-05 0.00599194 
5.75401e-05 0.0150213 0.000362419 0.00184394 0.0211376 0.380306 0.00417162 0.000164099 0.000956331 0.384916 0.0058196 0.151908 4.8722e-05 0.00701 0.000493944 0.0257831 
0.000147096 0.101213 0.00532076 0.00497975 0.000386153 0.0182316 0.00218699 0.000803621 0.00323034 0.10817 0.0303892 0.322801 0.0119887 0.312658 0.00637042 0.0711244 
0.00217562 0.0748803 0.00091202 0.108353 0.000358006 0.0210607 0.00161205 0.00835428 0.00337756 0.0725526 0.292686 0.374101 0.0114786 0.00110026 0.000106216 0.0268924 
0.000463952 0.382539 0.00367878 0.0739408 0.000341177 0.00101818 0.00210093 0.122094 0.0159187 0.0254596 0.17285 0.0706053 0.121801 0.000658069 0.000851562 0.00567851 
0.000197432 0.577991 0.000670052 0.0191087 0.000274463 0.0398519 0.00271396 0.0141639 0.00725293 0.00720967 0.0660759 0.235448 0.0125574 0.00970291 0.00015931 0.00662171 
6.30078e-05 0.460891 4.50773e-05 0.100526 0.000208532 7.40191e-05 0.0691919 0.0131918 0.00389034 0.00521293 0.0537205 0.195026 0.0820537 0.00169666 3.38149e-05 0.014175 
0.000352013 0.222863 0.000778172 0.0922872 0.0575477 0.00478479 0.0239796 0.00880524 0.0431412 0.0122875 0.0208558 0.429209 0.0747579 0.00321426 0.000105527 0.00503103 
7.46776e-05 0.277779 0.000231236 0.0349882 0.00205571 0.011694 0.128275 0.09056 0.0243373 0.0525466 0.0179774 0.162035 0.136275 0.0532852 8.92076e-05 0.00779623 
0.000346271 0.224575 0.00128364 0.0202336 0.00166398 0.00402975 0.158715 0.00713741 0.03207 0.199513 0.133405 0.143047 0.0389858 0.0144759 0.00496933 0.0155495 
0.00873156 0.397291 0.00434111 0.0320868 0.000901714 0.0232532 0.148641 0.00075868 0.0466672 0.0958873 0.0152603 0.15825 0.037552 0.00592649 6.36064e-05 0.0243883 
0.0564199 0.00285899 0.0031816 0.000508046 0.000586911 0.0341284 0.00580382 0.00402092 0.000420085 0.0287984 0.00207646 0.109226 0.000164584 0.112357 3.11825e-05 0.639419 
0.00405967 0.00301517 0.000143251 0.00047665 0.000696923 0.0390455 0.0097802 0.000125059 0.000370614 0.0179671 0.000614776 0.0467854 0.000244123 0.0575583 3.43703e-05 0.819083 
0.00148369 0.0234146 0.00232934 0.0338458 0.806407 0.000280895 0.029838 0.0178871 0.0256812 0.00197086 0.0120189 0.0106599 0.0304116 0.00241118 0.000378184 0.00098192 
0.00180495 0.00555486 0.000816144 0.00844191 0.00759951 0.00162864 0.00436854 0.00393479 0.00254255 0.888296 0.0196959 0.0378236 0.00405018 0.0126243 0.000411191 0.000407364 
0.00248998 0.0395727 0.00087359 0.00612955 0.00838979 0.00125991 0.0167327 0.0528789 0.00206503 0.011584 0.00294543 0.809728 0.00341111 0.0372153 0.000304537 0.00441968 
0.000708454 0.366344 5.40674e-05 0.0484185 0.0191739 0.0114837 0.00299604 0.000254993 0.0308386 0.333744 0.00658739 0.0534028 0.0496525 0.0400739 0.000132072 0.0361349 
0.0016707 0.0594278 0.000352738 0.0853258 0.00091891 0.00291599 0.0241563 0.0170645 0.212468 0.226864 0.0217395 0.120035 0.208655 0.00842954 0.00033819 0.00963785 
0.000547724 0.0382648 0.000328667 0.116494 1.63093e-05 2.13151e-06 0.0974017 3.70366e-06 0.0176819 0.688095 0.000687101 0.0382869 0.000492867 0.00130979 2.86977e-06 0.000384586 
0.000122546 0.071719 0.000622036 0.0109111 0.00258273 0.00941635 0.00272127 0.00111598 0.0348685 0.0730781 0.00684953 0.614422 0.0199312 0.0515671 6.5546e-06 0.100066 
0.0159416 0.00140072 0.00820904 0.00372363 0.0574368 0.00750659 0.0035007 0.860855 0.00458007 0.0039069 0.00519264 0.00193727 0.00474244 0.00586864 0.0101065 0.00509174 
0.000757548 0.115075 0.00690531 0.0425736 0.000351293 0.00227653 0.0420857 0.00233014 0.100592 0.490074 0.00295816 0.12801 0.0282222 0.0352144 0.000247175 0.00232708 
0.000104479 0.16809 0.026426 0.0703026 0.00570984 0.0011577 0.0876749 0.000248161 0.0457492 0.0437214 0.00204975 0.325449 0.0972135 0.0900355 0.000389264 0.0356779 
0.000570852 0.340881 0.000661507 0.0266076 0.000381346 0.0177381 0.00708655 0.178604 0.0986814 0.0366192 0.138343 0.115401 0.0291634 0.00401683 0.000852175 0.00439231 
0.00538216 0.74134 0.0341215 0.0792377 0.00164998 0.00084508 0.00356014 0.000251034 0.0211062 0.00413051 0.018706 0.065239 0.0193985 0.00228768 0.000262364 0.00248174 
0.000332396 0.0105675 0.00202278 0.000129267 0.00030857 0.00946622 0.010756 0.00590822 0.000492479 0.949969 0.000384254 0.00245974 0.000761564 0.00211807 0.00414241 0.000181316 
0.728684 0.00629065 0.000706482 0.00878672 0.015988 0.00969013 4.35131e-05 0.00379973 0.000311085 0.0194277 0.00556419 0.120589 0.00564341 0.000910895 7.74871e-05 0.0734863 
0.0659995 0.028329 0.000856917 0.00268637 3.36875e-05 0.0860352 0.00877991 4.81396e-05 0.0162497 0.315173 0.00731512 0.359222 0.0490236 0.0164494 1.75185e-05 0.0437809 
0.000665247 0.551854 0.000337781 0.0334782 0.000119779 0.00554063 0.169641 0.00124589 0.00311907 0.00237096 0.138839 0.0333357 0.0286974 0.0281723 0.000144834 0.00243885 
8.59315e-05 0.212815 0.00516924 0.0365082 0.00450882 0.00265406 0.0268187 0.0319803 0.00954932 0.0160217 0.0186156 0.575536 0.0222213 0.0100446 2.74598e-05 0.0274441 
0.00872342 0.157227 0.00143189 0.00948999 0.00185361 0.00657942 0.0204753 0.0173353 0.00210769 0.333448 0.137463 0.164473 0.0403849 0.010518 7.14062e-05 0.0884176 
0.0015166 0.00479728 0.000780967 0.000354248 0.0418926 0.154254 0.0952494 0.00124087 0.12026 0.000371683 0.111645 0.0269082 0.000451173 0.438832 0.000961484 0.000484403 
1.68567e-05 0.00752559 8.68025e-06 0.259183 0.000263179 4.7625e-05 0.539041 1.3792e-05 0.124179 0.00663466 0.000170212 0.00437553 0.00960813 0.046144 6.41198e-05 0.00272432 
0.000125086 0.756984 0.00022246 0.039118 0.0166962 0.00183935 0.0538705 0.000113759 0.0159577 0.00276615 8.22274e-05 0.101852 0.00738519 0.00263965 0.000263242 8.4512e-05 
7.51935e-05 0.00121287 0.00239803 2.10969e-06 1.97862e-05 0.683481 2.20937e-05 0.000471463 1.04931e-05 0.0814169 0.000172555 0.197841 0.00382322 0.00362481 9.41431e-06 0.0254186 
0.000897025 0.0119291 0.00127522 0.0522767 0.0263919 0.0256999 0.0385689 0.000367618 0.0394146 0.0110348 0.00538974 0.0283958 0.0159295 0.466621 0.000326303 0.275482 
0.00054214 0.121627 0.00178122 0.0218812 0.00929938 0.00345591 0.0632109 0.00643272 0.0485675 0.0989521 0.00318114 0.557659 0.0151646 0.026236 5.03427e-05 0.0219594 
0.000712682 0.42142 0.057369 0.0624981 0.00920744 0.00640316 0.0119754 0.0061614 0.00469741 0.0554743 0.00833553 0.23042 0.0694474 0.0263342 0.000354147 0.0291902 
0.000523708 0.0472853 0.000460404 0.0285018 0.0011536 0.00671232 0.00778005 0.00339371 0.00725445 0.695134 0.00333122 0.129953 0.00481231 0.0403858 2.30889e-06 0.0233159 
0.000626173 0.287451 0.000437847 0.473692 2.56822e-08 2.01389e-08 0.204475 3.49928e-08 0.0187717 0.00181389 0.0030252 0.00676634 0.00170435 0.000270191 2.71141e-08 0.000966545 
0.0500162 0.056464 0.00134184 0.112226 0.0004723 0.025305 0.0283698 0.000225354 0.0706691 0.017071 0.0588623 0.377561 0.0124592 0.0349386 0.000118509 0.153899 
0.00094029 0.21335 0.0199695 0.0597699 0.00206168 0.000395672 0.130821 0.000386209 0.212125 0.00298267 0.00594557 0.0631747 0.275779 0.00778594 0.000321843 0.00419109 
0.00123844 0.0204304 0.00154951 0.00211654 0.0134778 0.0508788 0.0015814 0.0247415 0.00522828 0.770109 0.00432906 0.0362227 0.0109835 0.050044 0.0001213 0.00694757 
0.00359048 0.0960351 0.00041285 0.0398318 0.00774258 0.113868 0.0137749 0.00350865 0.0153516 0.0115253 0.0217448 0.528818 0.0315871 0.0129137 0.0024051 0.0968903 
0.000179673 0.0899728 0.00112859 0.00224373 0.000243151 0.0167324 0.020303 0.00193356 0.0058883 0.0352248 0.0393183 0.68262 0.0223668 0.0197176 0.000172021 0.0619558 
0.00035074 0.588946 0.00109654 0.00817608 0.000426003 0.00537084 0.0214716 0.000272054 0.00380529 0.0831865 0.126845 0.127165 0.0291694 0.00121319 0.000481777 0.00202421 
0.218485 0.0770527 0.00162925 0.0449311 0.00021034 0.0873389 0.0135124 0.000115699 0.0099273 0.205837 0.021081 0.127273 0.0736196 0.0157742 8.96493e-05 0.103124 
0.000338392 0.01311 0.00414604 0.121229 0.000290638 0.00310993 0.000817275 0.00581152 0.0187414 0.00289052 0.00440992 0.799987 0.0196378 0.00393414 0.000258514 0.00128804 
0.00030088 0.25594 0.0011519 0.013254 0.00464271 0.00165744 0.0729693 0.00879832 0.09403 0.0739358 0.202207 0.208186 0.0303779 0.00931863 1.8427e-05 0.0232113 
0.000465699 0.00992115 5.66109e-05 0.0304077 0.00107675 0.037315 0.00170752 6.29311e-05 0.00425343 0.00156778 0.681128 0.0734406 0.0159575 0.0186107 3.93773e-05 0.123989 
0.00193935 0.0439759 0.00174105 0.0207708 0.00512841 0.687901 0.0619339 0.00271892 0.00377632 0.00312044 0.0606746 0.0576579 0.00586492 0.0276932 0.000222695 0.0148808 
0.188288 0.261284 0.00268792 0.0289267 0.000565002 0.00025873 0.0306071 0.000109601 0.0717957 0.00357404 0.00351798 0.358958 0.0324393 0.0029162 0.00017518 0.0138968 
0.851566 0.00895751 0.00173733 0.0059182 0.000993406 0.00267744 0.00331226 0.00226678 0.00137332 0.0507534 0.0104407 0.0450182 0.00513192 0.000465006 0.000739739 0.00864896 
0.00115165 0.00879695 0.000248384 0.00178972 0.00202127 0.0383328 0.00352971 0.0115374 0.00166658 0.804237 0.00166986 0.0924224 0.00292802 0.0283217 0.000180215 0.00116592 
1.44136e-05 0.0767558 0.00117802 0.00147529 0.000482166 0.0177126 0.0460807 0.00751837 0.01688 0.496785 0.0284715 0.118326 0.0039109 0.0365103 3.17735e-05 0.147867 
0.000110899 0.0160056 7.59817e-05 8.42913e-05 0.00347459 0.0391844 0.00195561 0.00111214 0.000715542 0.768292 0.0144287 0.0912113 0.00506322 3.70539e-05 2.93083e-05 0.058219 
0.00109152 0.0322936 0.000791159 0.00118661 0.0178886 0.0141468 0.0298545 0.00207725 0.0232348 0.703939 0.0133213 0.0785212 0.0138064 0.00559773 0.000176505 0.062073 
8.98629e-06 0.0686485 0.0014001 0.00207666 0.000881098 0.00851002 0.0840021 0.00362501 0.0309798 0.60368 0.0267235 0.0696403 0.00607113 0.00904316 4.68996e-05 0.0846629 
0.0444429 0.0323052 0.00680896 0.010381 0.801954 0.00103772 0.0246811 0.000300519 0.063421 0.000540095 0.00311063 0.000490986 0.000655605 0.000135215 0.000232856 0.00950248 
0.000692182 0.0325771 0.000358833 0.00823168 0.00773684 0.0128924 0.0790952 0.000566337 0.0106173 0.00842075 0.819373 0.00619686 0.00996053 0.00236477 0.000438824 0.000477523 
0.000304877 0.200826 0.0111191 0.026147 0.000231773 0.0785603 0.00576826 0.0352241 0.00857836 0.58844 0.00463195 0.0182593 0.00453938 0.00023399 8.15862e-05 0.0170537 
0.00599662 0.0775028 0.00268791 0.514913 0.0110006 0.00990539 0.0176793 0.00358673 0.00228295 0.0128421 0.0807673 0.175794 0.0177274 0.00312397 0.000355328 0.0638345 
0.120205 0.026998 0.00579384 0.100301 0.000497481 0.0336885 0.00997667 0.00191731 0.00399227 0.2504 0.000339682 0.267785 0.0140739 0.000707819 0.000441047 0.162883 
9.24429e-05 0.00539894 0.0384 0.00746886 0.000143599 0.0114107 0.00574091 7.12796e-05 0.00179458 0.0729331 0.00386563 0.785487 0.0087082 0.0263285 0.000267255 0.0318888 
0.0122736 0.0430422 0.00200722 0.0497674 0.00498093 0.0273965 0.00269831 0.00102956 0.00228417 0.0204446 0.0226218 0.0762372 0.0898342 0.112858 0.000639789 0.531885 
8.73538e-05 0.0327047 6.97725e-05 0.0199814 0.0035214 0.000315006 0.0103481 0.129413 0.0067541 0.0194031 0.00436464 0.681565 0.00988691 0.0789274 1.39198e-05 0.00264385 
0.000113305 0.0125769 0.00182927 0.0130761 0.000150836 0.0155452 9.3713e-05 0.00588734 0.00152173 0.909259 0.0105689 0.0124722 0.00116396 0.00150862 0.000175429 0.0140573 
0.000273467 0.0962585 0.00014082 0.0022051 0.00634586 0.113154 0.00730379 0.000655778 0.0566808 0.149532 0.000561332 0.145482 0.00514751 0.0125974 0.000279036 0.403384 
0.00204971 0.257448 0.00138819 0.0122151 0.012559 0.0088073 0.0413501 0.00133111 0.0338246 0.0368083 0.0723425 0.326266 0.0115152 0.00245468 3.86096e-05 0.179601 
0.000203473 0.0140214 0.000146785 0.0221613 0.00139426 0.0896649 0.00144841 0.000484157 0.0380277 0.00940365 0.541842 0.0817187 0.0241997 0.0336193 8.76909e-06 0.141656 
0.000837614 0.0223851 0.0059029 0.104092 0.00148599 0.041054 0.00121423 0.00128667 0.0127914 0.550256 0.00244867 0.0869367 0.00155567 0.016849 0.000399771 0.150504 
0.00169365 0.0169256 0.00254092 0.0554886 0.000218394 0.017081 0.000250863 0.000450931 0.0292918 0.726066 0.00830948 0.123965 0.00337064 0.0139485 3.31316e-05 0.000365167 
0.00622453 0.0248847 0.000994163 0.000540526 0.0031665 0.0201458 0.00857233 0.0019759 0.000255076 0.893651 0.000781931 0.0151798 0.00406416 0.0160485 0.000150518 0.00336437 
0.00255973 0.0126891 0.0019474 0.02253 0.0431997 0.0305044 0.00690103 0.000135744 0.0383343 0.437648 0.0170642 0.135124 0.000941305 0.240174 0.000108635 0.0101389 
0.00727259 0.0124314 0.00423088 0.113681 6.1846e-05 4.84971e-05 0.000254459 0.000203268 0.00339669 0.797017 0.00023884 0.0507449 0.00877615 2.89912e-05 8.25308e-05 0.00153055 
0.0059335 0.0084225 0.000114546 0.00194361 0.000831465 0.107002 0.000972879 0.00569247 0.00633757 0.671929 0.126558 0.0534166 0.000917893 0.00305555 0.000283678 0.00658888 
0.00191331 0.0597797 0.0016551 0.195747 0.00242312 0.00797133 0.00375543 0.00158613 0.0132969 0.507872 0.0369215 0.140454 0.00688943 0.0100348 0.000585133 0.00911495 
1.12686e-05 0.387199 8.64704e-06 0.116534 0.000308655 0.00461684 0.00987597 0.0115335 0.0652179 0.00601775 0.0328652 0.336978 0.0216639 0.000158419 1.40214e-05 0.00699659 
0.00241835 0.27814 0.00066567 0.199459 0.00012082 0.00101018 0.00687036 0.000346096 0.0031633 0.220484 0.0625196 0.2089 0.0144102 0.000433538 0.000127557 0.000931206 
0.00236634 0.0179235 0.000246524 0.00182445 0.000201604 0.0060779 0.0164581 0.000902625 0.0070658 0.598756 0.0526061 0.19957 0.00911249 0.0166087 4.36373e-05 0.070236 
0.0012628 0.591489 0.000548502 0.129237 0.00439491 0.0152652 0.033501 0.002558 0.0142007 0.00326635 0.0513975 0.0961574 0.0318124 0.0154827 0.000625724 0.00880102 
0.0168957 0.000598577 0.968853 0.00177344 0.000600975 0.00047126 0.000373864 0.00081885 0.000287535 0.000245273 0.00104548 0.00294658 0.000628886 0.000368431 0.000634482 0.0034574 
0.0179613 0.00156848 0.000160129 0.000158402 7.94923e-05 0.00661115 0.00159171 0.00142572 8.41056e-05 0.470542 0.189161 0.267077 0.000119886 0.00659902 8.39243e-05 0.0367774 
9.24895e-06 0.0222698 0.00132723 0.00143756 0.000883672 0.0210063 0.0107976 0.00207853 0.00282126 0.0174821 0.045207 0.487689 0.0119089 0.321438 9.85939e-07 0.0536427 
0.00158297 0.0879642 0.0651506 0.0268763 0.000448455 0.00911929 0.00705769 0.00553208 0.0169228 0.559116 0.00694464 0.181357 0.0275834 0.000530663 0.000250277 0.00356326 
0.000508805 0.090972 0.000389639 0.0320557 0.00319061 0.0428021 0.0350515 0.00128027 0.0137748 0.0544484 0.613305 0.0138948 0.0480478 0.0354298 0.000107772 0.0147415 
0.000345276 0.0988477 0.00286883 0.0539976 0.00170101 0.489977 0.0719448 0.000382426 0.000292133 0.0137631 0.104567 0.0624776 0.0110149 0.0021395 0.000168657 0.0855131 
0.00112673 0.107852 0.00695438 0.029659 0.00197519 0.298804 0.0342632 0.00573661 0.0424905 0.0636508 0.00395451 0.261427 0.11073 0.0116012 0.000734725 0.0190396 
0.000618512 0.237934 0.0994241 0.177618 0.00221509 0.000132212 0.0247108 4.68142e-05 0.0192361 0.0207576 0.0297836 0.320396 0.0351128 0.000669849 3.50037e-05 0.0313097 
0.0103173 0.000175981 0.0641233 0.0130365 0.00504802 0.0190123 0.0122652 0.000196048 0.000851991 0.533353 0.00165671 0.119596 0.000373165 0.167552 0.00013455 0.0523085 
0.00168584 0.0731518 0.000759018 0.00540678 0.000204367 0.0439286 0.0103153 0.000694034 0.00058995 0.47399 0.37297 0.00672 0.00337878 0.0052501 0.000200355 0.000754843 
0.000357143 0.395054 0.000408131 0.337415 0.00240132 0.000412076 0.000433147 0.000378255 0.180055 0.000431109 0.0322634 0.0423182 0.00682961 0.000420966 0.000397025 0.000425044 
0.000632425 0.00969235 0.0016225 0.00767032 0.00260886 0.00898847 0.0676439 0.001153 0.070212 0.779315 0.00308861 0.0117521 0.00103022 0.0122464 0.000373888 0.0219701 
0.00166868 0.00980554 0.000235691 0.0258752 0.00722892 0.490643 0.00126567 0.000497833 0.00316195 0.20878 0.0077453 0.142764 0.00179734 0.00474841 8.0041e-05 0.0937028 
4.95847e-05 0.6377 3.34626e-05 0.0745498 8.65109e-05 0.000326804 0.163845 2.18086e-06 0.0431677 0.02328 0.0216211 0.0121943 0.0204006 6.22826e-05 0.00231499 0.000365545 
6.33889e-05 0.000973822 0.00047639 0.000760814 2.74978e-05 0.0282716 9.47764e-05 0.00120238 0.0010207 0.353157 0.00922306 0.330112 0.00103886 0.213528 3.69296e-05 0.0600129 
0.00023098 0.00639366 0.00514752 0.000578399 0.00196517 0.00157294 0.00226888 0.00705642 0.00880033 0.140631 0.0120487 0.754135 0.0170494 0.00102042 0.000168813 0.0409327 
0.00576189 0.21118 0.00496776 0.120725 0.0942177 0.00382633 0.131665 0.00243382 0.000635274 0.00199956 0.000435869 0.12111 0.154887 0.0668257 0.000408188 0.0789203 
0.00127163 0.0264831 0.00157008 4.09372e-05 0.0051189 0.00196048 8.0075e-05 0.0325036 0.064753 0.46111 0.0556384 0.246943 0.0457477 0.000369372 4.82061e-05 0.0563621 
0.177438 0.0760092 0.000397415 0.049454 0.0129191 0.00758857 0.0225757 0.371998 0.0556016 0.0167541 0.0220239 0.104219 0.050543 0.00690145 0.000489275 0.0250869 
0.000425903 0.0130557 0.00052201 0.00187104 0.000168611 0.00133634 0.0027235 0.00118151 0.00149503 0.946936 0.00126641 0.0251276 0.00171802 0.0012293 0.000229231 0.000714279 
0.0115429 0.105271 0.0034672 0.0134311 0.00567258 0.00242777 0.0454984 0.00912632 0.0390608 0.7398 0.00189902 0.005973 0.00577827 0.00231965 0.00634824 0.00238376 
0.000494636 0.0769816 0.0617838 0.482528 0.000146886 0.00668476 0.0512461 0.00491173 0.0287626 0.0391561 0.122201 0.059997 0.0509974 0.00546226 0.000109696 0.00853595 
0.00223397 0.00188985 0.00263515 0.0571149 0.000303153 0.0233257 0.000202614 0.000808346 0.00310706 0.174763 0.0656077 0.50082 0.00138471 0.00115438 0.000349283 0.164301 
0.000242843 0.0945991 0.0030866 0.0185949 0.000315988 0.00921619 0.0310831 0.00721121 0.0945502 0.339246 0.0209053 0.333785 0.0243878 0.00603959 2.2766e-05 0.016714 
0.00290061 0.0621314 0.00248681 0.161883 0.00198239 0.00197523 0.013803 0.00891147 0.00841683 0.0225652 0.0169921 0.535755 0.128311 0.011741 0.000943594 0.0192015 
0.00223821 0.152674 0.0201341 0.086242 0.00713048 0.00480438 0.0490536 0.0213478 0.106331 0.0503378 0.0871422 0.373786 0.0111505 0.0135091 5.51841e-05 0.0140627 
0.000312749 0.00400517 0.000242082 0.000352007 0.00213442 0.827075 0.00124614 0.0350685 0.00679913 0.0531911 0.000663106 0.0545628 7.3458e-05 0.0015145 8.90761e-05 0.0126708 
0.00112225 0.0405596 0.00101862 0.000508066 0.010668 0.00994664 0.0275028 0.00376984 0.00958984 0.742261 0.0017613 0.0109098 0.000344515 0.00538283 0.000185724 0.134469 
0.00057544 0.0409231 0.000630815 0.0205082 0.00177506 0.00205897 0.0184272 0.00108615 0.00699377 0.0257367 0.658769 0.19403 0.0170846 0.00353617 4.78595e-05 0.00781714 
0.00156809 0.067237 0.000402103 0.0160943 0.000204059 0.0157329 0.000937853 9.97268e-05 0.0427674 0.0307779 0.433249 0.0972453 0.0949304 0.00420212 8.39053e-05 0.194468 
0.00148644 0.0969011 0.0174087 0.378322 0.000900355 0.00492051 0.0341424 0.00091279 0.0593245 0.0220661 0.0321739 0.176023 0.0207042 0.00340799 8.89524e-05 0.151217 
0.00214014 0.0260818 0.000501769 0.00203951 0.780706 0.0157401 0.0244901 0.0248778 0.00739601 0.0178743 0.0182741 0.0169714 0.00135731 0.0320356 0.00030188 0.0292126 
5.80958e-06 0.0511803 0.00116774 0.327877 5.95585e-06 1.54971e-05 0.00546099 7.9243e-05 0.00268166 0.00860396 0.0363774 0.45241 0.113812 2.1387e-06 1.11328e-06 0.00031928 
0.000788535 0.0198005 0.000191538 0.0209742 0.00305434 0.0244357 0.0115019 0.00124603 0.0106464 0.0154721 0.806985 0.04061 0.0152003 0.0205868 9.6047e-05 0.0084103 
0.00181302 0.00209432 0.00010401 0.0029853 0.000998109 0.483488 0.000121419 0.000690963 0.000502249 0.319902 0.0136185 0.0592319 0.00248175 0.0867859 4.69551e-05 0.0251358 
0.00298616 0.0551867 0.00661478 0.0441848 0.000232866 0.0816296 0.00259457 0.000233937 0.00364785 0.524128 0.00149552 0.178853 0.0708816 0.00208276 0.000241446 0.0250061 
0.0633427 0.264616 0.000312032 0.00199517 0.00350039 0.0924324 0.0022691 0.0339269 0.0247605 0.446871 0.00670716 0.0157711 0.000186879 0.0202163 0.000128055 0.0229644 
0.000116064 0.00951175 0.00149139 0.00996147 0.000159836 0.0121353 7.76759e-05 0.00569822 0.00202954 0.862254 0.046265 0.0285676 0.00238837 0.00121489 0.000158544 0.0179709 
0.0123821 0.102525 0.00167394 0.264129 0.00181063 0.00876811 0.00555628 0.000987387 0.035809 0.094313 0.00913043 0.244953 0.0779156 0.0577097 3.51744e-05 0.0823012 
0.00343632 0.295063 0.00424815 0.262646 0.000674061 0.005597 0.0284801 0.00421472 0.165806 0.0326716 0.0196864 0.117008 0.0325628 0.0123394 0.000359875 0.0152065 
0.00156418 0.0826907 0.0291382 0.0977703 0.000262351 0.030731 0.0629017 0.00102802 0.118067 0.0351248 0.0752649 0.437013 0.0201018 0.00091203 0.000289844 0.00714021 
0.00521273 0.00765057 0.0248801 0.000307283 0.000294822 0.000231187 0.00360284 0.626899 0.0549541 0.223263 0.0368698 0.0116834 0.00288828 0.00079511 0.000311259 0.000156815 
0.00300505 0.0262602 0.000285403 0.0141289 0.00986672 0.0015038 0.00281209 0.00954022 0.00987358 0.723213 0.0204649 0.0221269 0.00366003 0.0150669 0.000128333 0.138064 
0.000487895 0.0983173 0.00288826 0.107291 8.62335e-05 0.000757484 0.0147346 0.00563488 0.0138678 0.0365136 0.0213675 0.619159 0.0100248 0.010441 4.51861e-05 0.0583836 
0.00649296 0.0525301 0.00131151 0.00280547 0.000325415 0.037267 0.00508207 0.00328992 0.00769859 0.0191675 0.233846 0.542509 0.00316442 0.00164245 0.000251572 0.0826158 
0.000720634 0.129865 0.013552 0.0370738 0.0069748 0.000384094 0.0191259 0.000637008 0.0218569 0.00958405 0.0146018 0.696778 0.0470002 0.000264212 0.000699276 0.000882478 
0.0241902 0.00743294 0.00620489 0.000720935 0.0266257 0.00949855 0.00940411 0.000308215 0.0076209 0.715871 0.00428623 0.0886493 0.0115899 0.0376058 0.000153486 0.0498379 
0.00217151 0.34016 0.000875033 0.00681891 0.00421358 0.0340417 0.0200904 0.00188577 0.0111393 0.00498881 0.15261 0.149447 0.109851 0.0264323 0.000357451 0.134916 
0.00204494 0.101034 0.00132716 0.119916 0.00122797 0.000962925 0.0378329 0.410349 0.00112602 0.000501167 0.0422414 0.201107 0.0107743 0.0465765 0.00197142 0.0210077 
0.160245 0.0848417 0.000901416 0.0122538 0.00397021 0.0435716 0.00936998 0.00464935 0.00951458 0.10419 0.0976374 0.232009 0.0887952 0.00225563 0.000175582 0.14562 
0.00119546 0.00429623 0.00251534 0.00571487 0.0104435 0.00419215 0.00329348 0.000453616 0.00143672 0.887893 0.00566435 0.0569 0.00101916 0.00750395 0.000175124 0.00730252 
0.000245228 0.0448654 0.0303957 0.022386 0.000624051 0.000298273 0.0542754 0.000946442 0.726161 0.0346888 0.00598377 0.0316159 0.0378667 0.00720913 0.000505622 0.0019323 
5.92046e-05 0.249229 0.0025064 0.117864 0.0136514 0.0117157 0.0459471 0.0270869 0.126411 0.0403617 0.00868704 0.246853 0.0893574 0.0043488 0.000293437 0.0156278 
0.00225147 0.160219 0.00177097 0.177633 0.000319914 0.000250863 0.00905227 0.000435894 0.0193585 0.000551782 0.0236868 0.122956 0.018892 0.000196125 0.000951941 0.461474 
0.000329772 0.00334262 0.00387452 0.00326845 0.00258965 0.771154 0.00202973 0.00309318 0.00168849 0.0172673 0.0112633 0.111353 0.000814499 0.0117138 0.000206982 0.0560112 
0.00651642 0.0929844 0.0109475 0.477753 0.00769736 0.0791677 0.0985165 0.0120888 0.0320136 0.107587 0.0151058 0.033967 0.0132331 0.00943829 0.000906713 0.00207661 
0.0136452 0.1574 0.0163914 0.158043 0.00859755 0.00510611 0.0290007 0.000258414 0.147167 0.104367 0.00327915 0.278628 0.0328443 0.0135848 0.000221934 0.0314653 
0.00775273 0.00315286 0.000708025 0.88895 0.000825648 0.000748377 0.00225883 0.00112497 0.0102256 0.000336968 0.000447863 0.0739281 0.0010718 0.00229061 0.00114348 0.00503407 
0.000301514 0.00584437 0.00184135 0.00133836 0.026241 0.327704 0.00501591 0.0344128 0.000760513 0.159853 0.0864829 0.123195 0.0033614 0.0241812 0.000232174 0.199234 
7.16083e-05 0.00607323 0.00066731 0.0437628 6.44686e-06 0.00357258 0.000543298 0.000107381 0.00349576 0.825103 0.00323956 0.046215 0.0104417 0.0348308 2.59147e-06 0.0218665 
0.00298337 0.232448 0.0010524 0.0395393 0.0143277 0.00348866 0.010617 0.0115358 0.163309 0.224129 0.0584578 0.102022 0.0927043 0.0153607 5.10457e-05 0.027973 
0.00410098 0.157829 0.00468647 0.00496089 0.00459563 0.00473177 0.378002 0.156363 0.00491099 0.128708 0.102368 0.00506176 0.0294086 0.00483385 0.00455894 0.00488068 
0.0076651 0.10588 0.00106689 0.0362111 0.00108468 0.000850564 0.0900299 0.0140101 0.0383727 0.000442687 0.000674864 0.0305203 0.661974 0.000861044 0.0013135 0.00904175 
0.00228194 0.00909331 0.000478781 0.00764446 0.0023683 0.416935 0.00706276 0.0023226 0.00129712 0.0914883 0.0242511 0.0194721 0.00249475 0.0849296 0.000152924 0.327727 
0.00199923 0.039968 0.0622521 0.0363559 0.00210966 0.0150616 0.00129184 0.00109127 0.00561796 0.00468187 0.00118216 0.0728147 0.00420398 0.713678 0.000423685 0.0372684 
0.00155709 0.0329768 0.000829475 0.0381783 0.00196957 0.00287413 0.00907887 0.00257035 0.344936 0.00242288 0.0626694 0.0424902 0.0466037 0.0114393 0.000647935 0.398756 
2.32654e-05 0.479802 0.000651107 0.0282695 0.000727772 0.000466728 0.0162492 0.00444042 0.0250011 0.0065304 0.0152645 0.374951 0.0143489 0.0061702 0.000517401 0.0265864 
0.00106978 0.108385 0.00104157 0.409731 0.00794986 0.000596224 0.056513 0.00028778 0.0229668 0.161293 0.00765306 0.119163 0.0488223 0.029537 9.04525e-05 0.0249006 
0.00128053 0.212229 0.0255945 0.105766 0.00352104 0.00699696 0.430987 0.000345006 0.0135649 0.0243316 0.0804016 0.0836586 0.00662091 0.0023429 0.000103188 0.00225667 
0.0108629 0.2059 0.00514247 0.0213833 0.567488 0.0263236 0.0219194 0.001219 0.0108341 0.00433601 0.00479643 0.0735599 0.00895965 0.00263051 0.000506842 0.0341379 
0.00104472 0.0440488 0.00150824 0.0203499 0.00144736 0.0249125 0.349179 0.00134488 0.00401036 0.0118662 0.00815492 0.185373 0.307989 0.0327779 0.000748535 0.0052451 
0.00150081 0.630587 4.92398e-05 0.0424023 0.00559436 0.000800738 0.0647198 0.00447652 0.0324665 0.0154367 0.118818 0.029167 0.0209964 0.0116335 5.10012e-05 0.0212996 
0.00288065 0.0739374 0.00148337 0.730595 0.00256588 0.00283363 0.00228215 0.00672378 0.0267609 0.000705977 0.038367 0.0803632 0.0265351 0.00114589 0.00182625 0.000994196 
0.00497196 0.246684 0.00231542 0.0364588 0.00172679 0.00137751 0.0438935 0.130688 0.0156871 0.0982211 0.0096295 0.21933 0.0591558 0.0240492 0.000182066 0.105629 
4.48103e-05 0.0294833 0.000121236 0.00862272 0.00217798 0.756719 0.0118037 0.0166371 0.000458003 0.144087 0.00112829 0.0102491 1.2124e-05 0.0106932 2.58371e-05 0.0077363 
0.000280435 0.199722 0.000323717 0.00469341 0.00354018 0.0498099 0.0361848 0.002371 0.0094536 0.149163 0.448872 0.0607206 0.0174925 0.00850706 8.42472e-05 0.00878212 
0.00761361 0.239203 0.000854086 0.00191564 0.00950442 0.00274797 0.0143332 0.00402341 0.00246828 0.000868679 0.499991 0.00804549 0.00539684 0.0146834 0.00080545 0.187545 
0.000159934 0.413239 0.00317223 0.0440798 0.00122414 0.054087 0.0235288 0.012241 0.0349232 0.0332707 0.0243629 0.24621 0.0655791 0.0179086 0.00266029 0.0233531 
0.00590019 0.246671 0.00864084 0.0781029 0.0109381 0.00305077 0.0280984 0.00631158 0.02504 0.2472 0.0693217 0.0901358 0.1515 0.0109313 0.000957196 0.0172001 
1.04474e-05 0.485301 2.76651e-06 0.0263773 3.40533e-07 1.27602e-06 0.0152385 3.09377e-06 0.0102539 0.00364002 0.00686027 0.138502 0.313358 0.000138359 3.5952e-07 0.000312588 
0.000429419 0.0432731 0.00337442 0.0487172 0.0201179 0.0407396 0.017929 0.00166416 0.0592599 0.0247053 0.251111 0.143857 0.00602264 0.0178232 0.000259189 0.320717 
8.51656e-05 0.0020555 0.00045838 0.00350991 0.00802492 0.0251318 0.00100563 0.0165872 0.000179641 0.853133 0.00695936 0.0129248 0.00134 0.059187 0.000771299 0.0086459 
