0.0378131 0.0156994 0.0223484 0.0778653 0.0206808 0.06573 0.0721832 0.0388216 0.0534622 0.0393546 0.0632953 0.0846934 0.024469 0.0331557 0.108159 0.18518 0.057089 
0.0498821 0.0355268 0.0268141 0.0401716 0.0520086 0.089602 0.0509078 0.0424003 0.0334182 0.0930785 0.0505615 0.0846714 0.0377366 0.0395159 0.117233 0.0969194 0.0595517 
0.100854 0.0294075 0.00950167 0.14197 0.0395716 0.0361246 0.0561654 0.0586298 0.0826997 0.0566369 0.0775511 0.0271857 0.0178176 0.0214019 0.101829 0.0747753 0.0678772 
0.0361869 0.0251587 0.07655 0.0992715 0.0144063 0.0358487 0.126013 0.0396816 0.101865 0.0636225 0.0727083 0.0500555 0.00580293 0.0304951 0.0501419 0.0912684 0.0809235 
0.0316106 0.0223026 0.0217705 0.0301763 0.0225911 0.0148323 0.0523435 0.172947 0.120138 0.0690834 0.0421314 0.0356474 0.0867101 0.0444375 0.147904 0.0321842 0.0531896 
0.0211537 0.234232 0.050498 0.00920862 0.020058 0.0463751 0.0977944 0.0591578 0.0492236 0.0340966 0.0220592 0.00751366 0.0479512 0.011388 0.223009 0.046203 0.0200783 
0.0631919 0.152337 0.0255049 0.00670179 0.0218459 0.0174912 0.0966704 0.0411556 0.0648931 0.0557472 0.022084 0.0254801 0.036795 0.00718609 0.218855 0.085137 0.0589243 
0.0992975 0.0172341 0.0629443 0.0556923 0.0423831 0.0530928 0.0436928 0.0481693 0.083263 0.061839 0.0310614 0.0722476 0.0360572 0.0190552 0.0992954 0.0530546 0.121621 
0.0332096 0.0437536 0.00706301 0.0631414 0.0155008 0.0348792 0.0805137 0.0584947 0.0901354 0.129304 0.0128618 0.0586364 0.014239 0.0358194 0.177223 0.10621 0.0390146 
0.0768227 0.0107693 0.0200704 0.0710394 0.0141735 0.100901 0.161465 0.0491836 0.021447 0.0552264 0.0433218 0.100201 0.0221213 0.00990332 0.129366 0.0239353 0.0900531 
0.00680118 0.0403002 0.00694945 0.245858 0.00869809 0.0411771 0.00761125 0.0699837 0.00660433 0.0430046 0.0779361 0.00690449 0.14674 0.0071334 0.00615729 0.271236 0.00690482 
0.157764 0.0799352 0.01999 0.0831413 0.0483113 0.0579561 0.0701125 0.0507982 0.0964941 0.0715816 0.0286462 0.0222199 0.0261704 0.0511117 0.0236378 0.0642982 0.0478316 
0.0294102 0.0196933 0.00439902 0.116644 0.0237951 0.0240811 0.119253 0.0359433 0.0748286 0.0252852 0.126316 0.0197656 0.0488802 0.0595633 0.202956 0.0109109 0.0582756 
0.0157892 0.0550464 0.01112 0.0226345 0.0181309 0.105564 0.0184104 0.150276 0.0829953 0.186006 0.0212313 0.0663894 0.0534135 0.0234597 0.0697474 0.0619643 0.0378212 
0.011066 0.112684 0.00398721 0.00167718 0.0118252 0.0773988 0.00100378 0.0609541 0.215801 0.311804 0.0955461 0.00188912 0.0391278 0.0314305 0.01446 0.00119559 0.00814895 
0.0124024 0.0236601 0.00277167 0.0153749 0.043322 0.0474403 0.17054 0.0199111 0.0382298 0.00348175 0.0432552 0.0711351 0.0142479 0.00827071 0.224595 0.258355 0.00300745 
0.0204611 0.00266344 0.0401536 0.0590639 0.00432923 0.0433164 0.0338245 0.037944 0.105677 0.184004 0.108785 0.0240277 0.0189705 0.00659249 0.0389887 0.0821687 0.189029 
0.0490217 0.0732301 0.0329443 0.0388823 0.062396 0.186212 0.0540616 0.0281548 0.120452 0.0504116 0.0592454 0.0436503 0.0399096 0.0240319 0.0502783 0.0613643 0.0257538 
0.0112586 0.0321187 0.0618683 0.0455016 0.0112602 0.0429968 0.0487955 0.0287911 0.0730415 0.0873945 0.0519389 0.0243246 0.00470981 0.0605175 0.051615 0.333001 0.0308661 
0.033015 0.00828798 0.0139215 0.0259968 0.0255104 0.0100811 0.0233811 0.187123 0.0640453 0.0617508 0.0205817 0.236541 0.0577826 0.0313738 0.0368333 0.0379988 0.125776 
0.0671758 0.0676577 0.0151053 0.116353 0.0209587 0.0673514 0.0555183 0.0894283 0.116167 0.0825537 0.0192693 0.019365 0.0481211 0.0320005 0.0280266 0.0879512 0.0669968 
0.0359728 0.0448828 0.0249387 0.0925815 0.0107889 0.139594 0.0436279 0.0963565 0.146708 0.0300706 0.0276922 0.0541072 0.0199165 0.0441205 0.0735049 0.0553425 0.0597948 
0.0470412 0.0214826 0.0260132 0.0514879 0.0358607 0.0329444 0.0321633 0.102177 0.0484474 0.0786822 0.07035 0.16029 0.0410633 0.0473323 0.0764101 0.0281755 0.100078 
0.0852147 0.0361537 0.0419121 0.0895364 0.0312637 0.0717243 0.0649516 0.0827206 0.0639315 0.0597342 0.0306533 0.05309 0.0147533 0.0480901 0.123113 0.0325491 0.070608 
0.0492558 0.0241837 0.0304861 0.0535257 0.0666328 0.160519 0.0143218 0.0800151 0.0406327 0.069092 0.0884986 0.0270041 0.087128 0.0362622 0.0531441 0.0457029 0.0735956 
0.0673666 0.0337699 0.0237272 0.112194 0.0130114 0.0460031 0.080806 0.0932644 0.0810909 0.0784463 0.0428485 0.0408001 0.0319101 0.0928802 0.0440198 0.0493986 0.0684633 
0.0829423 0.0551568 0.0300767 0.11277 0.0253383 0.0774555 0.0375424 0.0556038 0.0327134 0.163119 0.0629278 0.0335431 0.0521792 0.0222077 0.0717734 0.0340935 0.0505565 
0.0847485 0.0269994 0.0422327 0.0489586 0.0383806 0.0806643 0.0704638 0.0489572 0.0216746 0.0940578 0.0731311 0.0898903 0.0217932 0.0257513 0.0539039 0.0679393 0.110453 
0.0863667 0.00559892 0.00829693 0.18639 0.142447 0.0545471 0.0401649 0.0944604 0.0754216 0.0469721 0.0453954 0.0178593 0.0260052 0.00510292 0.00686546 0.00697129 0.151135 
0.0624773 0.0136209 0.0871258 0.0642261 0.0379169 0.0595702 0.0763451 0.0687438 0.0767957 0.0284954 0.209483 0.0599551 0.0163075 0.0120688 0.0874261 0.0158768 0.0235654 
0.0493782 0.0555317 0.0218297 0.0659939 0.0279933 0.0823311 0.0414917 0.0726928 0.132299 0.045532 0.0575593 0.0341805 0.0464332 0.0251684 0.0957469 0.102045 0.0437938 
0.116666 0.0533515 0.0587992 0.0142824 0.00521368 0.103969 0.0981026 0.194195 0.0896421 0.0517243 0.00656003 0.0629302 0.0113379 0.0145317 0.0406037 0.0415117 0.036579 
0.0516284 0.028182 0.0237637 0.0892631 0.0405545 0.0175092 0.0531521 0.0855216 0.0872537 0.0881795 0.0550369 0.0578517 0.0234833 0.0310709 0.180898 0.0467931 0.0398582 
0.060048 0.164644 0.0203874 0.102887 0.0373402 0.011579 0.0547717 0.0490527 0.0268391 0.026011 0.0522455 0.0370988 0.0111283 0.0553414 0.0574552 0.178883 0.0542874 
0.0145413 0.00608405 0.14803 0.00693881 0.0139496 0.0279723 0.0288572 0.0253123 0.180269 0.101346 0.0201324 0.0971867 0.0147321 0.0613542 0.1067 0.00866927 0.137924 
0.0472466 0.00550266 0.0484105 0.231085 0.00307247 0.0293249 0.0999192 0.024749 0.0766633 0.0276275 0.052902 0.0749943 0.00862892 0.0530428 0.00648905 0.186126 0.0242165 
0.0722287 0.0188556 0.0063943 0.0323993 0.0359371 0.134322 0.0945661 0.104246 0.104935 0.0299866 0.0526126 0.0531654 0.0296837 0.0206592 0.0689196 0.0417193 0.0993701 
0.0124053 0.000266332 0.00440896 0.253469 0.000344898 0.513231 0.000301803 0.104946 0.00157125 0.00312625 0.00168564 0.0673489 0.000277074 0.00169713 0.0173346 0.0173131 0.000273791 
0.0233923 0.041703 0.0190857 0.0351226 0.0430954 0.0316199 0.0452502 0.0523777 0.129151 0.0440026 0.141443 0.0789167 0.0305774 0.0468465 0.0672202 0.0584096 0.111786 
0.0320227 0.0367449 0.0258405 0.0614611 0.00940128 0.136022 0.0206998 0.095046 0.0947355 0.0882863 0.127345 0.0247688 0.0518886 0.0691755 0.0351499 0.0246241 0.066788 
0.0408556 0.0722928 0.034119 0.051183 0.0311268 0.0445832 0.0564351 0.107069 0.0835419 0.0449044 0.0247341 0.074656 0.0822597 0.124514 0.0481838 0.0348578 0.0446835 
0.0646033 0.0570039 0.0162365 0.0146181 0.00841992 0.0381247 0.077664 0.0335714 0.020013 0.0481835 0.165493 0.118491 0.0566987 0.0515527 0.0166949 0.201474 0.0111571 
0.132506 0.0282846 0.0279249 0.117952 0.0270519 0.034362 0.106162 0.10037 0.0621717 0.0444524 0.0183327 0.0478418 0.00981785 0.0151966 0.0850707 0.0510593 0.0914434 
0.132506 0.0282846 0.0279249 0.117952 0.0270519 0.034362 0.106162 0.10037 0.0621717 0.0444524 0.0183327 0.0478418 0.00981785 0.0151966 0.0850707 0.0510593 0.0914434 
0.110509 0.0544371 0.0255399 0.0551627 0.0495601 0.0287865 0.0282229 0.162214 0.0959698 0.0701569 0.0450216 0.0377999 0.0308672 0.0215503 0.0997474 0.0421222 0.0423324 
0.121496 0.0180487 0.0465901 0.0289281 0.0142115 0.0223353 0.0181336 0.159076 0.0460063 0.032756 0.0269941 0.03198 0.0751125 0.0506666 0.0401964 0.237522 0.0299466 
0.0396363 0.0140753 0.0158204 0.129645 0.057216 0.14468 0.0337723 0.0676941 0.193379 0.0466786 0.0501171 0.0405438 0.00881193 0.0309485 0.0377841 0.0238274 0.0653699 
6.03748e-05 0.01432 0.0696696 0.15223 0.115512 0.453629 0.0281638 0.00137429 0.00132889 0.114114 0.0152627 0.00292158 0.00243985 0.0152611 0.00260541 0.0104338 0.000674246 
0.0152956 0.0100239 0.00614957 0.0313182 0.114465 0.240023 0.0585106 0.085986 0.0762539 0.0297708 0.109222 0.0223225 0.0254975 0.0224258 0.0250197 0.0612732 0.0664415 
0.0501947 0.0183504 0.00902758 0.113484 0.0191565 0.176397 0.0861267 0.063117 0.0478602 0.0568256 0.0280661 0.0497495 0.0231352 0.0191008 0.140934 0.052708 0.0457669 
0.0488523 0.0140146 0.0420041 0.0473758 0.028798 0.193118 0.0557143 0.0429116 0.0873464 0.0227589 0.0202451 0.0861095 0.0397579 0.035143 0.061036 0.0873491 0.0874657 
0.0246734 0.0262952 0.0269393 0.170561 0.0686757 0.0449915 0.0345705 0.0158356 0.135432 0.116387 0.0190734 0.0194687 0.0690609 0.0523009 0.0787749 0.0567978 0.0401609 
0.0119053 0.0675727 0.0763832 0.0286477 0.0335436 0.0542848 0.0300299 0.0800107 0.108651 0.09806 0.0529911 0.0484012 0.0220552 0.0321074 0.122012 0.0545744 0.07877 
0.0518409 0.0268777 0.0204956 0.048915 0.010206 0.0491875 0.0792797 0.197205 0.0599054 0.128185 0.0335755 0.0338161 0.00546913 0.0467197 0.094235 0.0552723 0.0588145 
0.0308762 0.0384547 0.16853 0.0323404 0.0310047 0.0543835 0.0743188 0.0123699 0.0267898 0.0140477 0.0171115 0.101988 0.0644091 0.176161 0.0541119 0.0132218 0.0898803 
0.0912664 0.0285224 0.129077 0.0349949 0.0126328 0.0116639 0.0317916 0.0154211 0.267921 0.0520998 0.125347 0.0172001 0.00977734 0.0509078 0.0231868 0.047104 0.0510859 
0.0169667 0.061795 0.220127 0.016459 0.0259628 0.111243 0.117077 0.0451605 0.0595969 0.0174561 0.0239027 0.0666164 0.0156203 0.106207 0.0158104 0.0245349 0.0554643 
0.000442685 0.00577987 0.650328 0.00555381 0.0261113 0.0151239 0.0158814 0.00335033 0.0557412 0.0021764 0.023245 0.0840632 0.00464829 0.0240741 0.00219438 0.0601907 0.0210958 
0.0804575 0.122276 0.0188383 0.314592 0.0570204 0.0319957 0.0168178 0.0852906 0.023315 0.048575 0.0151486 0.0393431 0.0096127 0.0341494 0.0326855 0.0455426 0.0243393 
0.0325194 0.194309 0.0668987 0.0305173 0.0321771 0.0387779 0.0243975 0.0341255 0.0183893 0.0220513 0.142175 0.0385985 0.011305 0.0755709 0.0158652 0.0184461 0.203876 
0.0778705 0.103088 0.0502117 0.256985 0.0378779 0.0277653 0.0233203 0.0501504 0.020908 0.0883638 0.0202713 0.0559561 0.0268359 0.0636397 0.0266463 0.035868 0.0342418 
0.0254526 0.115153 0.0292858 0.0235302 0.00845077 0.0406971 0.12133 0.0431672 0.148136 0.0769506 0.0770322 0.0709882 0.0196779 0.00609798 0.16653 0.0217559 0.00576487 
0.15823 0.0363255 0.0439148 0.203418 0.0258906 0.0236149 0.0570452 0.0108206 0.0235373 0.034929 0.0787682 0.202375 0.00804315 0.0378761 0.0228996 0.0175798 0.0147321 
0.02597 0.0231492 0.415528 0.0320422 0.0101861 0.035358 0.0158015 0.0194773 0.00556781 0.00809922 0.0180285 0.243363 0.0221245 0.0786377 0.00180427 0.0374997 0.00736244 
0.0595923 0.109513 0.0793027 0.0210335 0.0493366 0.0799197 0.0548576 0.079128 0.0776083 0.0183688 0.0144084 0.122278 0.0295475 0.0468615 0.0139187 0.0239023 0.120423 
0.0555486 0.128456 0.0405757 0.00842743 0.0144098 0.148736 0.123177 0.0531114 0.0262494 0.0359307 0.144945 0.0402741 0.0375528 0.0586348 0.0216653 0.0396156 0.0226903 
0.0451185 0.104536 0.0334119 0.00736921 0.0123954 0.122059 0.102499 0.066774 0.052605 0.123017 0.119981 0.0423888 0.0318033 0.0496586 0.0351187 0.0323804 0.0188847 
0.0020683 0.277523 0.00467613 0.000972889 0.0520334 0.166521 0.00216085 0.275506 0.000206849 0.00275901 0.00494638 0.0411293 0.00141902 0.0508531 0.00115708 0.115537 0.000530186 
0.0350094 0.0751313 0.00761603 0.0275664 0.0156939 0.0943295 0.0992114 0.0404078 0.132248 0.023788 0.0425436 0.0300341 0.0612437 0.119452 0.0225915 0.145877 0.0272565 
0.0740486 0.040752 0.0827115 0.012129 0.0316875 0.128426 0.032299 0.0917595 0.0897833 0.0807853 0.030923 0.145455 0.0321255 0.00359308 0.0232548 0.0137965 0.0864707 
0.0256888 0.0850787 0.149538 0.0077694 0.10124 0.00274066 0.260191 0.00561645 0.022062 0.0199945 0.151891 0.0395206 0.0110309 0.0346657 0.00819414 0.0556838 0.0190937 
0.0528289 0.0342942 0.0857143 0.0237958 0.0382665 0.0463031 0.168203 0.0159806 0.0309001 0.034692 0.214399 0.0326755 0.123124 0.0218235 0.0300318 0.0298926 0.0170749 
0.0427367 0.134851 0.0363725 0.144997 0.0359043 0.0157229 0.0621857 0.0582443 0.0425054 0.0303078 0.0358078 0.0431001 0.037664 0.0556025 0.127262 0.0446588 0.0520783 
0.0233355 0.0639277 0.194842 0.0606907 0.0213577 0.0208278 0.00640704 0.0639951 0.0393191 0.0119314 0.094911 0.100447 0.025621 0.176693 0.00636528 0.0516382 0.0376903 
0.0156679 0.109305 0.0961746 0.0630142 0.0399884 0.106359 0.0560374 0.0534037 0.026969 0.0388531 0.0781056 0.0272387 0.0226284 0.0907631 0.0211829 0.13501 0.0192989 
0.0597728 0.0966211 0.0471802 0.0457819 0.00911583 0.0951994 0.0482824 0.0555458 0.0478018 0.0605222 0.0289014 0.0275597 0.0428772 0.197018 0.0589785 0.0339925 0.0448495 
0.0320082 0.00856742 0.0126233 0.0343095 0.0199664 0.246553 0.0977137 0.106691 0.021163 0.00969715 0.0132477 0.0330202 0.0505203 0.118697 0.0697642 0.118655 0.00680371 
0.0324653 0.115081 0.0331324 0.0343307 0.0194947 0.085968 0.073234 0.105655 0.0216446 0.065856 0.0498277 0.0741034 0.0329756 0.0444904 0.0518357 0.0942251 0.0656801 
0.0285562 0.148975 0.0142485 0.0960922 0.0160791 0.0346457 0.0184302 0.180932 0.055854 0.11793 0.0104125 0.037869 0.0130935 0.0642822 0.045022 0.0810362 0.0365414 
0.0349949 0.0655572 0.12857 0.0416072 0.0525165 0.0398951 0.0636974 0.03174 0.0788858 0.0453754 0.047128 0.0307665 0.0347478 0.0115449 0.105563 0.0888379 0.0985723 
0.021241 0.0784601 0.0165701 0.0260817 0.0523534 0.0969224 0.0676104 0.0683927 0.0362304 0.129119 0.0596032 0.0490963 0.0100505 0.126178 0.018576 0.0637564 0.0797586 
0.0357097 0.0862822 0.0459908 0.0391287 0.0680159 0.0410757 0.0471741 0.0576813 0.0645982 0.0626088 0.0655632 0.0749366 0.035171 0.0259836 0.033165 0.120517 0.0963981 
0.0318159 0.0466136 0.0261886 0.0301778 0.0107731 0.0299494 0.12556 0.111153 0.0704754 0.0139119 0.0407785 0.0545267 0.038948 0.055334 0.116392 0.0358574 0.161544 
0.12185 0.0585302 0.0889193 0.0147417 0.00819217 0.0801281 0.0275506 0.0153995 0.00968034 0.0133355 0.0112991 0.284181 0.0737455 0.0783521 0.0185916 0.0441985 0.0513048 
0.144827 0.0407532 0.0969444 0.0223658 0.00945471 0.0884706 0.0298699 0.0142783 0.0088356 0.0134142 0.0106323 0.24053 0.0864636 0.07971 0.016265 0.0523205 0.0448645 
0.0344893 0.0222569 0.103544 0.0367207 0.0764928 0.0274436 0.152858 0.128478 0.021852 0.0389484 0.0236007 0.0458231 0.0640416 0.023751 0.0524109 0.0313531 0.115935 
0.0415801 0.057749 0.0665221 0.0370487 0.0366695 0.0860798 0.0457903 0.0326841 0.0140187 0.0536443 0.126374 0.0297232 0.0221814 0.0272549 0.103766 0.109391 0.109523 
0.0543224 0.150053 0.018047 0.0379328 0.0167493 0.0321172 0.236024 0.0578472 0.0384304 0.0346426 0.0221188 0.0904121 0.0210224 0.0337353 0.0226761 0.0325836 0.101285 
0.128928 0.0388303 0.0193555 0.0232317 0.0273298 0.0773679 0.0834617 0.0608086 0.0295266 0.00912291 0.0316667 0.0246869 0.0653235 0.0376242 0.0756336 0.0668677 0.200235 
0.0606408 0.00617215 0.0234296 0.0417188 0.00389508 0.104478 0.00518264 0.157136 0.00528272 0.0250912 0.194487 0.0759649 0.042655 0.210002 0.018332 0.00876426 0.0167681 
0.00388976 0.060809 0.0508723 0.00100318 0.0123391 0.00800876 0.0218224 0.0342351 0.00108615 0.00123563 0.0140903 0.0224488 0.00049579 0.000696133 0.00136157 0.742115 0.0234909 
0.0880717 0.067865 0.026307 0.037218 0.0160625 0.0709466 0.0593521 0.0968381 0.0161495 0.0584038 0.0739572 0.157336 0.0165588 0.0492296 0.0472287 0.0640874 0.0543882 
0.0574467 0.0567332 0.0586991 0.0576849 0.0734691 0.0579678 0.0642891 0.0537384 0.055784 0.0605404 0.0598449 0.0583193 0.0590214 0.0602529 0.052008 0.0558786 0.0583221 
0.0328768 0.0686329 0.0407591 0.118973 0.0117416 0.022785 0.0877488 0.0285833 0.0868208 0.0745567 0.0489349 0.0539491 0.076442 0.0630434 0.058718 0.0759029 0.0495313 
0.055917 0.0780977 0.0400542 0.0852612 0.0411924 0.0730344 0.116279 0.0445304 0.0277873 0.0439639 0.0475791 0.132582 0.0945953 0.00530637 0.0478812 0.0253653 0.040573 
0.0745526 0.0625501 0.242805 0.0506713 0.0771149 0.0266455 0.0534882 0.0205522 0.0910519 0.0342802 0.015505 0.0766596 0.0145734 0.0300276 0.0181835 0.0642195 0.0471195 
0.0493142 0.0457115 0.0123107 0.0315807 0.0330469 0.0267982 0.0209815 0.0923218 0.0670904 0.151545 0.0595203 0.0611047 0.0310437 0.0334088 0.0768265 0.11448 0.0929152 
0.0214424 0.216771 0.0958405 0.0175895 0.0236422 0.0784928 0.0406918 0.0574108 0.00477916 0.030481 0.100155 0.111715 0.0392706 0.0363052 0.00831151 0.0907694 0.0263322 
0.0433057 0.0767602 0.0602819 0.0415611 0.0603942 0.042914 0.022498 0.0571582 0.0779141 0.0126932 0.0164657 0.076793 0.0467477 0.0120916 0.054168 0.235298 0.0629552 
0.0583486 0.0450853 0.11067 0.0285481 0.066007 0.144795 0.0210765 0.032131 0.0476155 0.0258981 0.0510063 0.0944471 0.0497707 0.092968 0.034655 0.0611411 0.0358364 
0.0980303 0.044844 0.0123941 0.120234 0.0267337 0.112592 0.0244731 0.0944313 0.0455652 0.0650489 0.0509494 0.0241454 0.005377 0.0358043 0.0430277 0.162626 0.0337241 
0.187427 0.0826551 0.0681924 0.055074 0.0240609 0.0206094 0.0171398 0.039517 0.104262 0.0150508 0.147153 0.0285807 0.0168747 0.0870676 0.05195 0.0275718 0.0268141 
0.0512739 0.0650727 0.0396236 0.0198111 0.0267772 0.192552 0.0593137 0.0523485 0.0481028 0.0514641 0.0851611 0.0746931 0.0409352 0.0552905 0.0512793 0.0287983 0.0575034 
0.00872842 0.00078364 0.191347 0.0525878 0.259791 0.132915 0.0408484 0.0675471 0.000770529 0.000836228 0.0669564 0.024972 0.0741874 0.071574 0.000718373 0.00463102 0.000805587 
0.01546 0.0188944 0.00684988 0.0134442 0.0121859 0.00809462 0.0193034 0.53367 0.0246126 0.236868 0.0163016 0.0125405 0.0148197 0.0124626 0.0235432 0.0100925 0.0208574 
0.076092 0.0408937 0.0778836 0.00999363 0.0692138 0.0204059 0.0613885 0.0317258 0.0194598 0.100393 0.0826486 0.00583952 0.00294301 0.0151489 0.354504 0.019254 0.0122125 
0.0189099 0.00718963 0.428977 0.0177495 0.0033717 0.0613771 0.0419379 0.00464877 0.0123968 0.0151333 0.0454907 0.245316 0.0283335 0.0388053 0.0017462 0.0148569 0.0137592 
0.032802 0.0570228 0.0210825 0.044501 0.160209 0.138653 0.0537826 0.0350284 0.0238712 0.100013 0.0372535 0.0929281 0.0581112 0.0421922 0.033855 0.034775 0.0339189 
0.104507 0.049222 0.0429678 0.0209582 0.0410077 0.0647194 0.0207914 0.024069 0.0830904 0.0488144 0.0276282 0.068407 0.0586887 0.127111 0.0495781 0.112016 0.0564237 
0.0419981 0.0458377 0.0383295 0.0411768 0.0247434 0.0614216 0.0859424 0.0782413 0.0216833 0.0243237 0.024396 0.0346966 0.226024 0.0384906 0.0847789 0.0787662 0.0491499 
0.0564158 0.0651381 0.109793 0.0163794 0.0353126 0.0512595 0.0823506 0.0602664 0.0294236 0.0344217 0.0703047 0.0881803 0.0191378 0.0292866 0.0798869 0.106058 0.0663847 
0.0238201 0.0367395 0.0194088 0.0568016 0.0152998 0.100071 0.0942086 0.105045 0.0688547 0.0821091 0.0112396 0.0637972 0.0135597 0.0261861 0.116057 0.0464684 0.120334 
0.0902478 0.0939098 0.0514185 0.0669337 0.0239603 0.0490839 0.0221831 0.0752438 0.0275659 0.0970864 0.0229506 0.140544 0.057027 0.0920794 0.0290186 0.0407051 0.0200417 
0.0469969 0.0511227 0.0323039 0.081489 0.0145064 0.0508515 0.0645806 0.0258919 0.0287785 0.0676376 0.05884 0.193561 0.0839286 0.0221098 0.0745622 0.0448014 0.0580377 
0.0218996 0.0568568 0.114262 0.0247497 0.0315793 0.0137089 0.0563759 0.0830413 0.0513938 0.028337 0.017969 0.275089 0.0172889 0.120686 0.0233852 0.0534563 0.00992175 
0.0490304 0.0294785 0.0350618 0.0258989 0.0363789 0.0231052 0.0559897 0.0549233 0.133397 0.0486176 0.0720171 0.0688562 0.0691475 0.0918901 0.0531452 0.112744 0.040318 
0.0533522 0.0480222 0.104232 0.0317058 0.0223054 0.0340701 0.118358 0.0534775 0.122948 0.0701152 0.0309141 0.0658929 0.0203936 0.0579167 0.0571344 0.0490877 0.0600742 
0.0744434 0.0284671 0.0422368 0.113913 0.0100336 0.0335913 0.0494077 0.0552128 0.0755456 0.0466314 0.0775257 0.136296 0.0488863 0.0562452 0.0410228 0.0725023 0.0380386 
0.0454442 0.0405576 0.0265605 0.00567967 0.121742 0.0638093 0.183237 0.0144483 0.0526647 0.00429635 0.0764137 0.142597 0.0162951 0.0137916 0.0240121 0.0281803 0.140269 
0.0489677 0.0389784 0.0114558 0.0150496 0.0298984 0.0258835 0.0190425 0.0268399 0.0682928 0.0767276 0.0865232 0.13706 0.0346886 0.0510956 0.112541 0.0740123 0.142943 
0.0335911 0.0599769 0.0367882 0.0481089 0.0173471 0.0459872 0.106676 0.0762536 0.0936887 0.0349735 0.0892629 0.0931643 0.0166844 0.077516 0.0353047 0.0908806 0.0437959 
0.0176426 0.0161296 0.140302 0.0338761 0.00851124 0.0278397 0.0337406 0.125257 0.0216992 0.0312922 0.0634372 0.0540341 0.00875791 0.301284 0.0177778 0.0253041 0.0731153 
0.104744 0.040629 0.158248 0.0372952 0.0404566 0.0150852 0.0622229 0.0339514 0.0281426 0.0378059 0.0427622 0.066933 0.00992353 0.0640112 0.0647769 0.0258883 0.167125 
0.0268558 0.06637 0.0270395 0.0504417 0.0142786 0.0698185 0.0331818 0.0751984 0.0533412 0.073863 0.0490231 0.0882286 0.0338655 0.160128 0.0498742 0.106285 0.0222075 
0.0442489 0.177286 0.0702852 0.0187864 0.054219 0.028597 0.0435184 0.0377263 0.0276205 0.0245287 0.0728959 0.116337 0.049538 0.0421008 0.069705 0.0436612 0.0789454 
0.0163291 0.10317 0.180749 0.0182487 0.0383264 0.0312689 0.0527082 0.0352941 0.0212479 0.0244377 0.0223123 0.0998858 0.0479714 0.121006 0.0145468 0.146019 0.0264785 
0.0597896 0.0731793 0.120004 0.0196915 0.101709 0.0267917 0.0259604 0.0549255 0.0466585 0.0258217 0.0571743 0.0936827 0.0599295 0.0238002 0.0227711 0.125036 0.0630741 
0.00182361 0.0411579 0.0145173 0.108698 0.00653371 0.0140171 0.278661 0.00249442 0.0345114 0.000921112 0.166132 0.0860486 0.00426614 0.0355025 0.00884881 0.0224575 0.173409 
0.0457519 0.0730916 0.0986007 0.0186493 0.0871182 0.0185655 0.0438889 0.0203658 0.0274727 0.0197664 0.0362197 0.0572352 0.138269 0.126527 0.0114519 0.125154 0.0518721 
0.0400898 0.0711642 0.130455 0.0213905 0.148322 0.0222779 0.022486 0.0371062 0.0567589 0.0203649 0.0594434 0.062396 0.0798683 0.0218599 0.0151123 0.119255 0.0716496 
0.0424572 0.122884 0.0111678 0.0742917 0.10806 0.00254508 0.000470438 0.0475813 0.0228594 0.00487307 0.090211 0.0580385 0.0889699 0.0357131 0.0289234 0.1517 0.109254 
0.0252919 0.01153 0.0393041 0.0342604 0.0669397 0.063937 0.130122 0.214299 0.0324676 0.0367605 0.0758776 0.0273507 0.039187 0.0366526 0.0517478 0.0249754 0.0892971 
0.0221558 0.0319177 0.11139 0.01002 0.0273425 0.0269839 0.0310227 0.0743827 0.0824547 0.0519685 0.0179382 0.0955815 0.146547 0.154635 0.0602551 0.0417716 0.0136324 
0.0698628 0.0405543 0.110822 0.101066 0.0177377 0.0895654 0.0642193 0.0636712 0.0567283 0.087119 0.0484855 0.0400873 0.0237788 0.0137266 0.0559173 0.0692378 0.0474205 
0.0661191 0.0103748 0.0197346 0.0287849 0.0632098 0.0408583 0.0473314 0.0296412 0.0665143 0.0570709 0.0251591 0.0369627 0.0726542 0.262962 0.00594341 0.0967738 0.0699052 
0.0395599 0.0486814 0.0289266 0.0283679 0.00400863 0.21861 0.0698138 0.0390777 0.0287991 0.141974 0.0822549 0.0167995 0.0734241 0.0349112 0.0106659 0.0292494 0.104875 
0.0420544 0.0459127 0.109035 0.0670501 0.0466075 0.0698681 0.0587376 0.0864219 0.0424185 0.0479336 0.0184917 0.0477229 0.0269934 0.0821525 0.123385 0.058409 0.0268057 
0.0640659 0.160893 0.0111462 0.0303113 0.00679097 0.0911383 0.124824 0.0832842 0.0479811 0.0285323 0.0538842 0.0438297 0.00954459 0.0252628 0.120095 0.0261815 0.0722351 
0.0741672 0.0558204 0.16108 0.0129675 0.0113438 0.0379661 0.0358374 0.0829486 0.0234713 0.0626766 0.00609802 0.0517624 0.146058 0.165956 0.0206353 0.0409651 0.0102463 
0.0172561 0.0458327 0.0991752 0.118784 0.0457879 0.0292913 0.0870134 0.0621267 0.0809273 0.0115434 0.0343911 0.0750096 0.135023 0.0214237 0.044648 0.0809752 0.0107919 
0.0213475 0.0748587 0.0195939 0.079341 0.0193572 0.097409 0.103397 0.0235781 0.167554 0.0334622 0.0744966 0.106542 0.0128715 0.0796879 0.030934 0.0381559 0.0174127 
0.0186481 0.0105944 0.129739 0.0263488 0.0154144 0.0234232 0.0206713 0.11254 0.0246418 0.0510725 0.0499219 0.0605656 0.00577023 0.336558 0.0201956 0.0196684 0.074227 
0.230408 0.180989 0.113138 0.0622064 0.0076511 0.0223046 0.052931 0.0203413 0.0245936 0.0610146 0.0196431 0.0242485 0.0558666 0.0715916 0.00636019 0.0382503 0.00846158 
0.116937 0.0401514 0.0661109 0.0966297 0.0217189 0.0207569 0.0825995 0.0740946 0.0806101 0.0473773 0.08495 0.04755 0.0470172 0.0592951 0.0254493 0.0645759 0.0241759 
0.0969857 0.0582583 0.265005 0.0367172 0.0292065 0.0489987 0.101718 0.0281748 0.0392731 0.0248665 0.0393995 0.0638092 0.0110377 0.0359562 0.0267341 0.0579932 0.0358665 
0.0959233 0.170048 0.0485839 0.0417422 0.011256 0.0315933 0.0475662 0.0108455 0.0228121 0.176269 0.0344013 0.0492925 0.0632201 0.0445762 0.0112687 0.119893 0.0207081 
0.0318902 0.049422 0.115501 0.0030436 0.0375949 0.34452 0.0941335 0.00858563 0.00404072 0.00787953 0.116002 0.0153168 0.0130924 0.0311757 0.111154 0.0115267 0.00512187 
0.0437077 0.0921545 0.197219 0.017207 0.0227875 0.0509849 0.00566854 0.0257791 0.014682 0.0251946 0.0857341 0.0995233 0.0191918 0.0341338 0.0177723 0.215944 0.0323163 
0.062188 0.0475822 0.0586393 0.04362 0.039842 0.0641411 0.0833706 0.0489264 0.0686938 0.051476 0.0515604 0.0822294 0.031728 0.0360834 0.0906937 0.0814393 0.0577865 
0.105061 0.146029 0.0207589 0.0487728 0.00888187 0.0244529 0.0508855 0.0762261 0.0603821 0.045682 0.0501655 0.0390597 0.0119134 0.0417755 0.125649 0.0420987 0.102206 
0.0591813 0.123033 0.0328035 0.0402643 0.0348005 0.105949 0.0130735 0.0193027 0.117723 0.0854271 0.0386763 0.0285784 0.0387564 0.0534552 0.0296723 0.165033 0.0142699 
0.0160951 0.0597754 0.184926 0.0475612 0.010658 0.0162227 0.0224219 0.0227813 0.03659 0.0284387 0.107574 0.244142 0.017073 0.107512 0.0257654 0.0363122 0.0161509 
0.0431158 0.0354042 0.0190941 0.0348142 0.0836424 0.27485 0.0189644 0.106313 0.0666929 0.0190084 0.0640173 0.0313172 0.0329131 0.023654 0.0469126 0.0733504 0.0259359 
0.0312458 0.0308577 0.031927 0.0620279 0.0399605 0.0766476 0.199796 0.0634074 0.0748051 0.0329285 0.0434251 0.0317204 0.0506645 0.0327721 0.0282877 0.0913182 0.0782086 
0.0090154 0.0555953 0.564987 0.037052 0.00527561 0.00303018 0.00597095 0.00418888 0.00625945 0.00676806 0.0182292 0.0749638 0.0047482 0.177022 0.00399253 0.0148195 0.00808162 
0.0571332 0.0342313 0.0572366 0.0926583 0.0211116 0.0557492 0.0254516 0.160585 0.0160571 0.0296789 0.0384128 0.104664 0.0327295 0.11939 0.0226551 0.0517608 0.0804948 
0.0362554 0.0745088 0.0361031 0.0737317 0.0290998 0.122108 0.0611871 0.0407419 0.0997427 0.0578412 0.0418202 0.132793 0.0251728 0.0552322 0.036745 0.0392555 0.0376615 
0.00511532 0.0396193 0.0455135 0.0399123 0.0440869 0.245577 0.00879238 0.0909851 0.0299438 0.118824 0.0318371 0.0194187 0.00693339 0.00593358 0.103933 0.138598 0.0249769 
0.0230114 0.00370484 0.233504 0.0249323 0.00233378 0.071481 0.0320451 0.0938571 0.0349645 0.0102532 0.0827236 0.0551472 0.0231584 0.0188528 0.0733179 0.10501 0.111703 
0.113311 0.0300974 0.082442 0.0486384 0.0152346 0.0924184 0.158409 0.0210301 0.0757957 0.082953 0.043798 0.0840786 0.0231226 0.0480394 0.0479073 0.0118354 0.0208897 
0.0693518 0.0406028 0.0320723 0.0637188 0.0257914 0.0316912 0.0833344 0.0457131 0.0499809 0.0573316 0.0334837 0.0664782 0.194071 0.0403918 0.0314729 0.100131 0.0343824 
0.0186464 0.0346992 0.115827 0.0141552 0.0304216 0.0235078 0.0928682 0.0320444 0.0615947 0.016655 0.0577605 0.0363577 0.106645 0.127159 0.0702223 0.0587155 0.102721 
0.00680704 0.141376 0.0579153 0.0209354 0.00692356 0.183645 0.0213316 0.0213062 0.0431507 0.146413 0.0488917 0.0135232 0.0268839 0.159573 0.0136745 0.0670096 0.0206392 
0.170224 0.000471885 0.000470915 0.019328 0.0421768 0.00989681 0.0987755 0.327089 0.0170047 0.10152 0.00517381 0.0334482 0.0216547 0.0239774 0.0241843 0.0075569 0.0970469 
0.0396929 0.0327981 0.0342798 0.0287509 0.0438471 0.0262689 0.0955153 0.078014 0.0259273 0.0665204 0.0601324 0.0403626 0.0351465 0.0333174 0.0452048 0.27055 0.0436717 
0.0768515 0.0435078 0.137427 0.106603 0.00632869 0.00708906 0.131488 0.0169754 0.0116057 0.01743 0.0492802 0.0929802 0.0211487 0.0715505 0.00934958 0.0283041 0.17208 
0.0369434 0.0535905 0.0182176 0.0636197 0.100942 0.0386482 0.0524929 0.051733 0.258485 0.0578382 0.0347946 0.0401408 0.0171358 0.0282156 0.0749202 0.0384024 0.0338802 
0.0305109 0.128521 0.0619832 0.021986 0.0139075 0.0254856 0.095063 0.136331 0.0194142 0.0441509 0.0830104 0.105188 0.018354 0.0840922 0.0179494 0.0886296 0.0254229 
0.0298043 0.0635008 0.044491 0.0683441 0.00810532 0.184163 0.121582 0.0139519 0.0254725 0.0293588 0.185633 0.0151749 0.0297098 0.0855196 0.0372784 0.00966972 0.0482409 
0.0185469 0.0985208 0.0303757 0.00505803 0.00299096 0.115023 0.0624573 0.303665 0.0267657 0.0997109 0.0543907 0.019757 0.00659706 0.105778 0.0157539 0.0143693 0.0202406 
0.0107121 0.158675 0.0401608 0.0547777 0.0146624 0.156048 0.0310787 0.0112848 0.00442008 0.0222772 0.0726892 0.0513277 0.0695555 0.134604 0.00579664 0.0659249 0.0960049 
0.0670005 0.0639933 0.0293367 0.0343212 0.0372463 0.192503 0.0371763 0.0542025 0.0321496 0.0391933 0.0466597 0.0777419 0.0463758 0.0301348 0.0326601 0.0559662 0.123339 
0.0281156 0.152818 0.0874327 0.0113669 0.0186672 0.0135119 0.105625 0.0155018 0.0052572 0.00505766 0.0723164 0.0293201 0.0324511 0.061731 0.0303385 0.0390847 0.291405 
0.0329683 0.0673161 0.0218543 0.100936 0.0310434 0.0860713 0.0556778 0.0380063 0.030192 0.103372 0.0763412 0.102941 0.0360466 0.0760588 0.0373344 0.0293834 0.0744565 
0.0515394 0.0910935 0.0621035 0.0393354 0.048454 0.0425236 0.0125248 0.0583855 0.0182308 0.0507836 0.0669838 0.0460422 0.0908955 0.139846 0.0281833 0.118395 0.0346797 
0.0732474 0.252173 0.149672 0.0177055 0.0136213 0.0504671 0.0610331 0.0149603 0.0459755 0.0183429 0.0472343 0.111633 0.0206132 0.00773809 0.0148669 0.0775697 0.0231464 
0.0716728 0.0387417 0.0809376 0.0398224 0.0179022 0.0492792 0.120727 0.056835 0.0663526 0.0237308 0.0236383 0.046699 0.0591478 0.149868 0.0635362 0.0732009 0.0179093 
0.0796302 0.0447223 0.0204524 0.0666815 0.114752 0.0479752 0.0413571 0.185811 0.0578016 0.0267214 0.0230548 0.0671742 0.031005 0.030646 0.0291144 0.0885187 0.0445822 
0.0561793 0.063771 0.0651609 0.124026 0.0384826 0.095924 0.0326133 0.0294835 0.0393355 0.0724274 0.0792945 0.0509433 0.0669387 0.0242758 0.0296717 0.109284 0.0221887 
0.0266144 0.0225033 0.107841 0.00595448 0.00711265 0.0638258 0.0240418 0.0645027 0.116014 0.00898216 0.0254968 0.218159 0.00310084 0.00676723 0.00662651 0.115919 0.176539 
0.0412088 0.0902398 0.0671929 0.0365515 0.0648677 0.0138083 0.0211732 0.0441322 0.0462876 0.050911 0.160947 0.0880093 0.0675309 0.00851494 0.13815 0.0187751 0.0416993 
0.0659964 0.0393096 0.0925856 0.0597031 0.037015 0.0943953 0.0292848 0.170909 0.031378 0.0380336 0.0270036 0.0749902 0.0260976 0.0307263 0.0286911 0.100822 0.0530583 
0.109649 0.0546139 0.173067 0.051292 0.0117096 0.111441 0.0164256 0.0310016 0.0379869 0.0319294 0.0703155 0.0352423 0.0220873 0.0358509 0.0895513 0.0900654 0.0277713 
0.0760796 0.0701349 0.0328027 0.0655509 0.0462123 0.0477231 0.0668361 0.0499245 0.0296958 0.0648218 0.068142 0.0467219 0.0627711 0.0535205 0.103872 0.0785739 0.0366164 
0.101111 0.0566519 0.104238 0.0398237 0.0303302 0.0431098 0.0372193 0.0323877 0.0779622 0.0922854 0.0857398 0.0211131 0.0196681 0.111037 0.0425112 0.0326678 0.0721447 
0.226538 0.018722 0.00547517 0.0417213 0.00422047 0.0412647 0.0515646 0.0395877 0.0276383 0.0104296 0.0627412 0.0353967 0.245836 0.0355376 0.0741929 0.0494122 0.0297215 
0.0633503 0.0339556 0.124028 0.0635581 0.0534691 0.088975 0.0452861 0.0139468 0.0183746 0.0388541 0.0958185 0.121367 0.0435032 0.0787588 0.0205896 0.0711308 0.0250348 
0.0288679 0.00701662 0.282373 0.197722 0.0568597 0.042442 0.0405683 0.0125634 0.0111238 0.0316752 0.0127618 0.134986 0.0122004 0.0651951 0.00349321 0.0227176 0.0374339 
0.184051 0.0430733 0.110668 0.07099 0.0153028 0.0492694 0.055536 0.00336483 0.0273409 0.0613094 0.0697511 0.0825134 0.0600957 0.072704 0.0142551 0.0484686 0.0313067 
0.024103 0.0367425 0.0740201 0.0301651 0.182162 0.0266016 0.113517 0.0238169 0.0374959 0.00941251 0.0804001 0.048929 0.064556 0.085394 0.00172186 0.120498 0.0404642 
0.0559479 0.085252 0.12147 0.00987414 0.0111562 0.0288017 0.0628253 0.0625229 0.0243782 0.0665277 0.0142311 0.0391428 0.122165 0.188459 0.020477 0.0714989 0.0152704 
0.0889649 0.0288453 0.0416801 0.0640198 0.0194255 0.0386615 0.0475342 0.0332255 0.0754511 0.0463767 0.0661773 0.053165 0.0273882 0.105633 0.0286267 0.117217 0.117608 
0.0707348 0.0516485 0.0145879 0.0889591 0.0273563 0.0694545 0.0655718 0.0178718 0.0902078 0.0741932 0.0754979 0.0755975 0.0466169 0.0359322 0.0833276 0.069983 0.0424591 
0.0348046 0.281066 0.0216828 0.0322818 0.00903609 0.0275642 0.127794 0.0665448 0.0276763 0.0480753 0.0596061 0.0498868 0.0862461 0.038099 0.0420937 0.0304282 0.0171136 
0.0184271 0.0212902 0.0331919 0.0314639 0.0205635 0.0427483 0.0256541 0.0128444 0.0133333 0.0260185 0.018381 0.00996618 0.242782 0.183242 0.0181289 0.112919 0.169046 
0.10169 0.0646361 0.145174 0.0183935 0.0174055 0.0216555 0.0547831 0.070421 0.0114849 0.0543869 0.10698 0.156583 0.0570579 0.0261176 0.0373954 0.0316296 0.0242057 
0.0780468 0.0636606 0.0315091 0.0495945 0.0335188 0.106891 0.0679542 0.0804703 0.0526564 0.0202233 0.0897705 0.0197692 0.0634497 0.0761227 0.0423631 0.0412554 0.0827444 
0.105032 0.0520368 0.0939842 0.0349146 0.021677 0.0487111 0.0420415 0.0394014 0.0528897 0.0629482 0.0895509 0.0664127 0.0582097 0.0624981 0.0423102 0.0757072 0.0516741 
0.0368843 0.144022 0.0174771 0.161893 0.0274831 0.0380359 0.0796757 0.119462 0.0246717 0.0509134 0.0501532 0.030649 0.0912482 0.0272562 0.046739 0.0292439 0.0241916 
0.0716194 0.07482 0.060027 0.0587979 0.0327814 0.0305528 0.115743 0.029876 0.0424287 0.101573 0.0552636 0.0716604 0.0607634 0.0623457 0.0489829 0.0569942 0.0257709 
0.0320535 0.0875626 0.0254236 0.145328 0.00974884 0.0159891 0.054909 0.0724278 0.0254326 0.0474586 0.0245021 0.049877 0.0146601 0.270988 0.0401057 0.0442529 0.0392798 
0.0663286 0.0492654 0.0513623 0.0340332 0.0748539 0.0602395 0.0597735 0.0525966 0.0938523 0.0926471 0.0311425 0.0516244 0.0458239 0.0791094 0.0305095 0.0566421 0.0701959 
0.13597 0.0591952 0.0535101 0.0696448 0.0457348 0.073802 0.018563 0.0234999 0.0410353 0.0460783 0.12791 0.0763426 0.0155815 0.0265187 0.0376935 0.0391489 0.109772 
0.0325179 0.123393 0.0843448 0.038994 0.0411271 0.0468428 0.0649525 0.030632 0.027035 0.0322919 0.0470958 0.243033 0.0296333 0.032585 0.0302546 0.0613074 0.03396 
0.0377492 0.0486617 0.0511655 0.0324484 0.0620965 0.0350294 0.0396683 0.056782 0.056751 0.0625395 0.0453976 0.122217 0.0770643 0.0521994 0.114807 0.066066 0.0393572 
0.0476853 0.0492899 0.042803 0.057649 0.0672084 0.049737 0.0875752 0.0513372 0.0699845 0.037764 0.0460507 0.0521951 0.0332715 0.0827148 0.0796435 0.0890075 0.0560832 
0.103814 0.0692191 0.0838798 0.0105707 0.0160568 0.0976749 0.0356426 0.0158756 0.0476235 0.0162311 0.0682042 0.217077 0.0723796 0.0194249 0.0195749 0.0652307 0.0415206 
0.0633581 0.019263 0.207141 0.0307235 0.0329789 0.0445605 0.166486 0.0315413 0.0426716 0.0322468 0.0385528 0.0858097 0.0230218 0.0648791 0.0393641 0.0356995 0.0417028 
0.109689 0.0608809 0.092725 0.0269996 0.0450678 0.0345862 0.030085 0.0883627 0.0835025 0.102894 0.0438668 0.0456445 0.0275656 0.0216293 0.0418559 0.0961425 0.0485034 
0.136178 0.0440693 0.0467363 0.0345976 0.0248515 0.152938 0.0835316 0.0568444 0.0967597 0.0270469 0.0684712 0.0580603 0.0326759 0.0438214 0.0461747 0.0357123 0.011531 
0.188799 0.146148 0.0223203 0.049005 0.0298398 0.0247625 0.0913537 0.0393478 0.0245199 0.0414871 0.0115224 0.0413335 0.0515254 0.153182 0.0614979 0.0107588 0.0125977 
0.0611653 0.0195934 0.0746779 0.0299856 0.0254936 0.128691 0.0236379 0.0200492 0.0397119 0.00868108 0.0506149 0.202309 0.0295594 0.0882833 0.0026277 0.154048 0.0408716 
0.033513 0.125837 0.107417 0.089903 0.0571106 0.0381227 0.0158638 0.0177909 0.0548245 0.0352497 0.0429331 0.0241917 0.0370262 0.0911976 0.0319746 0.080622 0.116422 
0.0597925 0.114919 0.0516968 0.0516407 0.0314337 0.0617905 0.0453998 0.0598172 0.0467203 0.0746575 0.051983 0.127729 0.0245502 0.02635 0.0465883 0.0568339 0.0680985 
0.00637718 0.0702014 0.00636882 0.00637558 0.100292 0.00637371 0.00633116 0.294483 0.00638825 0.0381388 0.197195 0.133798 0.00636664 0.0063584 0.0384794 0.00638763 0.0700848 
0.0977708 0.0276021 0.0338311 0.0368331 0.0474743 0.0903291 0.0217056 0.0300702 0.0515869 0.0358266 0.265382 0.0640402 0.0168191 0.0226078 0.0842024 0.0398743 0.0340442 
0.057658 0.0238692 0.13414 0.0204749 0.00669738 0.0441423 0.123415 0.0199367 0.00873717 0.0574725 0.0085506 0.0180651 0.0452218 0.251575 0.0182694 0.0631074 0.0986672 
0.0331791 0.0472507 0.11583 0.161276 0.0144126 0.0153727 0.0293129 0.121612 0.0156242 0.027973 0.02806 0.112409 0.0409113 0.0190183 0.151612 0.030035 0.0361112 
0.0558709 0.0460232 0.0485606 0.0770767 0.0524449 0.0692299 0.0577177 0.0509463 0.115616 0.0386859 0.052381 0.0465905 0.0674961 0.0421185 0.0431446 0.0637033 0.0723939 
0.0190838 0.0294403 0.0407151 0.0744286 0.00769763 0.135392 0.050768 0.0379016 0.148419 0.0760348 0.0374632 0.0706326 0.0253309 0.09024 0.0404218 0.0353598 0.0806709 
0.0930562 0.171518 0.053633 0.104661 0.0181954 0.0468953 0.0505224 0.0453501 0.0738161 0.0542459 0.0480992 0.0398505 0.0155887 0.0263502 0.0335763 0.0874145 0.037228 
0.0351566 0.0376628 0.082548 0.115904 0.00814408 0.0824745 0.0232192 0.0692298 0.0563754 0.0187639 0.0311658 0.140066 0.0963373 0.048643 0.0467641 0.0362503 0.0712952 
0.0648235 0.0360783 0.0410275 0.0819275 0.0397384 0.0727636 0.0172307 0.0460078 0.05373 0.0293029 0.0681308 0.041025 0.161141 0.0170424 0.0354082 0.0446652 0.149957 
0.0293816 0.0542737 0.0236334 0.103012 0.0228107 0.0498348 0.223732 0.0799201 0.0877717 0.0321209 0.0358431 0.0273039 0.0215563 0.0417856 0.0455349 0.0693883 0.0520976 
0.0452346 0.0468678 0.0330149 0.0452791 0.0462147 0.0814448 0.0494158 0.126275 0.0388813 0.0321341 0.0473515 0.0633405 0.016936 0.0897957 0.0870223 0.114303 0.036489 
0.0369898 0.10109 0.0264236 0.0324124 0.0783741 0.0191079 0.0806488 0.0959851 0.0353672 0.0422778 0.0854331 0.0206669 0.15291 0.0212031 0.0436826 0.053879 0.0735489 
0.0877005 0.0411284 0.0199019 0.038843 0.0515172 0.0260968 0.0680769 0.0339308 0.0306816 0.131955 0.108411 0.0977664 0.0790284 0.0323916 0.0466064 0.0486904 0.0572739 
0.00248318 0.00562203 0.354274 0.00876168 0.0398291 0.0919791 0.0143873 0.00376217 0.33945 0.00287488 0.00618508 0.0522224 0.00419296 0.0170732 0.00697273 0.0469338 0.00299635 
0.0250371 0.0458789 0.142276 0.0565319 0.0204665 0.0331516 0.0384117 0.117724 0.0410847 0.0360312 0.0468005 0.0869286 0.0157487 0.0554264 0.0129681 0.0767204 0.148814 
0.0569274 0.0385307 0.0381153 0.174674 0.0433467 0.0982322 0.0506443 0.0255103 0.0513932 0.0360528 0.0494429 0.0720355 0.0382525 0.0496331 0.0183595 0.130054 0.0287961 
0.0368001 0.0825394 0.0488013 0.0415067 0.0215293 0.0415113 0.0542289 0.080994 0.0939199 0.111593 0.0447765 0.0514628 0.0501301 0.0504456 0.0558299 0.0560335 0.0778976 
0.0453008 0.06835 0.0816812 0.0399937 0.0213502 0.0435806 0.0873335 0.135075 0.0453982 0.0514146 0.0574659 0.0661293 0.0307113 0.0390126 0.0483285 0.0369937 0.101881 
0.0452963 0.0524154 0.0238809 0.0464331 0.00577441 0.164995 0.0210008 0.0629381 0.0872078 0.0745905 0.111259 0.0603575 0.036814 0.00608729 0.0776363 0.0355185 0.0877953 
0.0625344 0.0178407 0.0653345 0.0269835 0.0374292 0.121547 0.0245495 0.04955 0.152346 0.0262394 0.0382278 0.0884005 0.0105312 0.0480614 0.147005 0.0320945 0.0513253 
0.0947184 0.104557 0.0616432 0.00465644 0.16482 0.0568812 0.0290749 0.106215 0.0559275 0.0322072 0.017001 0.00487638 0.0679884 0.0210708 0.0217335 0.0283686 0.12826 
0.0723511 0.0784621 0.0472691 0.0041096 0.165574 0.0708334 0.0238552 0.168768 0.0439674 0.0260296 0.0140952 0.00431341 0.0525553 0.0896059 0.0179453 0.0230256 0.097239 
0.0377994 0.0435486 0.101128 0.0966596 0.0574264 0.0669352 0.0831237 0.0797564 0.0277443 0.0380073 0.0845637 0.0401782 0.0441207 0.03239 0.0254538 0.0412705 0.0998946 
0.0502474 0.015022 0.116069 0.0396946 0.0285518 0.0759015 0.076838 0.024813 0.0447343 0.0871048 0.0120716 0.0819102 0.0249089 0.20415 0.0283037 0.0545877 0.0350918 
