0.0391268 0.0398361 0.0324835 0.0720729 0.00399606 0.027803 0.0158809 0.0259844 0.0459863 0.0609373 0.140223 0.0184989 0.157418 0.0962708 0.051732 0.0896467 0.00640984 0.0756933 
0.0615834 0.0267726 0.0293144 0.0375312 0.0387474 0.0454166 0.0408018 0.0323769 0.0592215 0.0248078 0.0754021 0.109995 0.0542604 0.165698 0.0466785 0.0411598 0.0582211 0.0520111 
0.0611377 0.023393 0.0731538 0.0679836 0.0202255 0.0451205 0.0110586 0.0217079 0.0580292 0.0184883 0.152812 0.139045 0.0619452 0.0215554 0.10885 0.0450583 0.0164254 0.0540108 
0.0397481 0.0618711 0.0264606 0.0758511 0.0505962 0.0455679 0.0375052 0.0320117 0.0825898 0.077264 0.021591 0.0130522 0.0292154 0.11174 0.139245 0.0699901 0.0147196 0.0709806 
0.0958344 0.0259133 0.0386169 0.0279664 0.0227674 0.0412285 0.0426466 0.0261449 0.0688132 0.0368909 0.170419 0.0135571 0.0495928 0.0676546 0.0842101 0.105376 0.0379463 0.0444219 
0.0622934 0.100538 0.0571021 0.114102 0.0189138 0.120818 0.0543596 0.0351318 0.0147109 0.159178 0.0563868 0.0413582 0.0169665 0.017916 0.0342237 0.0527626 0.0168095 0.0264294 
0.032603 0.0868973 0.0747524 0.0985021 0.0134344 0.123717 0.0431164 0.0411286 0.0420034 0.0893148 0.0905173 0.0278335 0.0154406 0.0199176 0.0462737 0.084882 0.0146106 0.0550553 
0.134871 0.0162731 0.0374854 0.0270486 0.0281481 0.0706328 0.0174359 0.0581868 0.0269534 0.0285797 0.183477 0.0309133 0.0609019 0.0365137 0.113225 0.0783123 0.0127495 0.038292 
0.042635 0.0262658 0.0344069 0.0262551 0.00814432 0.046076 0.021662 0.0273637 0.0253687 0.0525787 0.149154 0.105289 0.0646373 0.0224511 0.102179 0.0423789 0.0227677 0.180387 
0.0819702 0.0392202 0.0362958 0.0460887 0.0135594 0.0543906 0.0469674 0.0232404 0.0748497 0.0483013 0.149656 0.0191875 0.0566559 0.0974905 0.0786189 0.0524381 0.0144099 0.066659 
0.00733982 0.00822553 0.00753126 0.00741396 0.00911046 0.00808432 0.0073109 0.00725023 0.00742124 0.00752237 0.459041 0.419049 0.00703656 0.00747663 0.00761987 0.00727657 0.00812292 0.00716754 
0.154276 0.0320262 0.0853581 0.0557589 0.0219171 0.036074 0.0643584 0.0729246 0.0219799 0.0342727 0.0607858 0.0684971 0.0932651 0.0231072 0.0517671 0.0428104 0.0122559 0.0685657 
0.0650839 0.0216426 0.0376554 0.0343573 0.00688825 0.0179592 0.00642871 0.0291563 0.0233406 0.0955185 0.130509 0.173214 0.101013 0.0169814 0.108118 0.0837991 0.0176854 0.0306496 
0.034778 0.0475038 0.0797214 0.0442588 0.0565775 0.211292 0.0747526 0.0266427 0.0273915 0.0172379 0.0261664 0.0655243 0.119414 0.0503565 0.0370063 0.0347074 0.0220478 0.0246213 
0.0659958 0.0202726 0.0296887 0.00864858 0.050373 0.00143231 0.000853482 0.27274 0.0717529 0.0377515 0.0758908 0.0703259 0.11006 0.0197201 0.031995 0.00538636 0.0696499 0.0574637 
0.0266799 0.0453036 0.0520416 0.214766 0.006988 0.0600024 0.0215587 0.0908815 0.0206305 0.00762154 0.0539461 0.0603225 0.109053 0.0369722 0.075542 0.0341099 0.012516 0.071064 
0.0513501 0.0329567 0.0486721 0.0643626 0.00231575 0.0240132 0.0216088 0.0230261 0.0204333 0.0406738 0.371466 0.00218333 0.0223121 0.00885079 0.00904778 0.189844 0.0120616 0.0548221 
0.0535644 0.0244026 0.046458 0.0993353 0.0485512 0.156575 0.019831 0.0813017 0.0484247 0.0244959 0.10095 0.0743532 0.0444889 0.0607431 0.0241625 0.0299457 0.0195165 0.042901 
0.0290843 0.0401574 0.0250205 0.0346795 0.281917 0.0234141 0.0130917 0.0201044 0.03139 0.0332483 0.0820309 0.0417608 0.129123 0.0525833 0.0745647 0.0326605 0.0142316 0.0409385 
0.0861859 0.0226305 0.0235004 0.0958962 0.00927847 0.0435981 0.0114765 0.0148788 0.0456209 0.0216583 0.232732 0.0104574 0.0944579 0.0058111 0.13027 0.0653025 0.0315078 0.0547376 
0.0117076 0.0134625 0.0235277 0.0825717 0.0344677 0.2076 0.0558411 0.0440567 0.13599 0.0468228 0.0246326 0.0811974 0.0543928 0.0154424 0.0715814 0.0381041 0.0184995 0.0401022 
0.113121 0.0682766 0.0457999 0.0313655 0.0215034 0.0794519 0.0293382 0.0367684 0.0390239 0.0186456 0.0716841 0.0480489 0.0364025 0.0665233 0.134859 0.0516029 0.0368634 0.0707211 
0.093021 0.0684218 0.0307342 0.0294096 0.0215862 0.0529805 0.0858582 0.0444793 0.0359497 0.150886 0.128239 0.0415468 0.0441049 0.0412692 0.0430035 0.0275965 0.0166295 0.0442845 
0.0327047 0.0311088 0.0881506 0.0797716 0.0338851 0.0591506 0.0159976 0.0228447 0.0427282 0.0532396 0.174838 0.0588445 0.0664932 0.0220139 0.0626123 0.11358 0.0157505 0.0262851 
0.112622 0.074413 0.0201398 0.0491461 0.0183216 0.0220551 0.0147417 0.0101522 0.0202663 0.0540885 0.109595 0.0603922 0.0380809 0.136732 0.132533 0.0331962 0.0331772 0.060346 
0.0553026 0.0555906 0.019929 0.0643022 0.0229209 0.10036 0.026759 0.046803 0.0432396 0.0248925 0.0471728 0.0539541 0.0958289 0.0121518 0.0553863 0.101452 0.0304455 0.143509 
0.189718 0.0337428 0.0395199 0.0452029 0.019176 0.113434 0.0260817 0.0167779 0.0332619 0.0754789 0.103457 0.0495875 0.060562 0.0635738 0.0304972 0.0449298 0.016147 0.0388514 
0.073736 0.00959018 0.042299 0.0735486 0.0193673 0.0985901 0.0363967 0.0330356 0.0778144 0.0447791 0.232786 0.019355 0.0420786 0.0308497 0.0453684 0.0631955 0.0148112 0.0423987 
0.11242 0.0474368 0.104494 0.0755589 0.00857364 0.0349883 0.0115088 0.0200002 0.0965926 0.00770376 0.0801538 0.00395426 0.0339253 0.00975608 0.067974 0.104495 0.00638727 0.174077 
0.0473154 0.0146426 0.0258761 0.19674 0.118372 0.0212771 0.00619175 0.0433648 0.0405076 0.0484872 0.0511073 0.0675429 0.0752597 0.0112506 0.0389484 0.026919 0.0563049 0.109893 
0.0576599 0.0360287 0.0220977 0.0408643 0.0218609 0.0512702 0.031161 0.0538107 0.0317058 0.0327054 0.275802 0.0818446 0.0637192 0.0252131 0.0773494 0.0531376 0.00479933 0.0389696 
0.0222047 0.0456535 0.0967436 0.090793 0.0131285 0.0729171 0.0267711 0.0350126 0.20184 0.0364808 0.0450007 0.0475229 0.0429833 0.0389466 0.0174307 0.0629148 0.031585 0.0720708 
0.0414902 0.0419793 0.0664587 0.0275697 0.0309119 0.0260534 0.0120521 0.0464333 0.0706087 0.0501336 0.187497 0.0460669 0.0683848 0.0291882 0.0813637 0.0687883 0.0236079 0.081412 
0.081082 0.0876571 0.0571758 0.173597 0.026546 0.0308179 0.011907 0.0449572 0.0308714 0.015016 0.0463188 0.0157165 0.071269 0.0910431 0.0588551 0.0533513 0.0696365 0.0341826 
0.046878 0.0598246 0.0256823 0.0433064 0.098331 0.0776499 0.0319527 0.013927 0.019048 0.16792 0.209296 0.00631351 0.0149645 0.0633809 0.0831882 0.0161634 0.00814606 0.0140267 
0.0710408 0.146383 0.0322668 0.0262327 0.0160046 0.0169903 0.00807056 0.0358015 0.0363318 0.0519563 0.0120798 0.0122377 0.13614 0.0552281 0.0045138 0.0980228 0.23443 0.00626991 
0.0614147 0.0533869 0.0270423 0.092259 0.0097343 0.101646 0.0327208 0.0432715 0.025648 0.0697962 0.115709 0.0443874 0.0609486 0.0558724 0.0910519 0.0212938 0.0185814 0.075236 
0.012688 0.528818 0.115311 0.00366178 0.0269981 0.0106477 0.00361089 0.0155173 0.168607 0.00061922 0.00795515 0.0344949 0.038229 0.000615455 0.000627246 0.00359391 0.0274149 0.000590012 
0.0682301 0.0170899 0.107733 0.0473706 0.01575 0.113698 0.0318357 0.0227447 0.0350575 0.013728 0.126722 0.0982858 0.034318 0.0613441 0.0903555 0.0540734 0.0258743 0.0357891 
0.121233 0.0690144 0.0544437 0.0258975 0.0142699 0.0409607 0.0186221 0.0339289 0.0141371 0.0498996 0.0745465 0.151349 0.0272819 0.0439671 0.138826 0.0643634 0.0228224 0.0344364 
0.0316041 0.0497223 0.0427037 0.0639462 0.0558812 0.0439124 0.065795 0.0343102 0.0680002 0.0774977 0.0592954 0.0301516 0.0230832 0.0493632 0.0401084 0.117013 0.0796123 0.0679999 
0.0270477 0.322479 0.0375806 0.0216986 0.0177467 0.0290536 0.087727 0.0335952 0.0287031 0.0362293 0.0219134 0.0224034 0.0439908 0.0314618 0.0330548 0.0367015 0.0948446 0.0737688 
0.0670627 0.0311054 0.0337654 0.187617 0.0292547 0.0455597 0.0516739 0.017118 0.0532701 0.0362744 0.106911 0.0654703 0.0392033 0.0592841 0.0780137 0.0302084 0.0161295 0.0520784 
0.0670627 0.0311054 0.0337654 0.187617 0.0292547 0.0455597 0.0516739 0.017118 0.0532701 0.0362744 0.106911 0.0654703 0.0392033 0.0592841 0.0780137 0.0302084 0.0161295 0.0520784 
0.110512 0.0332175 0.0207157 0.100791 0.0260419 0.063993 0.0294098 0.0233737 0.0212023 0.0373582 0.133586 0.0570996 0.112089 0.0526548 0.097633 0.0261876 0.00880839 0.045327 
0.0279682 0.0399883 0.123378 0.0970665 0.0098777 0.0236534 0.0399687 0.0346695 0.0386195 0.0718007 0.044206 0.171941 0.0309923 0.0132814 0.036325 0.0343579 0.024658 0.137248 
0.121297 0.0282982 0.0709574 0.0950775 0.0286091 0.0494423 0.0173023 0.0823815 0.0380751 0.0226712 0.0470972 0.0221889 0.15928 0.0289918 0.0657222 0.0287621 0.0120365 0.0818096 
0.00177063 0.000139919 0.00263206 0.0680558 0.00121159 0.00101262 0.0380543 0.00264596 0.0240539 0.0033269 0.763759 0.000821588 0.0703582 0.00550342 0.000424199 0.00108023 0.00327847 0.0118708 
0.025499 0.0721428 0.0100727 0.0337312 0.0101688 0.0672322 0.0341114 0.037419 0.0278907 0.0404439 0.110595 0.241417 0.0341227 0.0184896 0.0451602 0.0306066 0.0086226 0.152274 
0.16465 0.0887948 0.117946 0.0127725 0.0418285 0.0294995 0.0288649 0.00461638 0.0124392 0.0186614 0.303123 0.0437038 0.048614 0.0150622 0.00565945 0.0107146 0.0423466 0.0107034 
0.0427569 0.0504884 0.133706 0.0967646 0.0113945 0.0766749 0.0239503 0.0120205 0.0522176 0.0168191 0.113234 0.0865977 0.0968401 0.0130042 0.0587697 0.0611307 0.0365184 0.0171118 
0.10366 0.0703667 0.0537437 0.152588 0.00432447 0.0285252 0.0156772 0.0278948 0.0317378 0.0174021 0.0869568 0.112217 0.0469999 0.00728119 0.0634924 0.0866494 0.0423585 0.048125 
0.0535342 0.0551617 0.0268122 0.030256 0.0233773 0.0962268 0.0308786 0.0385961 0.0569554 0.0683323 0.0730095 0.0721168 0.0918788 0.11333 0.0634485 0.0526999 0.0280308 0.0253556 
0.155009 0.0814977 0.0400901 0.0209671 0.0327274 0.00699085 0.0147451 0.0348255 0.0986873 0.0731717 0.17352 0.0227198 0.0272744 0.00992423 0.0958869 0.0224701 0.0120951 0.0773981 
0.0162929 0.0427366 0.114966 0.0141325 0.00978752 0.0143781 0.137784 0.101046 0.044486 0.107617 0.0354851 0.0217989 0.0229213 0.0642206 0.0396159 0.0510506 0.132103 0.0295779 
0.160478 0.0191158 0.0330749 0.109933 0.0424308 0.0221238 0.0274033 0.0120242 0.0396629 0.0328021 0.0162775 0.0848816 0.0169208 0.196053 0.00374473 0.0552113 0.0752391 0.0526227 
0.0343601 0.107063 0.0663843 0.0360609 0.0111056 0.0082082 0.114953 0.0528903 0.0585222 0.0252377 0.0270758 0.0134564 0.011664 0.114039 0.040196 0.12209 0.124136 0.0325568 
0.00382843 0.133332 0.0414659 0.0337247 0.0228666 0.0411933 0.0538458 0.196134 0.0111868 0.00481168 0.00629255 0.0206807 0.00523142 0.335067 0.00399487 0.0257544 0.0553293 0.00526057 
0.0105336 0.0155983 0.0178586 0.0313081 0.0608838 0.0588399 0.0409999 0.118735 0.307026 0.0139994 0.0233258 0.0602098 0.0312403 0.0383269 0.0279574 0.0530333 0.0110327 0.0790907 
0.0954786 0.0208536 0.0210572 0.0156317 0.122842 0.0190409 0.0918794 0.0274309 0.113102 0.176017 0.0222878 0.0276004 0.028892 0.0183244 0.0475978 0.0677686 0.0151893 0.0690059 
0.0106344 0.0118031 0.0262753 0.0581458 0.0430161 0.112322 0.0455727 0.085092 0.191204 0.0126416 0.0295436 0.0899545 0.0129886 0.0873229 0.0198526 0.0771106 0.00928149 0.0772389 
0.0628651 0.0465207 0.0424028 0.0529869 0.0429861 0.0793406 0.0022132 0.0279033 0.100791 0.00951249 0.0388534 0.049542 0.0581354 0.00836668 0.0900584 0.00737733 0.0447988 0.235345 
0.00635259 0.139264 0.161763 0.0496428 0.0203315 0.0861064 0.134751 0.0473864 0.00412673 0.0572451 0.0251657 0.0325198 0.147414 0.0130638 0.00879853 0.00389532 0.00734863 0.0548253 
0.0992938 0.0152116 0.0831523 0.0176432 0.058126 0.012032 0.0857203 0.229691 0.0190309 0.0187231 0.00760364 0.0674936 0.0258327 0.184267 0.0282868 0.0124649 0.0305655 0.00486176 
0.0957979 0.0641527 0.0758222 0.0422145 0.0449373 0.0174551 0.0379239 0.0583094 0.0133996 0.0867106 0.234247 0.0738099 0.0503111 0.00380859 0.0105502 0.0376484 0.0207931 0.0321086 
0.0555904 0.0428455 0.112353 0.142457 0.013573 0.00722937 0.020548 0.184124 0.011988 0.02498 0.00828443 0.0627797 0.100913 0.0256081 0.0133126 0.00625862 0.0737657 0.0933897 
0.046481 0.0807476 0.0925481 0.115717 0.0116551 0.00638226 0.0173533 0.14728 0.0103185 0.0210112 0.0203998 0.0698671 0.0931055 0.0715058 0.0161596 0.00553685 0.0989111 0.0750206 
0.0209524 0.0110514 0.448661 0.0030099 0.0127379 0.00401794 0.0180081 0.0453791 0.285993 0.000143795 0.0005553 0.00266332 0.0737937 0.0656482 4.16168e-05 0.00321907 0.0011165 0.00300773 
0.143078 0.047594 0.0246345 0.164004 0.00755673 0.0297864 0.0235263 0.0502031 0.0179352 0.00420291 0.105511 0.159924 0.0492707 0.0299101 0.0318845 0.0253551 0.0380852 0.0475389 
0.0173591 0.138413 0.131725 0.0522983 0.0304321 0.0393533 0.112241 0.0250792 0.0267119 0.00667706 0.0272466 0.0926936 0.098284 0.0728805 0.022969 0.00522318 0.0660393 0.0343743 
0.0343291 0.0447824 0.0054403 0.00912006 0.226965 0.00273063 0.0851468 0.242009 0.0381976 0.10681 0.0656218 0.00257466 0.0125698 0.00614371 0.00239781 0.0460114 0.0299591 0.0391909 
0.04863 0.032833 0.0307998 0.0389247 0.0752829 0.199026 0.0409909 0.0441391 0.0224959 0.0275754 0.0568121 0.0671346 0.020523 0.0785806 0.0371561 0.022168 0.0690655 0.0878622 
0.0518804 0.069188 0.0475177 0.0433608 0.0254585 0.0379603 0.0513203 0.0411677 0.0434529 0.0222384 0.186558 0.0543524 0.0637136 0.026795 0.11152 0.0576679 0.0286663 0.0371818 
0.0196549 0.0401556 0.14972 0.0859477 0.04747 0.0453026 0.0481107 0.192338 0.00347556 0.0325488 0.0353197 0.0179096 0.00393101 0.113923 0.00758098 0.0811596 0.0525436 0.0229089 
0.0752231 0.0399241 0.0445575 0.0582252 0.0211734 0.0412213 0.022533 0.041681 0.120311 0.0789707 0.0601303 0.017882 0.012038 0.0207332 0.0090177 0.0985884 0.188354 0.049436 
0.0417965 0.0310081 0.0646911 0.0565251 0.0264667 0.0646738 0.0497052 0.153154 0.0244908 0.130493 0.0598044 0.00955264 0.0346167 0.0304818 0.0452966 0.0824803 0.0492667 0.0454957 
0.0598421 0.140979 0.0104729 0.0244629 0.0116516 0.0586634 0.0772201 0.0407271 0.0568423 0.0491657 0.142548 0.00567787 0.0300043 0.0522393 0.0492909 0.0683496 0.10664 0.0152231 
0.0355508 0.0922531 0.0357698 0.0572005 0.0305039 0.0603047 0.0441206 0.0970401 0.0313604 0.0398483 0.0765067 0.0520717 0.0627445 0.0714418 0.0504882 0.0838107 0.0426953 0.0362888 
0.0778651 0.0473046 0.05203 0.0616883 0.0122948 0.0372047 0.0118923 0.0122647 0.0166653 0.0236334 0.0660895 0.211751 0.0744789 0.0393332 0.0803311 0.10056 0.0442726 0.0303397 
0.0301388 0.0190839 0.0538392 0.045449 0.0307065 0.112739 0.0427524 0.104721 0.065488 0.0355952 0.116576 0.0817771 0.0847851 0.022082 0.054533 0.0546144 0.0188319 0.0262877 
0.0954442 0.0497934 0.0797992 0.051297 0.00691868 0.0488029 0.0900348 0.0326282 0.0218924 0.0300577 0.0665142 0.033076 0.0383658 0.0639053 0.061947 0.121184 0.0871994 0.0211401 
0.0451241 0.0538359 0.030054 0.0396467 0.0870975 0.0745232 0.0229773 0.0920962 0.081257 0.0524561 0.0764157 0.0436092 0.0565178 0.0335619 0.0320823 0.0303025 0.0199314 0.128511 
0.167094 0.0471481 0.0806505 0.0662005 0.0126314 0.0262499 0.0373597 0.0280011 0.0558647 0.0485981 0.116076 0.040905 0.0236586 0.0359946 0.0611392 0.0588864 0.0642324 0.0293103 
0.0367644 0.0220901 0.0232701 0.196445 0.0413159 0.00780975 0.0412555 0.364898 0.00603505 0.0304227 0.00752734 0.0256847 0.0136617 0.0232684 0.0106508 0.00869425 0.0464799 0.0937268 
0.0302246 0.0127797 0.0130219 0.160898 0.0483165 0.00692871 0.054591 0.407816 0.00705894 0.0487206 0.00988126 0.0167621 0.0140833 0.0233526 0.00533115 0.00742868 0.0294573 0.103347 
0.0458228 0.0279525 0.0169748 0.0956316 0.0534414 0.21292 0.0213931 0.029169 0.020578 0.0505673 0.0342066 0.0594737 0.0434241 0.039227 0.143094 0.0268027 0.0303063 0.0490147 
0.0963767 0.055234 0.0658177 0.0197862 0.034321 0.0370433 0.131396 0.0440092 0.0288303 0.0298316 0.0429627 0.0792601 0.0592753 0.101581 0.0199289 0.0300055 0.0560466 0.0682935 
0.0307762 0.26903 0.0285578 0.0854943 0.0676156 0.0168737 0.0342574 0.0257297 0.0334816 0.0130838 0.0240479 0.0829105 0.0173711 0.0171478 0.102287 0.0343469 0.0624422 0.0545465 
0.0263308 0.0923455 0.0313841 0.116305 0.0244573 0.0159151 0.0656009 0.0604052 0.0932244 0.0160252 0.186301 0.00914258 0.027913 0.0853314 0.003471 0.0275878 0.0550692 0.0631901 
0.0766949 0.0617852 0.0202732 0.0129553 0.00664999 0.087561 0.00270624 0.154691 0.101344 0.00624085 0.0121557 0.0343326 0.00578468 0.0381061 0.0861596 0.0662984 0.109489 0.116772 
0.0719529 0.0127355 0.0701033 0.000948213 0.631225 0.0190155 0.00067153 0.0162657 0.00107883 0.000957971 0.00276474 0.0172538 0.000692442 0.141737 0.0104454 0.000906798 0.000728373 0.000517454 
0.0124358 0.102117 0.0788525 0.0809106 0.027261 0.0497756 0.123307 0.108351 0.0343605 0.0113968 0.0199308 0.0272448 0.0467846 0.0525284 0.0478217 0.0470401 0.0588511 0.07103 
0.0541951 0.060735 0.0556087 0.0547425 0.067269 0.0596923 0.0539816 0.0535337 0.0547963 0.055543 0.0445976 0.0552526 0.051956 0.0552053 0.0562629 0.0537281 0.0599773 0.0529231 
0.113827 0.0247079 0.039007 0.0317341 0.0116565 0.0465225 0.0376864 0.0474945 0.106521 0.0318749 0.0848225 0.01223 0.0408221 0.0638109 0.15813 0.0375422 0.0729864 0.0386241 
0.0521026 0.0179267 0.0209015 0.0197234 0.0147739 0.0222743 0.0346543 0.0425594 0.089651 0.182489 0.10075 0.138004 0.0358962 0.0306072 0.0920959 0.014188 0.0346776 0.0567247 
0.0468918 0.0752165 0.0473392 0.0469528 0.0470674 0.0592358 0.0226864 0.146335 0.0408023 0.0234562 0.0748134 0.0315934 0.0503934 0.0202873 0.0858327 0.0876756 0.0657466 0.0276745 
0.0415063 0.049516 0.0671734 0.0497465 0.0182082 0.0595068 0.024767 0.031979 0.0486185 0.0430639 0.0573179 0.153716 0.0818347 0.0508675 0.045461 0.0747648 0.0190862 0.0828658 
0.0474323 0.0116031 0.0516156 0.0233063 0.0651556 0.0118558 0.0678185 0.288153 0.0288277 0.00420595 0.0239014 0.0388861 0.00426644 0.19335 0.00940045 0.00586599 0.011258 0.113098 
0.0424305 0.0179563 0.0141631 0.0490014 0.141476 0.0102459 0.058119 0.0149674 0.0712628 0.0392104 0.102331 0.0128148 0.100122 0.129622 0.0428957 0.0269516 0.0668022 0.0596281 
0.0443404 0.0768588 0.0939545 0.0124422 0.0188158 0.20442 0.127538 0.135337 0.0594792 0.0376518 0.0218598 0.0136628 0.0407466 0.0422369 0.0196598 0.0217573 0.0121108 0.017128 
0.0359819 0.0723111 0.0428942 0.0467703 0.0260471 0.141139 0.0211537 0.0170205 0.0365705 0.0862191 0.0556331 0.0517163 0.035186 0.00735839 0.229667 0.0537821 0.0145167 0.0260321 
0.0613894 0.0202163 0.0972436 0.0751154 0.0725178 0.0219456 0.151018 0.0515535 0.0986054 0.0581813 0.0674178 0.0134923 0.0438703 0.0196407 0.0585976 0.0396372 0.021277 0.0282803 
0.0358385 0.037824 0.0501008 0.0401701 0.0489105 0.0188142 0.0540265 0.112272 0.0706748 0.020248 0.0755549 0.0545733 0.0636293 0.0341947 0.112082 0.034449 0.0716824 0.0649548 
0.00496755 0.0426801 0.0348302 0.0510134 0.0369954 0.142256 0.0709208 0.103045 0.0678055 0.000848513 0.000681304 0.224524 0.0285737 0.0177104 0.0610252 0.0295483 0.000916255 0.0816575 
0.0122319 0.0151717 0.00931854 0.282901 0.00392916 0.0134725 0.00843367 0.00821186 0.0159411 0.0082839 0.0713958 0.00448061 0.0999693 0.00909445 0.0184416 0.0209623 0.00826497 0.389495 
0.0394798 0.0143614 0.0120052 0.0436145 0.00649129 0.0348971 0.0127556 0.0215258 0.00707945 0.0166697 0.0671001 0.202611 0.0402936 0.00966738 0.259284 0.117342 0.0293163 0.065506 
0.0290463 0.00759037 0.0248366 0.0168691 0.0417935 0.0130852 0.0917083 0.267692 0.00578018 0.0562875 0.00623544 0.0119222 0.0454738 0.195103 0.0890389 0.0349112 0.0490641 0.013562 
0.0273085 0.113219 0.0255809 0.0712655 0.0192384 0.0104296 0.0292757 0.01884 0.0354597 0.128191 0.0231195 0.170777 0.0402933 0.0893943 0.120023 0.0190822 0.0182404 0.0402618 
0.0770636 0.0494066 0.131078 0.0450927 0.0237764 0.0680261 0.0677754 0.0453772 0.0808773 0.0361063 0.0816371 0.039822 0.0415795 0.0411819 0.0327021 0.0682849 0.0387342 0.0314782 
0.0933316 0.0223553 0.0453659 0.0381716 0.0136824 0.0224418 0.0274218 0.0570946 0.152211 0.0939961 0.063075 0.0409167 0.0502317 0.0502261 0.0574533 0.0243404 0.103628 0.0440566 
0.0421791 0.0456098 0.0635664 0.0364682 0.0300995 0.0278834 0.167013 0.133736 0.0434829 0.00961677 0.0246082 0.0543666 0.0401643 0.103427 0.056943 0.0441169 0.0602654 0.0164528 
0.0424744 0.0267901 0.0306873 0.04218 0.0296722 0.0607682 0.0214539 0.00755042 0.0545473 0.0424321 0.440166 0.0143984 0.0237001 0.0470072 0.0411586 0.0393043 0.0227165 0.0129932 
0.112943 0.0118344 0.051541 0.0588313 0.0117544 0.0339992 0.0464492 0.0671031 0.018374 0.0460345 0.0267833 0.0400339 0.0316871 0.106702 0.10506 0.057078 0.152721 0.0210707 
0.044819 0.182474 0.0289777 0.0385264 0.0462992 0.0480623 0.0105837 0.0221782 0.0298534 0.0849092 0.0851745 0.0321297 0.0668002 0.0267815 0.0648322 0.0782395 0.0442189 0.0651402 
0.016096 0.0699927 0.0434281 0.0375788 0.0275468 0.0195104 0.0638763 0.146073 0.112036 0.0317237 0.0557616 0.0159731 0.0827674 0.130594 0.0342378 0.0198462 0.0538557 0.0391027 
0.0126166 0.054947 0.109229 0.0770898 0.0192925 0.0342169 0.158384 0.0750646 0.070354 0.0445892 0.0264844 0.0423476 0.0430441 0.077096 0.0304176 0.0595666 0.0246267 0.0406331 
0.103374 0.0435011 0.085682 0.078726 0.0263622 0.0180073 0.0703077 0.0648719 0.0531294 0.0659378 0.0838519 0.0258271 0.0300772 0.0498847 0.0347064 0.053341 0.0377033 0.0747092 
0.0729151 0.123208 0.057551 0.0614948 0.0255109 0.0395135 0.0121682 0.102613 0.0467461 0.0347534 0.0736705 0.0407605 0.107846 0.0229883 0.0548435 0.0536355 0.0408654 0.0289163 
0.0149062 0.0251025 0.0852131 0.121282 0.0221896 0.00593936 0.0245383 0.0379676 0.071155 0.0566691 0.0372276 0.0190197 0.0637037 0.0623061 0.0907157 0.00740408 0.150217 0.104444 
0.0158061 0.0556742 0.0232365 0.066813 0.00827296 0.0468903 0.0217217 0.0635686 0.0496475 0.0763614 0.0316736 0.128564 0.0352516 0.0868803 0.0717267 0.118633 0.0572751 0.042004 
0.0878707 0.0293742 0.052372 0.0547953 0.0392565 0.0258091 0.0370521 0.0512534 0.0623633 0.066093 0.134188 0.0520599 0.0478744 0.0447596 0.0521798 0.0680063 0.0391633 0.0555287 
0.0176298 0.0144404 0.0445732 0.0121293 0.0405874 0.06198 0.032995 0.11634 0.172768 0.0678986 0.0255189 0.0749949 0.0336044 0.113249 0.0967297 0.020625 0.034026 0.0199103 
0.017094 0.0605979 0.137281 0.102461 0.0278064 0.0336192 0.0568351 0.0564013 0.118726 0.0158613 0.0492795 0.0400092 0.122156 0.0277589 0.0170601 0.0464453 0.018987 0.0516205 
0.0750129 0.0207976 0.138698 0.0450027 0.0401838 0.0179343 0.0692663 0.0221197 0.0400632 0.0299653 0.0695418 0.0444174 0.0777695 0.0359859 0.0440847 0.19874 0.0169731 0.0134436 
0.0202883 0.0523706 0.0584982 0.0542957 0.0567391 0.0404149 0.0794307 0.0115907 0.0174744 0.0219765 0.0165792 0.0172799 0.0697996 0.117653 0.0745715 0.173518 0.072925 0.0445943 
0.0623962 0.0477207 0.0537922 0.0268376 0.0248298 0.0759699 0.0797221 0.171364 0.0522103 0.056305 0.0127366 0.101818 0.0567436 0.0695205 0.0173387 0.0199966 0.0512344 0.0194629 
0.0423479 0.0594163 0.0494949 0.0725038 0.02498 0.0190729 0.0967851 0.204944 0.0791193 0.0197303 0.0259069 0.068269 0.057572 0.0182241 0.018264 0.0785018 0.022046 0.0428215 
0.000413807 0.101414 0.211499 0.0186611 0.00210564 0.0610874 0.30643 0.0769237 0.0690508 0.00348615 0.00627452 0.00235674 0.026454 0.0140436 0.0631993 0.0108374 0.00257793 0.0231843 
0.0393296 0.125062 0.0490961 0.037381 0.0509347 0.0311142 0.148036 0.124431 0.0449709 0.0228093 0.0300553 0.0538043 0.0710141 0.0112747 0.0157835 0.0414642 0.0169047 0.0865344 
0.0557268 0.078744 0.0693252 0.0598425 0.021511 0.0277923 0.0731338 0.189389 0.0883842 0.0266999 0.0175906 0.0733423 0.0927312 0.00989644 0.0209134 0.0428639 0.0122624 0.0398512 
0.0613068 0.0239996 0.138307 0.117066 0.0917324 0.0328376 0.0317874 0.0854454 0.104443 0.0197963 0.0418113 0.00684963 0.0789016 0.0538948 0.0462087 0.0149865 0.0399651 0.0106614 
0.0161395 0.0328829 0.0729741 0.0575506 0.0210947 0.104284 0.0514647 0.0727988 0.0300091 0.0624892 0.0487669 0.0827459 0.0268572 0.120023 0.0595128 0.0836174 0.0129497 0.0438402 
0.00690407 0.142536 0.0406715 0.0441466 0.0262635 0.0170516 0.0572922 0.0989001 0.0975829 0.00907491 0.120437 0.0106016 0.0732205 0.0890461 0.0395043 0.011702 0.0774913 0.0375738 
0.0439864 0.0430342 0.118321 0.0411216 0.102303 0.0394596 0.0322603 0.0910897 0.0912641 0.0270958 0.0553299 0.0295816 0.0340415 0.0915303 0.0186985 0.0468825 0.0287843 0.0652162 
0.0650288 0.0851069 0.118547 0.00456206 0.0239211 0.0869636 0.00392125 0.165467 0.0283643 0.076885 0.068921 0.0206967 0.0482294 0.0670524 0.0304858 0.00453422 0.0603802 0.0409326 
0.0119557 0.0365944 0.0430864 0.0287585 0.0205625 0.0870701 0.156789 0.198568 0.0443183 0.100209 0.00965461 0.0611074 0.059034 0.0604207 0.00787766 0.010901 0.0443558 0.0187367 
0.0631598 0.0392086 0.0293673 0.0547193 0.0460397 0.027024 0.0365506 0.0474187 0.116529 0.0393927 0.0310853 0.178067 0.0363756 0.0702983 0.0335693 0.0307292 0.0529822 0.0674839 
0.0125862 0.275753 0.0262735 0.163567 0.0445602 0.0213973 0.048723 0.0374362 0.0629856 0.0362047 0.0139272 0.0359966 0.0193066 0.0103041 0.0674399 0.0122135 0.0588962 0.0524294 
0.0495473 0.141246 0.0161192 0.0146097 0.0114028 0.00229314 0.0664452 0.136741 0.222091 0.00542543 0.0950755 0.0375057 0.0441709 0.0313045 0.0218309 0.0245473 0.0743178 0.0053274 
0.0138872 0.0192296 0.281093 0.0238819 0.0183167 0.0105546 0.126357 0.102055 0.0548798 0.0386035 0.0537715 0.00625079 0.0491825 0.038205 0.022673 0.028661 0.00949785 0.1029 
0.0459015 0.00940133 0.0917045 0.162035 0.0535391 0.0186124 0.0144306 0.0730466 0.0659059 0.0812408 0.0870843 0.0324013 0.0378727 0.0402406 0.0487124 0.0961834 0.00908723 0.0326 
0.0241886 0.0154236 0.0419304 0.0128654 0.0246657 0.0760988 0.0884918 0.0826434 0.141625 0.0270011 0.0126318 0.0717766 0.0251975 0.186475 0.0489623 0.0425118 0.0604186 0.0170924 
0.0787741 0.0530041 0.152607 0.0689499 0.0843526 0.0244144 0.0137232 0.100481 0.0812645 0.0207317 0.00799986 0.0162244 0.00817538 0.200798 0.0445015 0.00551607 0.00448852 0.0339934 
0.0423969 0.0624975 0.0673135 0.0124191 0.0445141 0.0876812 0.0579504 0.109884 0.035369 0.0939845 0.0379963 0.0472107 0.0917691 0.0442338 0.0342602 0.0245054 0.0812189 0.0247959 
0.0636623 0.0148504 0.149554 0.069472 0.0638379 0.0114099 0.0341719 0.208355 0.0705106 0.0219057 0.0122817 0.0357307 0.0493277 0.0982101 0.0128639 0.0269039 0.0182885 0.0386637 
0.0685435 0.0875747 0.124112 0.0696745 0.0537533 0.00635118 0.0270275 0.102858 0.028465 0.0555544 0.0168593 0.00630003 0.0736086 0.061991 0.0217571 0.0862113 0.0974314 0.0119271 
0.0135206 0.0948843 0.0358533 0.00493216 0.0554287 0.0699907 0.194146 0.0847439 0.0828616 0.0109628 0.00557208 0.088297 0.00221136 0.192743 0.00672319 0.0434795 0.00822116 0.00542815 
0.0122633 0.0437748 0.126748 0.0691095 0.0534562 0.0064278 0.0495467 0.16023 0.0200978 0.057097 0.0410644 0.0367198 0.0276975 0.173906 0.0291378 0.0257916 0.0555736 0.0113579 
0.0795877 0.0577371 0.0857907 0.0747603 0.0594855 0.0409906 0.06391 0.0952048 0.0320889 0.0339163 0.0467218 0.0516946 0.0927437 0.0375893 0.0187437 0.0404009 0.0334708 0.0551632 
0.0127393 0.0646511 0.0329811 0.0803281 0.0147813 0.0745522 0.0577759 0.0421479 0.0433532 0.0422268 0.143064 0.078249 0.0671686 0.0354692 0.0382019 0.120233 0.0234665 0.0286113 
0.0723017 0.0672163 0.0744318 0.0541145 0.0455728 0.0516518 0.0097105 0.0516309 0.0392649 0.0434732 0.0118134 0.0505479 0.0812256 0.111239 0.0164258 0.0865803 0.0254484 0.107351 
0.0282208 0.0296219 0.0392551 0.0731838 0.0225334 0.0115141 0.13523 0.181206 0.0561556 0.0197263 0.0123679 0.0513919 0.0814443 0.0285314 0.0410759 0.0415467 0.123938 0.0230559 
0.0815085 0.0428398 0.0232049 0.0389964 0.158083 0.0404153 0.0171221 0.0422 0.0777765 0.0476365 0.0869899 0.0256703 0.0858061 0.0434383 0.020834 0.0691149 0.0570019 0.0413616 
0.0675784 0.0546855 0.0772529 0.0364316 0.0605686 0.0330603 0.0298974 0.0356271 0.0425861 0.0307622 0.0296801 0.0306014 0.139006 0.0675616 0.0624948 0.0896014 0.0466127 0.0659922 
0.034094 0.0133632 0.100849 0.0732855 0.0403963 0.00798033 0.226933 0.166805 0.0207689 0.0139688 0.00286589 0.0982601 0.0491395 0.01362 0.0846833 0.0343803 0.00896381 0.00964279 
0.0197342 0.072765 0.0551529 0.0823061 0.0254128 0.0221823 0.22943 0.0209986 0.0977621 0.0367837 0.0450543 0.0188357 0.0489265 0.00799207 0.0591852 0.0157812 0.080718 0.0609788 
0.0231911 0.0767198 0.109587 0.0382215 0.0349192 0.165896 0.0366547 0.0777841 0.0547819 0.0254393 0.0700968 0.0400899 0.0711949 0.0387917 0.0337076 0.0310895 0.0283388 0.0434968 
0.0405249 0.0235673 0.0192939 0.0400672 0.118383 0.0460091 0.0110717 0.00609021 0.151945 0.0172246 0.0514722 0.0511057 0.0830682 0.161458 0.0114807 0.0641771 0.00638647 0.0966742 
0.0564312 0.0316459 0.015254 0.0629566 0.106893 0.0051717 0.0252511 0.0817517 0.0320995 0.152763 0.028945 0.0202112 0.0117502 0.172076 0.036773 0.00756974 0.0778488 0.0746086 
0.115536 0.10201 0.0298156 0.0299956 0.00336317 0.109421 0.0212648 0.0280077 0.0722636 0.0352683 0.0421314 0.0247038 0.0316463 0.00447329 0.0427981 0.0348521 0.0280271 0.244421 
0.0757324 0.0445363 0.0430388 0.0334513 0.0144473 0.0409614 0.0517207 0.0546881 0.0366475 0.100938 0.0529035 0.0558752 0.038282 0.044195 0.092125 0.019958 0.12585 0.07465 
0.0501523 0.0464871 0.164179 0.0136571 0.0109754 0.0609952 0.116186 0.035384 0.048547 0.0427175 0.00877233 0.034043 0.0228357 0.0616915 0.0306001 0.0238575 0.183568 0.0453514 
0.0818481 0.0327015 0.0459403 0.0303875 0.034617 0.0449179 0.0797974 0.0912482 0.0482321 0.0528328 0.0497052 0.0620139 0.0419856 0.214482 0.0202651 0.0148341 0.0235175 0.0306739 
0.000471573 0.0191842 0.061673 0.000471269 0.0515246 0.11525 0.00283016 0.000471941 0.0523075 0.0381366 0.102998 0.059344 0.0382979 0.0193115 0.0992589 0.283571 0.0426185 0.0122792 
0.121703 0.0305816 0.0209331 0.0499439 0.0780244 0.0707312 0.0434177 0.207782 0.025152 0.0131725 0.0248196 0.0859782 0.0244157 0.0400576 0.0159753 0.0641537 0.0225037 0.0606556 
0.0224884 0.0435076 0.0325169 0.0144702 0.0238297 0.0163896 0.0870265 0.363513 0.0137789 0.037604 0.0324442 0.0497866 0.00762507 0.0832703 0.0233113 0.0160544 0.0192571 0.113126 
0.0439137 0.0472118 0.0382584 0.0607552 0.0879178 0.0613774 0.01469 0.0127188 0.0379231 0.0201867 0.132646 0.253275 0.0602462 0.0201358 0.0310349 0.0345561 0.00911885 0.0340344 
0.0247701 0.103713 0.152587 0.0543558 0.0252312 0.0695301 0.0928213 0.164167 0.0522501 0.0155616 0.0179932 0.0432111 0.030014 0.0273011 0.0215924 0.024933 0.0533605 0.0266063 
0.0743041 0.010417 0.162333 0.0500984 0.0890134 0.209908 0.141925 0.0323163 0.0269628 0.00945078 0.016099 0.010946 0.0438586 0.00683621 0.0335144 0.0505694 0.0279066 0.00354078 
0.0309751 0.0674021 0.00840138 0.046672 0.0361613 0.00506001 0.036834 0.00269816 0.0882914 0.120213 0.0869026 0.10444 0.0108866 0.058178 0.194338 0.00315731 0.0961889 0.00320006 
0.12513 0.0372993 0.105088 0.0640632 0.0616583 0.147567 0.161699 0.105047 0.0294779 0.00321421 0.0167558 0.00416055 0.0383414 0.0235385 0.0133118 0.020065 0.0104768 0.0331072 
0.0537783 0.0887165 0.139562 0.0446362 0.0402806 0.0352307 0.0246824 0.120772 0.0411595 0.084901 0.0237214 0.026712 0.0547099 0.0618147 0.0328453 0.0579054 0.0320064 0.0365655 
0.0487741 0.0273707 0.306684 0.0166596 0.0844843 0.072699 0.0824891 0.15865 0.0217492 0.00780019 0.0245567 0.00841423 0.0068199 0.0443463 0.0205493 0.00612673 0.0145336 0.0472926 
0.055514 0.083834 0.0286848 0.0427526 0.0468171 0.0463094 0.0609829 0.111909 0.048975 0.0442498 0.0320723 0.0768154 0.0542705 0.0227753 0.0381664 0.0479297 0.0726128 0.0853286 
0.0479346 0.0407709 0.0397226 0.0341115 0.0784288 0.0698248 0.0257723 0.0684935 0.0780159 0.110278 0.0461865 0.0656518 0.0281581 0.0826511 0.0576979 0.0356198 0.0747374 0.0159443 
0.01383 0.037713 0.0399714 0.156704 0.0157741 0.0795448 0.0493546 0.153035 0.0563102 0.0456757 0.0561536 0.0331896 0.0301036 0.0993558 0.00959017 0.0218693 0.071098 0.0307276 
0.0745943 0.0538578 0.0833927 0.0312907 0.0277422 0.0366675 0.0502827 0.0622599 0.108229 0.0563405 0.0662359 0.0228838 0.0191538 0.0792843 0.0417726 0.0196816 0.0189164 0.147414 
0.0360622 0.0285379 0.0538481 0.0515704 0.0288362 0.0518136 0.0357573 0.0547939 0.0553647 0.102689 0.0305448 0.0299923 0.0444737 0.0230485 0.110098 0.0287737 0.0708768 0.162919 
0.0534604 0.0910605 0.0574443 0.151641 0.0254991 0.0275668 0.0471501 0.0323241 0.0169411 0.146094 0.0388802 0.0415322 0.0375506 0.0483853 0.0209491 0.0177233 0.109364 0.0364335 
0.0186643 0.0192754 0.0193385 0.0281118 0.13119 0.0123723 0.046292 0.231321 0.164468 0.00444689 0.0086156 0.00496132 0.0438831 0.205953 0.0127263 0.0147725 0.024058 0.00954951 
0.0259419 0.0278547 0.128575 0.0381742 0.079541 0.0254438 0.0465127 0.134686 0.0500728 0.0120767 0.0553044 0.111384 0.028655 0.0551147 0.0492096 0.0528896 0.0399427 0.0386215 
0.0280698 0.0375215 0.0467166 0.0599743 0.0325726 0.0421972 0.0436793 0.0863136 0.0795292 0.0881842 0.0368611 0.0324194 0.0938016 0.0306623 0.0246786 0.0586653 0.0315848 0.146569 
0.0172482 0.0411692 0.0791733 0.0424756 0.0162038 0.0192044 0.0488065 0.0158272 0.0981699 0.18478 0.0138731 0.109543 0.0383706 0.113833 0.0337332 0.0125576 0.0890673 0.0259638 
0.0214669 0.0610812 0.0614336 0.0352267 0.0515976 0.0800148 0.0441452 0.0853596 0.0327 0.0474943 0.0880146 0.0544292 0.0373902 0.040396 0.0722948 0.0682084 0.0489202 0.0698266 
0.0978786 0.106664 0.0201332 0.089708 0.0273753 0.0579345 0.0369062 0.121103 0.0677265 0.0309956 0.0321562 0.111032 0.0232973 0.0212099 0.0704582 0.0395111 0.0214088 0.0245014 
0.0743092 0.00914077 0.0213996 0.027668 0.00302078 0.019607 0.0989626 0.0070851 0.0329335 0.201516 0.0159704 0.182093 0.0118738 0.0328157 0.0791865 0.0181101 0.0288114 0.135496 
0.0305189 0.0392995 0.0488885 0.0283167 0.0408919 0.0422229 0.0550601 0.0890804 0.223845 0.0268093 0.170816 0.0487421 0.0480054 0.0173006 0.00894244 0.0506073 0.00842561 0.0222281 
0.074704 0.0478071 0.0266853 0.0611396 0.0517767 0.0144323 0.0880258 0.359447 0.0460177 0.056022 0.0147039 0.0410982 0.0211912 0.036685 0.00872473 0.00501824 0.0369093 0.00961255 
0.108082 0.0546003 0.0190317 0.0240362 0.0104727 0.0681913 0.0440645 0.166529 0.0708512 0.0986173 0.017822 0.0435279 0.0300813 0.0242326 0.0535604 0.0462471 0.0518321 0.0682214 
0.0134654 0.165587 0.0226066 0.0193073 0.144604 0.0171785 0.11292 0.167816 0.00619915 0.00570885 0.0123113 0.10396 0.0315499 0.087432 0.00875753 0.0657463 0.00638759 0.00846313 
0.0603144 0.116904 0.0344349 0.0126109 0.0161761 0.0017993 0.065038 0.103174 0.167369 0.0119475 0.120652 0.0596747 0.0421652 0.0561894 0.0178888 0.0294427 0.0733187 0.0109006 
0.0295142 0.0462656 0.0740995 0.0300131 0.02181 0.0806536 0.0498937 0.137132 0.0648135 0.0319136 0.070615 0.0354048 0.0300021 0.0649685 0.0613608 0.0690445 0.0344431 0.0680526 
0.0280478 0.033136 0.105756 0.050691 0.0695512 0.106334 0.0444164 0.0386596 0.0319485 0.0265124 0.109205 0.0579512 0.0446304 0.0279782 0.0307412 0.038061 0.0398234 0.116556 
0.0746957 0.0498206 0.0247801 0.0882606 0.0128196 0.0470997 0.0991285 0.0463826 0.0805503 0.0712536 0.083878 0.0104323 0.0448432 0.0126426 0.0309615 0.0842345 0.0787183 0.0594984 
0.0295823 0.16479 0.0028082 0.11994 0.00729936 0.184304 0.15731 0.0112436 0.0904941 0.058373 0.00931942 0.0164125 0.0154332 0.0559924 0.0395595 0.00738842 0.0247746 0.00497516 
0.0439836 0.0382304 0.0425431 0.0187888 0.0784302 0.0142872 0.0652656 0.0894191 0.0218863 0.00703825 0.0166738 0.196466 0.037247 0.0390487 0.120865 0.00763863 0.140798 0.0213902 
0.0639632 0.0312617 0.0245734 0.051276 0.0502222 0.0689963 0.0719527 0.105843 0.027269 0.092517 0.0772455 0.0452492 0.0388396 0.038407 0.0598626 0.0303641 0.0418107 0.0803468 
0.031502 0.049545 0.0553021 0.081353 0.0232583 0.0731287 0.102221 0.0358941 0.111883 0.0831459 0.036898 0.0174443 0.0363297 0.0681733 0.0434122 0.0310211 0.0601373 0.0593514 
0.0551086 0.0188935 0.0385759 0.164993 0.0208794 0.0867523 0.0617069 0.0390863 0.0331041 0.0726824 0.0858588 0.0453022 0.0649136 0.038267 0.0834906 0.0349966 0.0276298 0.0277586 
0.0715049 0.0558081 0.206756 0.0734711 0.0247547 0.0302253 0.038371 0.0434479 0.084285 0.0578959 0.0181791 0.0225491 0.0478697 0.0599515 0.0560072 0.0543627 0.025917 0.0286439 
0.0811877 0.0852097 0.0108451 0.038598 0.0183639 0.114062 0.0170083 0.070576 0.0129365 0.0378686 0.116767 0.0497303 0.0677545 0.104759 0.032553 0.021761 0.0148459 0.105174 
0.0263897 0.0357319 0.0711235 0.0359206 0.0486143 0.069875 0.0251571 0.0602208 0.0957487 0.0528817 0.0247942 0.0749672 0.109251 0.0615834 0.0719749 0.0437289 0.0199374 0.0720996 
0.022061 0.0142775 0.0506788 0.090768 0.0515544 0.0218482 0.0241638 0.146457 0.0700127 0.0664146 0.0712866 0.0240267 0.0438482 0.0459755 0.0623355 0.0149946 0.0415849 0.137712 
0.0316589 0.0485431 0.0871931 0.0463185 0.0289985 0.0296825 0.105744 0.295441 0.0384665 0.0374537 0.0253767 0.0219982 0.0653439 0.0269215 0.0251858 0.0330983 0.0213609 0.031215 
0.0465865 0.0514902 0.0337324 0.0344431 0.0369971 0.0484164 0.0446126 0.0357924 0.0418849 0.0869172 0.066441 0.106157 0.0470316 0.0379879 0.0646078 0.0377467 0.0771032 0.102052 
0.0527758 0.0364529 0.0680135 0.0428289 0.0336579 0.0609978 0.0790502 0.0609093 0.0481206 0.0544908 0.0494895 0.0376641 0.0665753 0.0568615 0.0702984 0.0952786 0.014259 0.0722758 
0.0878652 0.088972 0.0716458 0.00597903 0.0187355 0.0511685 0.10442 0.0737933 0.0511015 0.00799038 0.103762 0.0318414 0.0949967 0.0372574 0.146526 0.00927309 0.0040123 0.0106602 
0.0289564 0.0853059 0.0430483 0.0746691 0.0377263 0.0244747 0.0734589 0.0368274 0.0900332 0.0485856 0.0256023 0.103096 0.0608826 0.0953459 0.0417415 0.0460574 0.0576071 0.0265814 
0.0770598 0.055795 0.0897849 0.0347285 0.124572 0.165264 0.0286074 0.0326697 0.0684001 0.0226462 0.034292 0.0411373 0.0364636 0.0616345 0.032963 0.0283826 0.0215181 0.0440807 
0.0578553 0.106433 0.0435402 0.0860556 0.00740346 0.0290822 0.0556829 0.026755 0.0379977 0.0292071 0.0426272 0.174766 0.0335521 0.098627 0.0160469 0.0323665 0.0230258 0.0989766 
0.011869 0.0604092 0.0121785 0.0451607 0.0398792 0.0347756 0.0383773 0.0166958 0.0106724 0.0569027 0.0578023 0.0884371 0.0366031 0.0548526 0.100305 0.259913 0.0276729 0.0474941 
0.0403499 0.04794 0.0498923 0.0576853 0.0237898 0.102336 0.11533 0.0598547 0.0252865 0.107702 0.202874 0.0091765 0.0375846 0.0671767 0.0177864 0.0122978 0.0072072 0.0157313 
0.123765 0.0118752 0.0943804 0.0103775 0.0286735 0.0320484 0.326716 0.0820678 0.0437617 0.0149769 0.0119955 0.0139736 0.0470377 0.0233585 0.0659649 0.0143336 0.0332792 0.0214146 
0.062564 0.0471283 0.0525014 0.0712461 0.0358616 0.0534583 0.0816977 0.104557 0.0360184 0.045663 0.0623858 0.032665 0.11905 0.0431926 0.0318687 0.0221879 0.0246168 0.0733371 
0.00632441 0.00627526 0.00631386 0.101125 0.00622533 0.0691147 0.00632599 0.227856 0.00631993 0.00631435 0.166273 0.00631653 0.00634106 0.00631687 0.00630896 0.00632789 0.131901 0.22802 
0.0377852 0.280374 0.0285763 0.0481771 0.0194979 0.0429197 0.126415 0.0438994 0.0404468 0.0171923 0.0648682 0.0143292 0.103433 0.0348606 0.016065 0.018613 0.037036 0.0255114 
0.060199 0.0132853 0.118536 0.04833 0.0384669 0.0166417 0.079047 0.203201 0.00658366 0.0543557 0.0802404 0.0258376 0.0714358 0.0371252 0.0120355 0.0350001 0.0647812 0.0348979 
0.0513349 0.0163214 0.0353619 0.0740082 0.0247113 0.0555495 0.0151833 0.0624344 0.112219 0.0361591 0.00582211 0.0622709 0.121985 0.039398 0.0370171 0.0625421 0.149567 0.0381149 
0.0500644 0.0668514 0.0490939 0.122123 0.051594 0.046573 0.0523006 0.0429753 0.0961932 0.0415506 0.0407463 0.0405013 0.0443645 0.0509532 0.0579209 0.0411438 0.0571445 0.0479066 
0.034297 0.0250598 0.0203102 0.0442061 0.0556315 0.079029 0.0469784 0.0537411 0.0326548 0.0957712 0.0485022 0.0527195 0.123686 0.0152492 0.0880148 0.0761491 0.0220819 0.0859185 
0.0652076 0.0193082 0.0569878 0.108455 0.0176417 0.0186518 0.0183785 0.139068 0.112574 0.019095 0.0339854 0.107751 0.0405487 0.0557975 0.0890646 0.0614783 0.0182231 0.017784 
0.070624 0.0277528 0.038095 0.0331674 0.0394285 0.0171409 0.0514534 0.028994 0.0856047 0.0432193 0.0654747 0.0677875 0.0211299 0.059363 0.0959407 0.10142 0.0532432 0.100161 
0.0296842 0.0822462 0.0349336 0.0320838 0.115847 0.0456723 0.0405436 0.185273 0.0188678 0.0293421 0.0529798 0.0599336 0.0417647 0.051313 0.0616681 0.0821264 0.00678282 0.0289379 
0.155467 0.0434096 0.106829 0.0729356 0.0381974 0.0464598 0.0354156 0.0260637 0.0369073 0.0225717 0.104969 0.016648 0.0343989 0.0244139 0.0691111 0.0689821 0.0438278 0.0533921 
