0.0307834 0.0106947 0.0115433 0.0410258 0.0572223 0.0349183 0.1935 0.0655723 0.0196341 0.0122323 0.114128 0.0844376 0.0346747 0.0596476 0.032045 0.0243936 0.0823147 0.0534096 0.0378223 
0.0559359 0.065633 0.0609995 0.0764567 0.0371173 0.0283602 0.102674 0.0462962 0.0326272 0.0362906 0.0873296 0.0326501 0.0278056 0.0591034 0.0698924 0.0531621 0.023502 0.0688954 0.0352692 
0.0455999 0.0450462 0.0209872 0.0352328 0.040357 0.0364224 0.128549 0.0813496 0.0129677 0.0198707 0.0739827 0.060935 0.0678432 0.0685587 0.0392008 0.0622995 0.0859625 0.0267285 0.0481061 
0.0253619 0.0385885 0.0138661 0.0408833 0.0913352 0.0159767 0.0940635 0.0325958 0.0402627 0.0145043 0.106986 0.101965 0.0832632 0.102583 0.012298 0.0300104 0.0678721 0.0539836 0.0335999 
0.0253656 0.0345285 0.0707196 0.0469299 0.0370006 0.0154724 0.131588 0.0518867 0.0298684 0.0375546 0.0900299 0.0472427 0.0332009 0.102318 0.0301342 0.0811468 0.0346804 0.0709193 0.0294132 
0.0721325 0.0387024 0.0461135 0.088868 0.0407818 0.0280679 0.0944554 0.0178291 0.019665 0.0838723 0.0268084 0.0958673 0.00899665 0.0218306 0.0375121 0.0296644 0.0962272 0.122797 0.0298087 
0.0245067 0.00683692 0.00957516 0.054433 0.017273 0.0107206 0.188839 0.0115156 0.0144827 0.0971097 0.0516331 0.0997484 0.0583093 0.0263416 0.0542927 0.041883 0.0702293 0.138367 0.0239039 
0.0300589 0.013614 0.0130103 0.169972 0.0427849 0.0287935 0.144924 0.0332805 0.0140535 0.032866 0.0731634 0.0552381 0.0650016 0.0384185 0.0559114 0.021645 0.0873664 0.0599644 0.0199343 
0.0329446 0.0155792 0.013544 0.0153591 0.0682116 0.00583649 0.32112 0.0490447 0.012738 0.0120972 0.159322 0.046434 0.0472645 0.0418385 0.0392405 0.0475423 0.017138 0.0328381 0.0219073 
0.168167 0.00947662 0.00660837 0.0336481 0.0440099 0.00790111 0.0437792 0.0290025 0.0394422 0.0277254 0.0423452 0.0951092 0.00992033 0.0738476 0.0740203 0.0670873 0.027955 0.0188612 0.181093 
0.00562882 0.0621617 0.00597895 0.00595244 0.00573883 0.582321 0.00443954 0.00555635 0.00554314 0.00574567 0.00496718 0.00546148 0.0640565 0.00564621 0.00582686 0.00575773 0.178353 0.00578266 0.0350819 
0.0168912 0.0113112 0.0129369 0.0307242 0.0329314 0.0271992 0.100744 0.0424782 0.0634605 0.030879 0.215618 0.0518852 0.0324445 0.0621785 0.0598618 0.160119 0.0236266 0.00905231 0.0156578 
0.0591855 0.0124116 0.0888943 0.0366763 0.0499965 0.0766411 0.111996 0.0443184 0.0603487 0.0097094 0.0730375 0.0596395 0.0499119 0.0423308 0.0126804 0.0646758 0.0123776 0.0481675 0.0870015 
0.0288304 0.0581496 0.0158664 0.0268857 0.0721419 0.0247967 0.0832494 0.00950581 0.059708 0.0407538 0.216362 0.0257587 0.079496 0.0706177 0.0368611 0.0307674 0.0177209 0.0279748 0.0745536 
0.00216575 0.403187 0.0936775 0.0164878 0.0668464 0.00199229 0.00166764 0.0896167 0.000699257 0.0136676 0.00180538 0.0364481 0.136125 0.0229756 0.020379 0.0126584 0.00126841 0.0697199 0.00861181 
0.0190589 0.0012797 0.00575477 0.0211712 0.034697 0.0157975 0.0256647 0.00958663 0.0456537 0.0121509 0.0368288 0.0836802 0.0598314 0.0115434 0.00343613 0.036154 0.00635376 0.00479841 0.566559 
0.00363904 0.0161472 0.0628139 0.113111 0.092764 0.0673875 0.0341626 0.195706 0.110588 0.0086663 0.0351529 0.00696224 0.0135137 0.0184473 0.0114316 0.123767 0.0117321 0.0369777 0.0370297 
0.1918 0.024843 0.0180178 0.0258037 0.0335777 0.0332636 0.0793885 0.0330016 0.0605825 0.100561 0.0570639 0.0243051 0.0314004 0.0436283 0.0591125 0.0402735 0.0630984 0.0445872 0.0356915 
0.0253298 0.00964959 0.0099066 0.0128811 0.0250654 0.00739734 0.0627328 0.0527499 0.29527 0.0267785 0.12118 0.0740487 0.0489288 0.0185249 0.0461973 0.0372257 0.0469294 0.0449497 0.0342538 
0.0164275 0.0063749 0.0466191 0.0611926 0.00893089 0.0399042 0.38358 0.0193992 0.0400387 0.00715251 0.0137232 0.0497374 0.0215282 0.0879534 0.0253967 0.0459535 0.0594567 0.0258679 0.0407629 
0.0412899 0.0289912 0.0603413 0.0436456 0.0649479 0.0433908 0.0875404 0.0132573 0.0659894 0.00964337 0.107472 0.0177498 0.0703053 0.0106965 0.0542355 0.0316839 0.0497834 0.161984 0.0370526 
0.0251374 0.0137527 0.0288409 0.0444309 0.0261244 0.0234105 0.0972531 0.0447401 0.113998 0.0782197 0.091677 0.0361884 0.0301963 0.154809 0.0267018 0.0751672 0.0210199 0.0286972 0.0396359 
0.0752561 0.0551772 0.0123734 0.0323256 0.0386628 0.0517653 0.0552279 0.0731912 0.0344387 0.038283 0.103708 0.0404406 0.0390922 0.0392672 0.0516341 0.066364 0.0785968 0.0908214 0.0233742 
0.0419235 0.0114047 0.0292925 0.0322453 0.0658851 0.0193328 0.0817645 0.043601 0.0264868 0.0259081 0.14231 0.0796276 0.0712599 0.030048 0.0168971 0.0524982 0.0450048 0.145915 0.0385945 
0.0380705 0.156236 0.0107537 0.056991 0.0455427 0.0151159 0.0243229 0.0312266 0.0145754 0.0355499 0.0831962 0.0421711 0.20264 0.028932 0.0437922 0.0285507 0.0371824 0.0730678 0.0320834 
0.0267947 0.0247426 0.0317537 0.0137226 0.104067 0.0293336 0.161096 0.0559228 0.046886 0.0514993 0.0601792 0.0410019 0.0825165 0.045429 0.0331525 0.0299618 0.02277 0.0753085 0.0638623 
0.100967 0.0286573 0.013769 0.0571351 0.0279775 0.00860215 0.10134 0.0228854 0.047868 0.0209018 0.170961 0.054511 0.0669989 0.0250498 0.0491739 0.0288293 0.0293087 0.068585 0.0764794 
0.0486067 0.0207691 0.00867818 0.0695365 0.0234549 0.0220936 0.104285 0.0544428 0.029025 0.0119046 0.210084 0.0848243 0.0589124 0.0320532 0.0263154 0.0274724 0.0237629 0.0227889 0.12099 
0.0511472 0.0313174 0.00297659 0.0051182 0.0282373 0.0168443 0.141448 0.0301502 0.0523703 0.00942297 0.101989 0.010422 0.11448 0.0301699 0.0119373 0.00581912 0.257544 0.0753405 0.0232644 
0.0224076 0.070527 0.0180161 0.0443881 0.103811 0.0476576 0.024764 0.0292567 0.0758706 0.0509567 0.0588857 0.0528026 0.0729903 0.0343259 0.0842101 0.0514018 0.0442177 0.0319662 0.0815447 
0.0575892 0.0363662 0.0118362 0.0252005 0.0598971 0.019184 0.281013 0.0463587 0.0133048 0.0165478 0.117204 0.0422498 0.0244433 0.028139 0.0401907 0.0692379 0.0458139 0.0365558 0.0288679 
0.00880044 0.0888593 0.0313 0.0303845 0.0356699 0.0253511 0.0639699 0.0286738 0.00968234 0.0156033 0.202651 0.0305713 0.0638807 0.0275734 0.0493813 0.058784 0.00561059 0.0158589 0.207394 
0.0539639 0.0299961 0.0193026 0.0103595 0.0373053 0.0517943 0.194192 0.0428387 0.0313982 0.0171829 0.136729 0.0589845 0.0554656 0.0482361 0.031833 0.0693741 0.0574162 0.0318501 0.0217779 
0.0318479 0.00488054 0.0287869 0.00687403 0.179426 0.0658569 0.131264 0.0626289 0.0250611 0.0434271 0.0388692 0.0899692 0.0272454 0.0773316 0.0396243 0.0155483 0.0452431 0.0671386 0.0189767 
0.0249582 0.0281481 0.0128741 0.106989 0.0277347 0.00570747 0.0747734 0.163201 0.0269536 0.0116391 0.0371954 0.249721 0.00860407 0.0034802 0.0822679 0.0174161 0.0168836 0.0226763 0.0787773 
0.0229254 0.116777 0.0415436 0.0216475 0.237253 0.0532803 0.0543611 0.0305226 0.00576108 0.0290626 0.0116174 0.0535011 0.0341407 0.0188897 0.0125661 0.0736823 0.0982516 0.0596963 0.0245207 
0.0846971 0.00647071 0.0108854 0.0884139 0.0985742 0.0175864 0.17184 0.0180151 0.0489243 0.0101656 0.10157 0.0332688 0.0314987 0.0362931 0.0437961 0.016119 0.0772413 0.0280004 0.07664 
0.000457005 0.000458811 0.000485432 0.00289967 0.0820051 0.00373253 0.15355 0.00270672 0.000450049 0.00279896 0.0125019 0.687743 0.00520077 0.0027505 0.000473084 0.000467471 0.000467113 0.0403767 0.000474719 
0.0687773 0.0481493 0.00810817 0.0234148 0.109672 0.00620269 0.0479365 0.0408935 0.0555384 0.0519666 0.142045 0.0214129 0.0458758 0.0768913 0.0385598 0.0141833 0.11593 0.068591 0.0158521 
0.0651635 0.021026 0.0174454 0.0468783 0.0359025 0.014994 0.138701 0.0228731 0.00968813 0.00940933 0.0933072 0.0421582 0.0405133 0.109524 0.0732292 0.0141433 0.0819918 0.0156434 0.147408 
0.0502901 0.035052 0.139664 0.0527681 0.0380992 0.04238 0.05195 0.0456434 0.0345066 0.0274049 0.0657518 0.157572 0.0551302 0.0313829 0.022915 0.0221014 0.0365222 0.0421892 0.0486776 
0.0693004 0.0365792 0.0740964 0.027488 0.0346234 0.0202852 0.0600112 0.0308781 0.131026 0.06664 0.00763457 0.0535712 0.0179534 0.23357 0.0396688 0.0218588 0.0282779 0.0326589 0.0138786 
0.13303 0.0244353 0.0191608 0.0205434 0.0475387 0.00823428 0.0250481 0.0396574 0.0106312 0.0203054 0.0331603 0.0853962 0.13757 0.139356 0.0180903 0.0871556 0.0230002 0.0337656 0.0939224 
0.13303 0.0244353 0.0191608 0.0205434 0.0475387 0.00823428 0.0250481 0.0396574 0.0106312 0.0203054 0.0331603 0.0853962 0.13757 0.139356 0.0180903 0.0871556 0.0230002 0.0337656 0.0939224 
0.0608615 0.00897826 0.012897 0.0695904 0.102743 0.0144693 0.053191 0.0245575 0.0214972 0.0138584 0.163987 0.131939 0.0319014 0.0395991 0.0265767 0.0397684 0.0797648 0.0731398 0.0306805 
0.0242011 0.0105523 0.0152602 0.0691371 0.0319771 0.0706744 0.084788 0.0169886 0.0249629 0.0449795 0.0483772 0.061605 0.0254214 0.0805424 0.165433 0.0581463 0.0237044 0.12252 0.0207295 
0.0351436 0.0574935 0.00878133 0.0198046 0.0420591 0.0287984 0.10234 0.0463121 0.0519685 0.0160649 0.151064 0.0349862 0.126389 0.0192481 0.0179333 0.0237133 0.0799218 0.0955856 0.0423923 
2.27845e-05 0.00025162 0.0565351 0.0052044 0.127323 0.0107312 0.0175392 0.394855 0.165388 0.0207224 2.01063e-05 0.00168015 0.00332362 0.0926994 0.0343412 0.00351925 0.00258502 0.0620525 0.00120705 
0.0131746 0.0226285 0.00980214 0.030499 0.111384 0.0180905 0.069508 0.154888 0.021331 0.0406284 0.0427685 0.038549 0.0668909 0.0654815 0.0242022 0.100979 0.0706426 0.0280139 0.0705391 
0.0108065 0.018795 0.00534522 0.00871844 0.310851 0.0221086 0.0718865 0.0246654 0.0068495 0.0152726 0.0764337 0.0182768 0.00599609 0.0392658 0.0715669 0.0518054 0.0285259 0.0504268 0.162404 
0.0216429 0.0123015 0.025554 0.0265593 0.0577894 0.026621 0.124434 0.070926 0.0206059 0.0175798 0.046386 0.0363101 0.0757065 0.0637199 0.104422 0.0709288 0.0897455 0.0654305 0.0433366 
0.129644 0.0293601 0.042315 0.122823 0.128511 0.0102678 0.082683 0.00914968 0.0327464 0.0437533 0.0249584 0.100636 0.030988 0.0424486 0.0199342 0.0376123 0.0211224 0.051568 0.0394793 
0.01872 0.0374553 0.0115149 0.0530578 0.140133 0.0216255 0.0928788 0.058928 0.0485859 0.0111874 0.0799042 0.0315786 0.0971562 0.0561095 0.0920446 0.0372943 0.044943 0.0424036 0.0244798 
0.00881265 0.0197305 0.0331395 0.0426532 0.034222 0.0554559 0.134576 0.115779 0.00571351 0.0176058 0.0667485 0.101235 0.0451483 0.0553037 0.0289945 0.0254622 0.0654804 0.0277604 0.116179 
0.0337663 0.0419739 0.0809056 0.0309226 0.0315879 0.0238148 0.0147158 0.008936 0.0699352 0.118614 0.0734337 0.10094 0.0411784 0.124452 0.0287959 0.0140542 0.0314702 0.0474575 0.0830458 
0.0446664 0.0136162 0.00897231 0.0455743 0.0171295 0.00596949 0.0198998 0.0252012 0.0855764 0.0903855 0.0317413 0.361345 0.0210033 0.0317362 0.0192473 0.0599758 0.0335476 0.0252623 0.0591497 
0.0853357 0.0844498 0.013711 0.0357824 0.0491581 0.0257547 0.0639778 0.0276196 0.0814687 0.0655355 0.0266719 0.0721534 0.0476424 0.0318328 0.0399381 0.0667016 0.136293 0.023393 0.0225801 
0.0262862 0.0832378 0.00258999 0.122526 0.00933773 0.0144479 0.00254787 0.0533876 0.0329056 0.379498 0.00839744 0.0350092 0.045045 0.00355534 0.0513872 0.0730213 0.0447693 0.0066054 0.00544525 
0.0502485 0.0185972 0.0911347 0.162782 0.020671 0.00658992 0.181352 0.0528294 0.0555475 0.0728033 0.0536669 0.0171752 0.0520386 0.010475 0.0311378 0.033883 0.0226772 0.0481409 0.0182499 
0.0235222 0.0217816 0.155042 0.0753984 0.163627 0.00861794 0.0621887 0.0161891 0.161735 0.0725222 0.0307236 0.0118225 0.0140836 0.0197261 0.0198195 0.0527061 0.0546918 0.0105537 0.0252486 
0.0968114 0.0183122 0.0769353 0.151409 0.0176591 0.0165633 0.118428 0.033059 0.0547541 0.0694045 0.0394873 0.0140751 0.0653422 0.00719845 0.0516958 0.0276864 0.0162611 0.0924241 0.0324937 
0.0591167 0.00917127 0.0481852 0.0438414 0.0328966 0.027734 0.0359015 0.0616344 0.0313847 0.0388541 0.0961222 0.0943111 0.00839856 0.105846 0.0199908 0.00314185 0.0212616 0.198271 0.0639374 
0.0202221 0.170213 0.0579117 0.0360999 0.00704274 0.0347963 0.0267957 0.0875193 0.053932 0.0122186 0.0295885 0.031552 0.040609 0.0766089 0.157918 0.0456416 0.0699064 0.0251224 0.0163018 
0.0279266 0.0718319 0.0018542 0.00425025 0.0350208 0.00381804 0.00595499 0.00911716 0.176207 0.429031 0.0112239 0.00411325 0.00357974 0.0106467 0.0208887 0.0228631 0.0667361 0.059346 0.0355903 
0.102842 0.100118 0.0980119 0.00626836 0.0656268 0.0947793 0.0297484 0.0743567 0.0127281 0.0261184 0.0759606 0.0219648 0.0462688 0.0239702 0.0292878 0.0281914 0.0422874 0.0350367 0.0864345 
0.152554 0.0243405 0.13461 0.0188147 0.102957 0.0124909 0.0568759 0.0776741 0.0444421 0.0262593 0.0235016 0.0591201 0.0523739 0.0286131 0.0380163 0.0592719 0.0285631 0.0456621 0.0138591 
0.20321 0.0198291 0.134672 0.0154141 0.135954 0.0104189 0.0453801 0.0693805 0.0358106 0.0492299 0.0190397 0.047103 0.0419201 0.0231509 0.0306559 0.0474307 0.0231773 0.036723 0.0114999 
0.02515 0.00540796 0.000400325 0.0150769 0.607827 0.0580717 0.0312914 0.00195996 0.00435416 0.00427869 0.0178539 0.035462 0.0521238 0.0219082 0.00605194 0.00245412 0.085086 0.024421 0.000821174 
0.0251013 0.0255628 0.0175621 0.0382687 0.0801102 0.0109375 0.0408015 0.0755084 0.0142391 0.0331067 0.0283244 0.0609391 0.0788544 0.0769386 0.176855 0.056527 0.0490819 0.0185436 0.0927379 
0.0526364 0.0516051 0.017585 0.0481966 0.0217948 0.00974791 0.0268553 0.0282409 0.194103 0.104023 0.0155975 0.0178335 0.0448129 0.0146449 0.09736 0.0506108 0.0428246 0.143323 0.0182054 
0.0210399 0.027225 0.132359 0.0176931 0.0371206 0.0246157 0.0310243 0.0907071 0.0302482 0.0999169 0.126879 0.0379179 0.0880972 0.0877021 0.0212886 0.029723 0.0438831 0.00972839 0.0428306 
0.124081 0.0502324 0.0271146 0.071021 0.0350982 0.0572428 0.014044 0.035564 0.0378408 0.062295 0.0219145 0.0499128 0.138461 0.0472323 0.117693 0.0187168 0.0301321 0.0305685 0.0308343 
0.0381707 0.073811 0.0365436 0.0288657 0.0381657 0.00939153 0.125469 0.0542748 0.0315835 0.0132736 0.11968 0.0316491 0.101079 0.0503439 0.0446578 0.018532 0.113354 0.0299582 0.0411966 
0.0528827 0.171397 0.042981 0.0711923 0.00682544 0.0102215 0.0292636 0.0184423 0.0719393 0.166851 0.0137648 0.0269414 0.0250285 0.0108759 0.0316839 0.0216214 0.139979 0.0220832 0.0660255 
0.0246199 0.126738 0.0264373 0.0410909 0.0217043 0.0955118 0.0147298 0.0437775 0.0953764 0.0486612 0.00655292 0.0157381 0.0533157 0.0242781 0.031159 0.129285 0.0714827 0.0194966 0.110045 
0.0238759 0.11275 0.0379248 0.0669157 0.0651862 0.0579679 0.020574 0.0487822 0.0229518 0.0603074 0.00970942 0.0553677 0.159221 0.0374218 0.0507645 0.0736958 0.0307164 0.0449203 0.0209471 
0.0253311 0.0146805 0.0908334 0.0530224 0.0912232 0.185562 0.063238 0.0209737 0.0532414 0.00619144 0.0788858 0.0579973 0.0499784 0.0375757 0.0254021 0.0546802 0.0349348 0.0191391 0.0371094 
0.0827128 0.0266042 0.031021 0.0512814 0.0679095 0.0373178 0.146163 0.0476854 0.0277575 0.0962783 0.0528507 0.0606176 0.0262547 0.0363858 0.0604425 0.0468288 0.026749 0.0478953 0.0272452 
0.0876479 0.00726901 0.0292177 0.0592555 0.032217 0.0213258 0.174798 0.0229136 0.0452247 0.0484932 0.111859 0.122315 0.032263 0.0270642 0.0174003 0.0661654 0.0477802 0.0331478 0.0136423 
0.0744634 0.03582 0.023985 0.0456051 0.0468031 0.0102938 0.124596 0.0409227 0.0331832 0.0209758 0.0409297 0.0514159 0.0327581 0.0306393 0.14085 0.0425671 0.0273609 0.0446026 0.132228 
0.0482301 0.146179 0.0292966 0.0749764 0.0329479 0.0190314 0.0550338 0.108953 0.0339831 0.0382338 0.104148 0.0462463 0.0315252 0.0421455 0.0868773 0.0367616 0.0283473 0.0252871 0.0117963 
0.0268147 0.0295169 0.0102466 0.047682 0.0673758 0.104371 0.08324 0.0347929 0.0699256 0.0301642 0.0533453 0.0601939 0.0605217 0.0301621 0.157451 0.0201242 0.036138 0.043884 0.0340504 
0.0533784 0.0623326 0.0147044 0.0396607 0.0871983 0.00615895 0.117864 0.0926578 0.0654799 0.0328021 0.0656917 0.109238 0.0409164 0.0339452 0.0657251 0.0347821 0.0285336 0.0185712 0.0303595 
0.00875306 0.165686 0.029961 0.0314886 0.0301667 0.00334864 0.0386638 0.0239224 0.0259151 0.0622177 0.0460791 0.0429928 0.193488 0.0469819 0.104846 0.0683059 0.042078 0.0152317 0.0198725 
0.0104572 0.175122 0.0171053 0.0453698 0.0308801 0.00332655 0.0426227 0.0260391 0.0317026 0.0706477 0.0495934 0.0349 0.145494 0.0698161 0.129607 0.0369472 0.0457596 0.0194291 0.0151808 
0.0393151 0.0672082 0.0213022 0.0369678 0.0427802 0.0227655 0.0684534 0.0707775 0.0657239 0.0224754 0.0467703 0.185604 0.0430254 0.0175743 0.0247083 0.0496804 0.0236493 0.0547817 0.0964373 
0.0176029 0.0857135 0.0305825 0.0205641 0.0636206 0.0595374 0.0567463 0.0892318 0.029267 0.107372 0.0419615 0.0216992 0.04498 0.0842531 0.0482609 0.100596 0.0312795 0.0412139 0.0255176 
0.0430496 0.0509208 0.0315255 0.0315421 0.0241416 0.0114872 0.0300889 0.0328206 0.217332 0.0430824 0.036751 0.0106658 0.0291238 0.0771687 0.0429682 0.063499 0.0671321 0.0547081 0.101993 
0.0945673 0.0254619 0.027773 0.0250484 0.0164713 0.0234753 0.0544811 0.0302792 0.170312 0.134905 0.029203 0.010716 0.0587161 0.0273925 0.0549997 0.0272612 0.115041 0.0295004 0.0443962 
0.0417195 0.00493952 0.0205422 0.0190101 0.0717797 0.0322671 0.0407048 0.0831458 0.18757 0.0304241 0.184343 0.00442939 0.0493488 0.0239865 0.00265194 0.0207161 0.0293102 0.0366736 0.116438 
0.024509 0.00609705 0.0252748 0.000451447 0.00110216 0.0341533 0.0395534 0.00339503 0.758032 0.0234497 0.00276542 0.000969559 0.0408852 0.00101099 0.00752516 0.00100894 0.0278091 0.00092047 0.00108717 
0.0533704 0.103546 0.0534718 0.0398813 0.0325885 0.00837546 0.035284 0.0251697 0.121779 0.0598439 0.0226524 0.0122854 0.0933375 0.0475318 0.0390416 0.0910649 0.0651651 0.0602527 0.0353583 
0.0517532 0.0519578 0.0549724 0.0547287 0.0527647 0.070448 0.0408186 0.0510869 0.0509655 0.0528276 0.0456699 0.0502147 0.0535416 0.0519131 0.0535741 0.0529385 0.0528979 0.0531677 0.0537592 
0.0269291 0.0640462 0.0179898 0.164748 0.035877 0.0407968 0.0239239 0.0333773 0.0341369 0.0923996 0.0530537 0.067159 0.0814746 0.046589 0.020437 0.0322475 0.0904164 0.0221941 0.0522044 
0.0138783 0.0427541 0.127489 0.0438929 0.0403176 0.00479556 0.0515343 0.038393 0.0051322 0.0646738 0.100696 0.0281164 0.184497 0.0630522 0.0355849 0.0516308 0.0294279 0.0412431 0.0328915 
0.0262783 0.0286207 0.0307582 0.038137 0.099647 0.0334429 0.019973 0.0418665 0.0370325 0.0159752 0.0273798 0.0953461 0.0674344 0.0298526 0.040841 0.143335 0.0123809 0.162444 0.0492553 
0.0741052 0.0157326 0.0194224 0.0896044 0.105373 0.0219566 0.0298128 0.0546616 0.0270636 0.0392503 0.0653238 0.0577584 0.0379989 0.0303729 0.0491596 0.0888815 0.0556002 0.0457257 0.0921965 
0.0140015 0.0530781 0.0390526 0.0217578 0.0167341 0.0329404 0.0863123 0.29048 0.134115 0.127645 0.00633955 0.00455405 0.0532937 0.0224749 0.00916164 0.0266421 0.0275051 0.0251294 0.0087823 
0.0136795 0.0501275 0.0231485 0.0179706 0.00674547 0.053814 0.00725654 0.104075 0.0414885 0.139305 0.0117378 0.148504 0.0308844 0.085297 0.0526354 0.0725616 0.0408108 0.0881253 0.0118332 
0.0353292 0.0165139 0.0335061 0.0553946 0.128316 0.00760705 0.0294444 0.0416899 0.0238212 0.0727761 0.0207134 0.0144109 0.0322267 0.0485303 0.137697 0.0491264 0.0589947 0.0470749 0.146827 
0.0538683 0.0128758 0.0162163 0.023797 0.0153007 0.00486355 0.0243067 0.0590308 0.0584769 0.00789998 0.0722259 0.281977 0.0206801 0.0470319 0.104912 0.0265613 0.0988083 0.0472077 0.0239606 
0.0680528 0.0147159 0.0122202 0.0849979 0.0341756 0.0200968 0.0421525 0.0527275 0.0207354 0.0745348 0.0960227 0.0557517 0.051938 0.0573837 0.12566 0.0451353 0.0296904 0.0954012 0.0186075 
0.0622387 0.0894369 0.0433665 0.0313437 0.0848056 0.0213554 0.0509522 0.0320658 0.0501187 0.0350401 0.0286605 0.0210607 0.036956 0.0814978 0.0697791 0.0674932 0.0721432 0.0706022 0.0510836 
0.0472014 0.047388 0.0143249 0.00089134 0.0524205 0.00114735 0.00398876 0.104835 0.104586 0.013766 0.00818184 0.0376198 0.0270322 0.0304374 0.000872535 0.009484 0.315316 0.0658096 0.114697 
0.365362 0.00833562 0.0822098 0.0174367 0.0953019 0.00679181 0.0169248 0.0278199 0.0147982 0.190513 0.0131745 0.018646 0.0157478 0.0575954 0.0199943 0.0120815 0.00978134 0.00792909 0.0195572 
0.0563971 0.0504573 0.0173041 0.0217819 0.020532 0.0501907 0.267756 0.00310309 0.0197312 0.0821331 0.0593474 0.0100618 0.00639883 0.157173 0.00296228 0.00618678 0.00686419 0.126625 0.0349944 
0.0119916 0.225279 0.00297819 0.020151 0.0130619 0.000276561 0.0378491 0.0157581 0.0763602 0.293017 0.000461622 0.0181259 0.00737083 0.00645849 0.0229234 0.0311003 0.118503 0.0663462 0.0319876 
0.0582285 0.193009 0.0227128 0.0104004 0.0584727 0.00463896 0.0734749 0.00913437 0.125756 0.0177092 0.0348263 0.0493383 0.0477798 0.0340323 0.0574437 0.0302844 0.0315693 0.0221746 0.119014 
0.121527 0.0708104 0.0227157 0.0740374 0.0212866 0.0195415 0.0711368 0.0595041 0.044938 0.109791 0.0407685 0.0210558 0.0397886 0.0443056 0.0519192 0.0156117 0.0959234 0.0322544 0.0430852 
0.0411046 0.0305878 0.0956816 0.0437593 0.0520783 0.0225618 0.0345613 0.0738409 0.205165 0.0423942 0.0529844 0.0415148 0.0367717 0.0409181 0.0193624 0.0223802 0.0382661 0.0280302 0.0780373 
0.062125 0.0870057 0.0333145 0.0221066 0.0399992 0.0434649 0.0454682 0.0474754 0.0642396 0.0955999 0.0677545 0.0350465 0.11083 0.0308927 0.0717415 0.0592873 0.0363486 0.0246288 0.0226707 
0.0195353 0.00609615 0.0119791 0.00812281 0.0502173 0.0214851 0.123672 0.0136706 0.036934 0.0135068 0.365258 0.0408343 0.10074 0.0429458 0.00137157 0.0419439 0.0189704 0.03476 0.0479567 
0.0554561 0.0463908 0.0635353 0.0269502 0.012089 0.0150463 0.0572788 0.00797493 0.0933521 0.0129842 0.0831287 0.236559 0.0189199 0.0352221 0.045421 0.0624218 0.02718 0.0320029 0.0680874 
0.0406962 0.0371632 0.0950267 0.172513 0.0302276 0.0195652 0.105663 0.0231108 0.0409503 0.0204513 0.081436 0.039809 0.0462438 0.0702776 0.0184508 0.0304398 0.0390551 0.0638172 0.0251031 
0.0137003 0.0651734 0.0311156 0.0335419 0.0474557 0.0222693 0.0537171 0.0428103 0.146677 0.119894 0.048557 0.0227371 0.0282658 0.0424985 0.0398688 0.0559102 0.0908041 0.0614412 0.0335632 
0.0351417 0.16021 0.00892576 0.0907541 0.0121244 0.0207934 0.0892792 0.0419668 0.116765 0.0310806 0.0284795 0.0290193 0.0833726 0.0238352 0.0911517 0.0387462 0.0250834 0.0555706 0.0177001 
0.0429579 0.0680678 0.0353131 0.0656987 0.0337114 0.0254438 0.0460709 0.0207586 0.0992456 0.0643996 0.0378794 0.107917 0.0984825 0.0456768 0.0645095 0.0703673 0.0227577 0.0282421 0.0225008 
0.0527773 0.0241899 0.0353214 0.0520894 0.0944555 0.0382899 0.106466 0.0619784 0.0628879 0.020684 0.0594531 0.141239 0.0231314 0.0399706 0.0468668 0.0368796 0.0357753 0.0418734 0.0256713 
0.00226612 0.314357 0.0808272 0.0387336 0.00980104 0.0444497 0.00213504 0.00219109 0.0116875 0.0292492 0.00861199 0.0137189 0.0577295 0.0544739 0.0393032 0.0444839 0.0771509 0.0145629 0.154268 
0.0371714 0.0925183 0.0292508 0.0218064 0.0183492 0.0120849 0.0193638 0.0771415 0.153989 0.0407885 0.101576 0.0243522 0.0603036 0.0310002 0.113113 0.0612419 0.0114904 0.0267356 0.067722 
0.0295696 0.0374162 0.0185079 0.0394504 0.0229302 0.0242373 0.0644728 0.0621026 0.0436556 0.0398169 0.0694459 0.113903 0.0537854 0.0904606 0.0766238 0.0824289 0.0439669 0.0474538 0.0397715 
0.0137409 0.123962 0.00896728 0.174176 0.0445655 0.0143731 0.0368019 0.0497408 0.082548 0.0257519 0.00733983 0.0898874 0.0620277 0.0413933 0.0822045 0.0195076 0.0478822 0.0421627 0.0329674 
0.0521649 0.0940152 0.110855 0.0404625 0.0800086 0.0130772 0.042088 0.0723749 0.16436 0.0234281 0.0149696 0.0219807 0.0371 0.0485146 0.0302844 0.0521276 0.0512549 0.0233893 0.0275443 
0.0638491 0.0262409 0.0509663 0.0266894 0.0129493 0.00946939 0.0476635 0.0160726 0.0719728 0.0846645 0.163516 0.0756524 0.00925424 0.109792 0.0756361 0.0337325 0.0399925 0.0474064 0.0344799 
0.0154576 0.124085 0.0178462 0.0315964 0.0410478 0.0472241 0.0117941 0.0206546 0.0253457 0.0395112 0.0246433 0.239331 0.0740498 0.0267281 0.0144741 0.0482868 0.0226739 0.152104 0.023147 
0.0626885 0.0575751 0.00836517 0.0355718 0.0724237 0.100155 0.0365441 0.0699678 0.0277753 0.116086 0.0397388 0.055535 0.0566784 0.0498799 0.0447518 0.0647784 0.0573857 0.00935001 0.0347492 
0.0791158 0.0156136 0.0128569 0.0572968 0.029932 0.0281797 0.0354649 0.0555375 0.073655 0.0957502 0.0184683 0.0535682 0.0450244 0.0981296 0.0299589 0.0518357 0.16015 0.0394933 0.0199694 
0.0180015 0.0680556 0.0629347 0.128846 0.0676975 0.00985486 0.00743668 0.010859 0.169941 0.00257099 0.0231856 0.0104976 0.0599149 0.00604938 0.280303 0.00480014 0.0544104 0.00634485 0.00829591 
0.0487362 0.0128001 0.00733139 0.0239643 0.0562462 0.0398499 0.0334282 0.0560544 0.0307405 0.0793678 0.0180829 0.0206032 0.123945 0.0625166 0.0200514 0.0310256 0.20332 0.0561306 0.0758061 
0.0319149 0.0142075 0.00973993 0.0708883 0.0274578 0.0425703 0.050637 0.0597152 0.0320251 0.108467 0.0249297 0.0508821 0.0497185 0.100184 0.0197754 0.0471636 0.190951 0.0399278 0.0288444 
0.0435228 0.0220637 0.00503495 0.0574174 0.0289965 0.0504458 0.0887068 0.140798 0.0152769 0.123602 0.0231963 0.0798586 0.0717753 0.0393347 0.0584363 0.0136644 0.13698 0.000442696 0.000447621 
0.0516475 0.0493451 0.0133878 0.0381101 0.0328522 0.0261258 0.0156048 0.299301 0.0343388 0.0378169 0.0111509 0.0955585 0.0235038 0.0221497 0.0115562 0.0300116 0.137616 0.0214077 0.048515 
0.0109702 0.0762462 0.0656574 0.0859513 0.0560332 0.0162446 0.100384 0.034036 0.120455 0.103177 0.0378681 0.0311285 0.0541482 0.0210369 0.0255822 0.0183406 0.0294593 0.0426431 0.0706379 
0.0426849 0.0432928 0.0758519 0.041077 0.0849262 0.0357545 0.0365745 0.0302488 0.0500421 0.0168843 0.0704356 0.0692951 0.0780277 0.145371 0.0418696 0.0196173 0.0322326 0.0294859 0.0563284 
0.0125929 0.00969849 0.0752036 0.0459394 0.01664 0.0158183 0.0310973 0.107996 0.0605364 0.0204722 0.030753 0.016812 0.0114184 0.0944377 0.121142 0.125471 0.134348 0.0293377 0.0402857 
0.0685248 0.063224 0.0226369 0.0138737 0.0316776 0.00502667 0.0162201 0.0464745 0.0362318 0.279431 0.00449709 0.0108901 0.0140797 0.0312525 0.111248 0.0427513 0.0654882 0.0941925 0.0422791 
0.048643 0.0364024 0.0197817 0.0485666 0.0676333 0.0339753 0.0485561 0.0504204 0.0601704 0.154676 0.0302931 0.0310057 0.0736298 0.122024 0.0275955 0.0254427 0.0329524 0.0364303 0.0518019 
0.0305138 0.0538811 0.0196246 0.0310426 0.0772086 0.00414126 0.00743344 0.0177611 0.327157 0.0156633 0.0213647 0.00814621 0.0450873 0.0560551 0.0520828 0.0683437 0.0377768 0.0554928 0.0712235 
0.00853928 0.0242577 0.0959891 0.163512 0.0408993 0.0193136 0.054107 0.0369862 0.240853 0.0298787 0.0277261 0.0228348 0.0279525 0.0150558 0.0306934 0.0644094 0.0275257 0.0295229 0.0399437 
0.0435716 0.0869541 0.0448101 0.020591 0.0235875 0.0194513 0.0442887 0.0863421 0.0744255 0.0563501 0.053388 0.0169781 0.0276872 0.0473013 0.0174337 0.153887 0.0407652 0.036692 0.105496 
0.0353619 0.0702358 0.0128314 0.104737 0.0626048 0.0231176 0.105073 0.00775174 0.0200344 0.0322488 0.0796264 0.0485458 0.0124175 0.126353 0.0185342 0.0195418 0.0750162 0.0710457 0.0749235 
0.0130947 0.0949298 0.0219085 0.123585 0.0323284 0.00795355 0.021073 0.0407305 0.144153 0.0348009 0.00553384 0.0930201 0.0320191 0.0419226 0.129489 0.02329 0.0674977 0.0193325 0.0533367 
0.0546512 0.0859446 0.0240793 0.0435904 0.00804241 0.0119876 0.0540952 0.114009 0.0251842 0.125255 0.0161613 0.158307 0.043466 0.040682 0.0241091 0.077262 0.0410979 0.0169323 0.0351428 
0.0235961 0.0436219 0.093907 0.0557522 0.148588 0.0158395 0.0341296 0.0470185 0.0560243 0.0599746 0.0154292 0.053147 0.0570584 0.066846 0.0498955 0.0852213 0.0437628 0.030645 0.0195434 
0.044947 0.0166774 0.0248121 0.0507667 0.0292907 0.0642701 0.0113465 0.0284764 0.233985 0.157461 0.0166652 0.0159298 0.0117031 0.0289178 0.0632685 0.0247313 0.115342 0.0487807 0.0126289 
0.02281 0.0187791 0.0323712 0.00870694 0.0186235 0.03795 0.0956582 0.0272082 0.111729 0.0452081 0.00760784 0.0141028 0.0614131 0.0516341 0.125649 0.0196206 0.122057 0.0481507 0.130721 
0.0190136 0.0163017 0.0215854 0.0537331 0.0557135 0.0916872 0.086308 0.0295783 0.288724 0.016442 0.00575941 0.0218872 0.00671075 0.0603692 0.00622577 0.0243374 0.00139489 0.11709 0.0771387 
0.0179964 0.0408228 0.0141557 0.109414 0.034402 0.0165756 0.0117167 0.101408 0.0364551 0.152094 0.00841047 0.0293181 0.0775684 0.083864 0.0873497 0.0472782 0.0671235 0.0395952 0.0244519 
0.0608498 0.0448728 0.0450716 0.0537347 0.0309945 0.034731 0.0503025 0.0871329 0.0764971 0.0798277 0.0367619 0.0633733 0.0365086 0.0655474 0.0583066 0.0412828 0.0323742 0.0273584 0.0744721 
0.0776489 0.0516472 0.0162919 0.0889787 0.0827768 0.0148128 0.0482354 0.0988309 0.0988227 0.0165531 0.0589936 0.0275515 0.0587745 0.0237195 0.0373731 0.0412076 0.0654926 0.0155403 0.0767488 
0.102154 0.0125233 0.0903717 0.0182019 0.10623 0.0340868 0.0658285 0.0887869 0.098843 0.0219795 0.0344361 0.0890696 0.0267051 0.0823611 0.0627342 0.00962493 0.021289 0.0251882 0.00958575 
0.0201595 0.219932 0.0112498 0.0504494 0.0121163 0.0560539 0.0136861 0.0201568 0.0413269 0.235522 0.0480168 0.0331562 0.0398413 0.0392733 0.0213818 0.0316335 0.0284818 0.0404388 0.0371237 
0.0266078 0.0235466 0.0117115 0.0573874 0.0516126 0.0537055 0.0633276 0.0545457 0.0180795 0.0660186 0.09251 0.182265 0.0507885 0.0257823 0.0260811 0.0490011 0.054071 0.0431347 0.0498238 
0.0287207 0.0288342 0.0450893 0.133951 0.0593761 0.0551674 0.0505893 0.0934017 0.0282836 0.107655 0.0357638 0.0451639 0.0358206 0.0556005 0.0358423 0.0354171 0.029356 0.066134 0.029834 
0.0138525 0.109375 0.00883576 0.0273018 0.00599178 0.11462 0.00584019 0.013646 0.0134394 0.365463 0.0716109 0.0397628 0.00746027 0.0137602 0.0875415 0.0267136 0.0238851 0.00771972 0.0431809 
0.120334 0.0636451 0.111784 0.0523719 0.00854914 0.00818425 0.0285509 0.0481074 0.148144 0.0580493 0.0473541 0.00721679 0.023457 0.0202602 0.0335334 0.0952291 0.0364722 0.0659573 0.0227996 
0.0349478 0.056326 0.0179232 0.0300635 0.0645918 0.0234595 0.0745504 0.0483741 0.141795 0.0986 0.0199958 0.0602014 0.0445137 0.0360721 0.0721141 0.0661524 0.0680852 0.0294135 0.0128209 
0.0528785 0.0253029 0.0229974 0.00534554 0.022774 0.098275 0.097023 0.1016 0.0212199 0.0905057 0.0254794 0.0598442 0.0867556 0.0193079 0.0519274 0.0149613 0.156902 0.0169254 0.0299749 
0.0239462 0.200661 0.00368723 0.00384766 0.0107254 0.0203049 0.0125897 0.0423629 0.0573734 0.16114 0.00745654 0.0724922 0.168158 0.0621282 0.01617 0.0389672 0.0203172 0.0710715 0.00660143 
0.110705 0.0119977 0.0110869 0.0309905 0.0416152 0.0343629 0.0274699 0.00715353 0.0617506 0.0261253 0.0614596 0.0793734 0.0529659 0.0828678 0.154745 0.0509877 0.0922889 0.0383682 0.0236858 
0.031888 0.0258645 0.146076 0.102751 0.0429292 0.0138435 0.0624404 0.0419847 0.0258913 0.0267204 0.071228 0.0348807 0.0262258 0.0566624 0.0861972 0.0577658 0.0440976 0.0623545 0.0401999 
0.0453913 0.0810686 0.143593 0.063091 0.0967377 0.0236342 0.0191541 0.0266598 0.0291745 0.0581223 0.00607108 0.017361 0.0402958 0.0529439 0.0822881 0.0519812 0.0839382 0.0494057 0.0290887 
0.0721287 0.0731376 0.0225342 0.00809308 0.0490758 0.104275 0.039597 0.0491846 0.0743276 0.0907841 0.0184613 0.0392723 0.061574 0.0508317 0.0278679 0.027204 0.0861145 0.0746633 0.0308737 
0.00516793 0.000469684 0.00280681 0.00280771 0.0215824 0.000457852 0.160109 0.127431 0.0522034 0.0849148 0.078612 0.01224 0.0496818 0.0521381 0.0543665 0.171681 0.019233 0.0965995 0.00749696 
0.0269971 0.0313118 0.0387109 0.0268012 0.0440865 0.0941967 0.0377977 0.0792629 0.0797028 0.158798 0.0419777 0.0592906 0.0146775 0.0649748 0.0389213 0.0649832 0.0338812 0.0255121 0.038116 
0.0375706 0.172934 0.0116507 0.0652142 0.0575453 0.0137747 0.0336394 0.00838508 0.104184 0.103009 0.0243193 0.00584377 0.0155909 0.127607 0.0721655 0.0388064 0.0371325 0.0494428 0.0211853 
0.0161097 0.0182849 0.218782 0.01983 0.0510545 0.0904231 0.0978938 0.0373857 0.0226411 0.0183838 0.115701 0.0637825 0.0461469 0.0431222 0.0112087 0.0485427 0.0180017 0.0320064 0.0306996 
0.0251166 0.0392465 0.0340851 0.0352562 0.0135518 0.0135835 0.0358041 0.0262935 0.117104 0.0787295 0.0211597 0.0126893 0.123418 0.0752004 0.100299 0.0888177 0.0510871 0.072807 0.0357505 
0.0135725 0.0411936 0.0338769 0.0621463 0.0478673 0.00837075 0.0609894 0.0682376 0.0925073 0.136372 0.0150795 0.0526414 0.0498865 0.00904799 0.0130293 0.0619263 0.203269 0.0181724 0.0118136 
0.0652534 0.0138133 0.0128798 0.0015668 0.330493 0.0137214 0.0173761 0.072922 0.0756798 0.0264863 0.0141246 0.0212003 0.00239165 0.0489074 0.0269807 0.0651555 0.086734 0.0265588 0.0777549 
0.00508893 0.0323974 0.0147925 0.0366084 0.039897 0.029625 0.0320395 0.0780653 0.0894377 0.232668 0.0430478 0.0404756 0.0684297 0.0122264 0.0266596 0.032921 0.152301 0.014313 0.0190057 
0.0277086 0.129007 0.0324319 0.068549 0.0317368 0.0859975 0.0362384 0.110381 0.0323535 0.0505547 0.0243412 0.0829155 0.0606061 0.0176318 0.0435533 0.0449165 0.0269381 0.0405787 0.0535601 
0.0452553 0.120976 0.026361 0.0412715 0.0673728 0.0157187 0.0545546 0.0404668 0.0616703 0.131454 0.0199632 0.00726681 0.0314429 0.0216899 0.122518 0.0802222 0.0610967 0.0413657 0.0093338 
0.141126 0.0427625 0.0252626 0.034039 0.0370021 0.0333403 0.0267145 0.0393544 0.0504633 0.0278567 0.024458 0.0367685 0.0240488 0.0829723 0.0248798 0.0566351 0.0870321 0.129176 0.076108 
0.0210444 0.113332 0.09606 0.105454 0.0196532 0.0240399 0.0715437 0.0473262 0.0267242 0.0547937 0.0251131 0.0933493 0.0351266 0.0646137 0.03758 0.0616603 0.0327019 0.0516456 0.0182387 
0.0522807 0.078346 0.0156913 0.0295025 0.0736596 0.00861391 0.00417224 0.0224492 0.0852319 0.116367 0.0107141 0.0497924 0.0313314 0.0166496 0.0735481 0.1486 0.0306179 0.101229 0.0512034 
0.0193246 0.0247302 0.039856 0.0460549 0.0105322 0.00549253 0.0222823 0.0413082 0.030475 0.0952183 0.0405505 0.0571554 0.177614 0.0558763 0.103329 0.0605703 0.0381088 0.0967377 0.0347834 
0.0304546 0.0246119 0.0282373 0.0272539 0.0868731 0.0328565 0.209053 0.0610128 0.0759608 0.0376683 0.031106 0.070201 0.0599051 0.0191828 0.0371951 0.0419176 0.0685999 0.0320545 0.0258559 
0.0397908 0.0570744 0.0708265 0.0466175 0.0327244 0.0348927 0.0509598 0.0621744 0.0575521 0.0309022 0.0607104 0.0483261 0.0734835 0.065421 0.0700036 0.0532943 0.043546 0.072699 0.0290015 
0.0316006 0.0211971 0.00648589 0.00195805 0.0343153 0.0719775 0.011732 0.111239 0.0685749 0.413837 0.00143142 0.017134 0.00169505 0.0065736 0.0350916 0.00220678 0.018447 0.12515 0.0193534 
0.0683675 0.0202165 0.00673269 0.034331 0.0336411 0.0386015 0.0189782 0.155939 0.131388 0.0504831 0.024361 0.0994517 0.101276 0.0503027 0.0742911 0.0167016 0.0272225 0.032708 0.0150077 
0.0359062 0.0330755 0.0265271 0.0559831 0.0924324 0.0522536 0.0290403 0.0255237 0.0517458 0.0492807 0.0803517 0.0758647 0.048466 0.0511505 0.0906698 0.0252246 0.10686 0.0405193 0.0291252 
0.013008 0.169283 0.0284514 0.0206341 0.0413262 0.0148432 0.0511359 0.0123464 0.11162 0.103276 0.0251422 0.0662622 0.119082 0.0177515 0.0216761 0.0947485 0.012511 0.0582276 0.0186747 
0.0438604 0.0691022 0.0801794 0.0592759 0.0316826 0.0127928 0.0454005 0.0497488 0.102575 0.0314206 0.0280265 0.0425929 0.036301 0.0880862 0.113522 0.0400324 0.0461487 0.0367114 0.042541 
0.0283988 0.0245282 0.144024 0.0448224 0.0246513 0.0411727 0.0466672 0.0364191 0.0376193 0.0995008 0.0584771 0.0383677 0.0247436 0.0595501 0.0191155 0.0801047 0.0820803 0.0513752 0.0583818 
0.000890121 0.0258328 0.0897885 0.126033 0.0697945 0.0105097 0.0932539 0.0189917 0.00236573 0.0770921 0.0342634 0.0102199 0.0536123 0.0422001 0.11049 0.0429101 0.106153 0.0274013 0.058197 
0.110182 0.078679 0.0174503 0.0236294 0.0336353 0.062694 0.0440333 0.0705989 0.0121091 0.029295 0.0497498 0.0231182 0.0275575 0.0480177 0.109223 0.0677344 0.0867308 0.0324023 0.0731601 
0.0212775 0.215393 0.0109662 0.0145343 0.0646454 0.0204827 0.122614 0.0148466 0.0731635 0.152038 0.00371449 0.0285641 0.031354 0.0138228 0.0231141 0.0136739 0.0934036 0.0579072 0.024485 
0.0614392 0.0610527 0.0124611 0.0816682 0.00694535 0.0300274 0.0648758 0.0683084 0.0164676 0.0385806 0.0649881 0.0264388 0.0410517 0.0276092 0.10118 0.09387 0.0549839 0.0955479 0.0525039 
0.013826 0.144158 0.0397647 0.0216247 0.0697838 0.0764654 0.00691779 0.0422894 0.028992 0.1648 0.0336058 0.00452546 0.0204163 0.00952389 0.151834 0.00798641 0.105328 0.0492599 0.00889954 
0.00654695 0.021542 0.0727173 0.15586 0.0309919 0.0147191 0.0645571 0.0545992 0.232588 0.0477675 0.0209973 0.0181776 0.023858 0.0114803 0.058465 0.0486456 0.0282929 0.0538953 0.0342982 
0.0559635 0.0448611 0.0298598 0.0841416 0.0577827 0.0554831 0.0570193 0.0428252 0.0433998 0.0800773 0.0646742 0.0377907 0.0535413 0.0532514 0.0793403 0.0601605 0.0333026 0.0378368 0.0286887 
0.0492758 0.0275176 0.0306813 0.031807 0.058865 0.0233181 0.0762702 0.0210619 0.0953356 0.0536329 0.134396 0.0532688 0.0369513 0.0546689 0.0694015 0.0289377 0.0747664 0.0423952 0.0374486 
0.0629559 0.0904521 0.107583 0.0413468 0.0541048 0.024356 0.0962666 0.0468031 0.0176408 0.0378073 0.055473 0.0625102 0.0555865 0.0127119 0.0272812 0.0502814 0.09951 0.0194968 0.0378323 
0.020233 0.0563636 0.0433831 0.0604577 0.0228121 0.00884841 0.0234285 0.0105829 0.0641376 0.420674 0.00573623 0.022708 0.0356934 0.0493757 0.0152009 0.0674155 0.0231112 0.0387016 0.0111365 
0.0635095 0.253473 0.011633 0.0305904 0.0561014 0.0411572 0.0156146 0.134332 0.0260822 0.0789912 0.010939 0.0639209 0.0213755 0.0341913 0.0493514 0.0238456 0.0398996 0.0219787 0.023013 
0.0256172 0.0434391 0.0346552 0.0328917 0.0528305 0.0268093 0.0679096 0.0730598 0.118071 0.0244455 0.0688435 0.0409292 0.0650437 0.0504791 0.065231 0.0899498 0.0324489 0.0586522 0.0286938 
0.0384942 0.113005 0.0257609 0.0377235 0.0368966 0.0118515 0.0256308 0.0428348 0.0445626 0.0461695 0.0334736 0.041131 0.10618 0.0915979 0.0408004 0.115199 0.040334 0.0575005 0.0508545 
0.0260066 0.028564 0.0643789 0.0429455 0.0200905 0.0165044 0.245502 0.0404643 0.0395089 0.159998 0.0285552 0.0503689 0.0367259 0.0558868 0.0214788 0.0234547 0.0172088 0.0358797 0.0464789 
0.042021 0.0221951 0.080603 0.0115481 0.0281511 0.0127594 0.0428344 0.0297901 0.104875 0.083815 0.0198193 0.0134436 0.0453518 0.184561 0.0480448 0.0862698 0.0952679 0.0217718 0.0268776 
0.11354 0.0252635 0.0138181 0.155613 0.0259924 0.0170449 0.0716732 0.013203 0.0160498 0.0656293 0.0905365 0.019257 0.0767052 0.0746647 0.0188355 0.0443428 0.0164782 0.100746 0.0406067 
0.0178638 0.148352 0.0338281 0.04842 0.0713778 0.0848871 0.0728097 0.0760593 0.0217609 0.050927 0.0236979 0.0439251 0.0720774 0.0374994 0.0294815 0.071712 0.0400993 0.0185104 0.0367107 
0.0286065 0.0878644 0.0143924 0.0297932 0.102269 0.0175138 0.021586 0.053921 0.0747955 0.0390067 0.0407888 0.0240411 0.0536038 0.0660458 0.107243 0.116954 0.0625008 0.0307787 0.0282953 
0.0491121 0.0585083 0.0283183 0.0463136 0.0482504 0.0373977 0.015904 0.0208072 0.0619937 0.15826 0.0197686 0.0264158 0.128519 0.0937599 0.0512536 0.0536148 0.0284278 0.0291688 0.0442068 
0.0267127 0.0265055 0.0728303 0.0454547 0.0500541 0.0314559 0.0550481 0.0454807 0.0301667 0.0384536 0.0496643 0.0537203 0.114806 0.0281028 0.119387 0.0484841 0.0619511 0.0606507 0.0410708 
0.0750298 0.0453923 0.0244937 0.0472518 0.0319397 0.0464542 0.126391 0.0567719 0.028213 0.103126 0.0465744 0.0540398 0.0304154 0.0401326 0.0438703 0.0354144 0.0430071 0.0708965 0.0505854 
0.0405105 0.0455319 0.0133389 0.0574776 0.051661 0.0343142 0.0126829 0.0676053 0.107983 0.0291482 0.0284542 0.0267638 0.00157902 0.0145777 0.205453 0.104743 0.0302496 0.117162 0.0107644 
0.106956 0.0551171 0.0567864 0.0809423 0.0423631 0.030734 0.025012 0.056062 0.0516925 0.084869 0.0290393 0.0256118 0.0197197 0.0541855 0.0296328 0.0552779 0.0554134 0.0962023 0.044383 
0.0254493 0.0294494 0.0227952 0.101772 0.0375742 0.0204298 0.0388932 0.0432601 0.0180632 0.0372126 0.0501966 0.0812991 0.142625 0.114683 0.0266581 0.0789002 0.0428294 0.0230976 0.064811 
0.0395343 0.0952187 0.0792936 0.0278904 0.0913235 0.0363678 0.0706441 0.0484454 0.0119709 0.0654562 0.065566 0.0539024 0.0297759 0.0433723 0.0460249 0.0510926 0.0214549 0.0458054 0.0768608 
0.169508 0.0154507 0.0301307 0.0496759 0.0183742 0.0299063 0.027615 0.0437721 0.00997152 0.0230376 0.020549 0.0315324 0.0362224 0.0259984 0.153604 0.118253 0.143554 0.0368587 0.0159864 
0.0220488 0.0872164 0.0213787 0.0206617 0.0315523 0.0111801 0.0233118 0.071312 0.0572983 0.205392 0.0145788 0.0119269 0.0704363 0.00426565 0.0196853 0.00573248 0.270867 0.0319101 0.0192456 
