0.0604702 0.0641074 0.0344522 0.0738279 0.0510622 0.0962105 0.0376059 0.0471494 0.0155951 0.0342789 0.0235954 0.0252055 0.0260954 0.0723142 0.0522795 0.0391561 0.00564033 0.0406802 0.139705 0.0605686 
0.120789 0.022416 0.0324179 0.0646919 0.0411454 0.0367723 0.0175701 0.057134 0.0347449 0.0857024 0.0253458 0.0500139 0.0263664 0.03774 0.0456474 0.0275869 0.0492023 0.0311173 0.0392481 0.154349 
0.115144 0.0462991 0.0813958 0.0437988 0.109011 0.080754 0.0256366 0.0175595 0.0496543 0.077177 0.0104082 0.0149932 0.0755792 0.0227774 0.101481 0.0159849 0.0142068 0.0333694 0.0172205 0.0475494 
0.0192018 0.0126796 0.0105643 0.0963626 0.0672038 0.0461551 0.00867889 0.034222 0.0213973 0.0140086 0.0246641 0.081445 0.089388 0.10041 0.049833 0.049443 0.121979 0.058567 0.0798065 0.0139902 
0.089462 0.0439904 0.036711 0.0947073 0.0678209 0.0729993 0.0110302 0.0505865 0.0353058 0.0224284 0.0211278 0.0289948 0.0679977 0.0494003 0.0853289 0.0559026 0.0530618 0.0286191 0.040901 0.0436243 
0.0427374 0.0171536 0.0164888 0.0141782 0.111139 0.0225812 0.015981 0.0126106 0.017765 0.0383535 0.0984295 0.122938 0.050816 0.0376099 0.0416055 0.0194623 0.0616799 0.0420063 0.0405449 0.175919 
0.069003 0.0209929 0.0294542 0.0404057 0.153039 0.0918141 0.0153544 0.0287392 0.0106156 0.0310204 0.0460109 0.0441822 0.0274655 0.0418571 0.0122755 0.0131804 0.0865657 0.0248437 0.113422 0.0997584 
0.0917025 0.0253713 0.0792141 0.0502309 0.0230966 0.069693 0.00934985 0.0424298 0.0291107 0.0453037 0.011002 0.0300959 0.203626 0.0427018 0.0598766 0.025024 0.0193263 0.0954996 0.0287412 0.0186046 
0.160582 0.0430884 0.064348 0.0910488 0.0331176 0.0514458 0.0089249 0.0396196 0.100508 0.0611046 0.00964548 0.0179973 0.0316967 0.0464987 0.055596 0.0274669 0.0105972 0.00478094 0.0990205 0.0429124 
0.136567 0.0555822 0.122214 0.0487202 0.0738131 0.0590092 0.021957 0.00704893 0.0414118 0.0472049 0.00660835 0.0356875 0.067489 0.0654733 0.0355779 0.052008 0.0129511 0.0199501 0.0507978 0.0399291 
0.0379078 0.00641652 0.0063646 0.0058829 0.00634246 0.00623489 0.00867032 0.00684172 0.00675051 0.287517 0.00684129 0.00641284 0.465572 0.0378641 0.00667183 0.00672402 0.00650547 0.0388917 0.0062231 0.0393649 
0.0447885 0.0655702 0.200039 0.111476 0.027996 0.0661787 0.0199572 0.0183003 0.0378028 0.0180123 0.00559618 0.0204875 0.0191134 0.0385179 0.0468555 0.0400306 0.0387977 0.0214759 0.0863274 0.0726772 
0.0831033 0.051797 0.12769 0.0709914 0.0469304 0.0916028 0.00545386 0.058868 0.014406 0.0333774 0.0091928 0.0339012 0.0273439 0.0235415 0.0845026 0.065911 0.0321523 0.00726944 0.0587211 0.0732435 
0.0626649 0.0352126 0.0137233 0.124574 0.103824 0.153966 0.0151016 0.0618184 0.0255602 0.0386486 0.0138811 0.0368037 0.0237919 0.0466332 0.116444 0.0248037 0.0289327 0.0191391 0.030103 0.0243738 
0.0623469 0.0335368 0.0327631 0.00743028 0.27064 0.114161 0.0455673 0.058553 0.3032 0.00238338 0.0198674 0.00967808 0.00142302 0.00995766 0.00559715 0.000568949 0.00915842 0.000918774 0.00954497 0.00270326 
0.0244367 0.00584875 0.222175 0.311387 0.0729858 0.0808138 0.0136801 0.0122851 0.0273157 0.00894586 0.00756528 0.0221163 0.0133859 0.0675437 0.0269703 0.00502246 0.0344626 0.0137442 0.00236396 0.0269511 
0.00337242 0.0691458 0.0231655 0.0288304 0.153371 0.205547 0.00273116 0.0604923 0.00302545 0.00958891 0.0135602 0.155287 0.0097827 0.0378284 0.023515 0.0118371 0.0633588 0.0163843 0.072773 0.0364032 
0.0842945 0.0622633 0.0311555 0.0476603 0.0445653 0.0776237 0.0284156 0.0858152 0.243556 0.0256463 0.026639 0.0319051 0.0204033 0.0313796 0.0207094 0.0377712 0.0274046 0.0303205 0.0180742 0.0243973 
0.0736912 0.141371 0.0474684 0.0498239 0.0255251 0.0444533 0.0433026 0.0246073 0.0589472 0.208181 0.00352174 0.0109725 0.0249947 0.0361419 0.0142187 0.0406568 0.0110665 0.0339753 0.0671649 0.0399153 
0.120182 0.0125916 0.0751512 0.114049 0.0314272 0.100788 0.011479 0.00796604 0.0502623 0.00852453 0.0117873 0.0591862 0.0637078 0.0199382 0.054756 0.116133 0.0405029 0.0145305 0.0757318 0.0113041 
0.0335739 0.0999841 0.0792474 0.0268445 0.0366045 0.0215641 0.0166886 0.0303112 0.0763943 0.0168559 0.0160271 0.0507528 0.0512269 0.0370052 0.0280401 0.0353819 0.0982496 0.122336 0.0807826 0.0421296 
0.0433102 0.043778 0.0335021 0.0657791 0.0775604 0.115433 0.0126568 0.0859135 0.023215 0.0352027 0.0131471 0.0483742 0.0423188 0.157622 0.0385249 0.0230239 0.0317218 0.0411678 0.0419292 0.0258194 
0.0464227 0.0544693 0.0535945 0.0559999 0.0666425 0.116643 0.020172 0.02573 0.084081 0.0166283 0.0388433 0.0597569 0.0593237 0.0735544 0.0277194 0.0570319 0.022759 0.0337684 0.0418331 0.0450263 
0.0964451 0.074864 0.0640072 0.0578004 0.084637 0.10369 0.0197199 0.0154404 0.0567116 0.0482964 0.0364863 0.0662005 0.0219315 0.0239036 0.0215867 0.0102856 0.0186991 0.0547984 0.0718846 0.0526117 
0.0375706 0.0329382 0.038822 0.176584 0.10933 0.0641871 0.0241132 0.0436552 0.0136554 0.0317427 0.00733507 0.00825818 0.0325835 0.047085 0.0766852 0.0295699 0.0160342 0.163983 0.0247745 0.0210931 
0.026491 0.0285796 0.026595 0.154401 0.0701735 0.0449414 0.00967379 0.0293165 0.0239421 0.0482154 0.00608993 0.0138171 0.0745814 0.018937 0.0762415 0.0375579 0.18592 0.047775 0.0320358 0.0447158 
0.0332002 0.0310135 0.0967933 0.0925257 0.0731247 0.0969896 0.0174478 0.0167974 0.0325186 0.094081 0.0214838 0.0127615 0.0468078 0.051318 0.0565818 0.0301879 0.0261387 0.0581463 0.0666976 0.0453849 
0.0301014 0.027279 0.0957398 0.0459237 0.0631086 0.0594074 0.0296574 0.00778114 0.0159276 0.0258423 0.0113222 0.0186085 0.0450187 0.0783739 0.075013 0.0365227 0.0108466 0.0129546 0.170558 0.140013 
0.121145 0.023318 0.20354 0.0260246 0.123909 0.0581376 0.00205933 0.0322168 0.0238392 0.089505 0.0180431 0.00956933 0.0137756 0.0136422 0.00844294 0.0188937 0.0132589 0.0185794 0.139502 0.0425979 
0.0323599 0.039029 0.0146304 0.0305645 0.0466445 0.0293679 0.0177748 0.0801259 0.0191355 0.0483394 0.0478775 0.150466 0.0318209 0.0371544 0.0293452 0.0961961 0.134522 0.012844 0.0589771 0.0428251 
0.0739445 0.0784555 0.037882 0.0624449 0.0736895 0.0461043 0.015573 0.0181174 0.0346949 0.050573 0.0131832 0.0475444 0.0380765 0.0536213 0.0678384 0.038509 0.0158686 0.0369641 0.0678174 0.129098 
0.014397 0.0117459 0.0752189 0.248723 0.0411018 0.10628 0.0115746 0.00525305 0.0589339 0.0823877 0.0163147 0.0222712 0.00974846 0.0670926 0.0274751 0.0321727 0.0373149 0.0319184 0.0664824 0.0335945 
0.128736 0.0423559 0.0939902 0.0692332 0.0388399 0.106978 0.0170704 0.022327 0.0544336 0.0612995 0.0111907 0.0437222 0.0539765 0.0481433 0.0452291 0.0438427 0.0215933 0.0142356 0.0358827 0.0469201 
0.0174604 0.00937574 0.0329136 0.0906623 0.0952408 0.0911212 0.00801858 0.0172014 0.0363967 0.00741745 0.00508318 0.0126174 0.067566 0.0686653 0.0704795 0.124808 0.0473359 0.0340765 0.0527046 0.110855 
0.0107937 0.0616884 0.033191 0.0465033 0.147194 0.0961422 0.0116647 0.0252003 0.0391428 0.0262135 0.0236244 0.0589809 0.143947 0.0581235 0.0119568 0.0111586 0.063565 0.0313953 0.0851563 0.0143582 
0.00827792 0.0223568 0.240379 0.0142712 0.0584125 0.0167161 0.0033429 0.0108351 0.0208298 0.00724363 0.0302376 0.139212 0.0334686 0.0118392 0.104039 0.0348016 0.148348 0.0259287 0.0422427 0.0272177 
0.0312537 0.0259453 0.040866 0.164562 0.0601678 0.0851512 0.00777325 0.0178853 0.054458 0.0751981 0.00557744 0.0527132 0.0208795 0.0887252 0.105764 0.0561574 0.0144135 0.0201393 0.0269977 0.0453727 
0.827687 0.00195791 0.00194207 0.000299182 0.000322553 0.0130004 0.0202832 0.000347943 0.0072094 0.000317869 0.0751512 0.0133714 0.0129148 0.000320937 0.00203582 0.00205174 0.00363927 0.000329647 0.00981099 0.00700682 
0.0365183 0.043133 0.0458875 0.0365214 0.0802152 0.0573968 0.0285434 0.0312591 0.0404778 0.0923057 0.0462747 0.0157088 0.0157341 0.0423079 0.0827531 0.0172716 0.064489 0.0277441 0.0827703 0.112688 
0.14519 0.0467514 0.0498074 0.0651629 0.029227 0.0476768 0.0410853 0.00484097 0.0204523 0.0223306 0.0393056 0.00675105 0.11712 0.203162 0.022179 0.0176833 0.0323877 0.0641303 0.0119581 0.0127975 
0.0398372 0.0801215 0.0752522 0.0394909 0.0352042 0.045302 0.0204577 0.0601283 0.0678649 0.0278099 0.107513 0.100845 0.0398459 0.0184384 0.0277345 0.0411594 0.0281674 0.0357999 0.0771511 0.0318764 
0.00820775 0.0268314 0.0574301 0.0324479 0.0449607 0.0085231 0.0706532 0.0184955 0.0285813 0.0268727 0.165271 0.125541 0.0571546 0.0508929 0.0724462 0.0439456 0.0237611 0.081761 0.0252935 0.0309293 
0.0824735 0.044315 0.0372943 0.131381 0.0390239 0.137735 0.0215667 0.0311706 0.0550788 0.0280945 0.0161811 0.00783965 0.00772771 0.0197457 0.107405 0.0697764 0.0301252 0.00515653 0.0764475 0.0514608 
0.0824735 0.044315 0.0372943 0.131381 0.0390239 0.137735 0.0215667 0.0311706 0.0550788 0.0280945 0.0161811 0.00783965 0.00772771 0.0197457 0.107405 0.0697764 0.0301252 0.00515653 0.0764475 0.0514608 
0.0420039 0.0694094 0.0571265 0.133422 0.0286409 0.0712705 0.00738251 0.0319036 0.0331128 0.0952238 0.0063798 0.0464394 0.043314 0.0613864 0.021549 0.0205518 0.0562983 0.0157748 0.0612328 0.0975778 
0.0332217 0.0389207 0.0713263 0.032245 0.195389 0.124928 0.00781091 0.0320156 0.124588 0.0103165 0.0101285 0.0120983 0.0944324 0.0269876 0.105473 0.0101596 0.011438 0.0107453 0.0361772 0.0115993 
0.0324984 0.0538228 0.175562 0.0541803 0.0769146 0.164356 0.00992389 0.03599 0.0534004 0.0434783 0.0121347 0.0242659 0.0269037 0.0381502 0.00907264 0.0169044 0.0102208 0.0173118 0.0345897 0.110319 
0.0123461 0.00474344 0.189618 0.0381827 0.000508216 0.00485092 0.00271175 0.000282953 0.0498339 0.226443 0.00656056 0.0177529 0.0029356 0.00303402 0.000620834 0.00140781 0.128402 0.00227863 9.65132e-05 0.30739 
0.0350351 0.100188 0.0412629 0.0482171 0.106424 0.0353151 0.0158139 0.0110503 0.0179677 0.0224813 0.0128494 0.0226774 0.0238128 0.025372 0.0661392 0.0727304 0.0605957 0.00755254 0.0710091 0.203507 
0.093158 0.00745417 0.047621 0.0421191 0.0177826 0.175984 0.00335713 0.00548612 0.0215625 0.216535 0.0220976 0.0244178 0.0241854 0.0465961 0.0387393 0.0397989 0.03783 0.0149075 0.0103042 0.110064 
0.0631073 0.078539 0.114542 0.0706416 0.0615699 0.142911 0.00705264 0.0131396 0.0403864 0.02811 0.0100173 0.0438996 0.0383323 0.0275784 0.0297792 0.060621 0.0268044 0.0169433 0.098833 0.027192 
0.045704 0.202921 0.0494104 0.0175092 0.034984 0.141486 0.0270686 0.027805 0.0186644 0.0555652 0.0379004 0.0426345 0.0286564 0.016136 0.0183262 0.00857521 0.0321298 0.00372594 0.0949278 0.0958699 
0.0781581 0.0252908 0.101052 0.0554095 0.0870387 0.0521188 0.0249683 0.0140066 0.0149201 0.0668496 0.0167972 0.0162687 0.0768197 0.035816 0.0257001 0.0882399 0.0144315 0.0328406 0.146121 0.0271529 
0.0548302 0.0267431 0.0730309 0.0842666 0.202503 0.152971 0.0289011 0.0192301 0.0200589 0.0375119 0.0330201 0.022553 0.0514699 0.0540663 0.036323 0.0152151 0.0135688 0.0193563 0.0246725 0.0297085 
0.0240743 0.076357 0.163818 0.0100213 0.0532099 0.0822097 0.0329856 0.0228242 0.0522033 0.050566 0.0699994 0.0123488 0.0360968 0.0382931 0.0398829 0.0492361 0.0293012 0.106118 0.0162765 0.034178 
0.034 0.0610404 0.0207614 0.208014 0.0147285 0.0436115 0.018946 0.00387754 0.0264165 0.0151878 0.00715142 0.00787242 0.0275641 0.0400943 0.103828 0.0272036 0.00416844 0.220914 0.0686783 0.0459416 
0.0101761 0.0165953 0.0183766 0.0114849 0.053673 0.0215388 0.0183662 0.0830697 0.140946 0.0388907 0.0225249 0.18665 0.020147 0.0570825 0.0795614 0.0545149 0.0104022 0.10846 0.0135478 0.0339925 
0.00199214 0.0313389 0.00243099 0.0131281 0.000614805 0.00698071 0.00565043 0.137941 0.0180233 0.00670552 0.00204957 0.0149601 0.00286727 0.0661145 0.0119378 0.0716913 0.0379984 0.451585 0.0907789 0.0252107 
0.00840121 0.0769876 0.221542 0.00381571 0.0259548 0.0304928 0.0852156 0.0342906 0.0364867 0.0315624 0.00742673 0.00549834 0.0383313 0.00929494 0.0104806 0.0172497 0.202086 0.0521702 0.0396053 0.0631084 
0.0704032 0.0593741 0.00927829 0.0218924 0.026271 0.0178882 0.0431327 0.0152054 0.0182859 0.0334285 0.0120141 0.0627772 0.0167459 0.014856 0.014039 0.0157734 0.176591 0.0178481 0.303926 0.0502692 
0.0105037 0.049728 0.187997 0.00916312 0.0256445 0.0452136 0.0733662 0.0321116 0.0390861 0.0555875 0.0252582 0.0151573 0.0223401 0.00736689 0.0103061 0.00972406 0.235705 0.031706 0.074706 0.039329 
0.042587 0.0681849 0.182811 0.0408937 0.0616724 0.063044 0.00482367 0.0714953 0.042164 0.0171692 0.0346156 0.03402 0.0806152 0.0356656 0.0699536 0.0531156 0.0175017 0.00909791 0.0476492 0.0229206 
0.0565691 0.0275845 0.0123871 0.0745936 0.0258662 0.00690093 0.0308601 0.00459383 0.044089 0.0418813 0.0416466 0.214838 0.0575441 0.00472684 0.0423653 0.01896 0.138033 0.0463216 0.0415793 0.0686595 
0.00619688 0.0353581 0.00457121 0.0385299 0.00819178 0.00894721 0.0431967 0.0896471 0.093083 0.0137452 0.0117743 0.010731 0.00661261 0.155659 0.0149517 0.120339 0.013017 0.241602 0.0779075 0.00593878 
0.0229904 0.0303514 0.0269885 0.00460442 0.0102125 0.0266761 0.0185123 0.0269591 0.124659 0.0467392 0.0160197 0.0898865 0.0170769 0.111769 0.0766696 0.124068 0.0563871 0.0687808 0.0522158 0.0484339 
0.0207868 0.0291128 0.051899 0.0234553 0.0634452 0.0611944 0.0559821 0.109458 0.0493932 0.0236489 0.00722227 0.0355905 0.0722974 0.0132374 0.0611279 0.191585 0.0265035 0.0380382 0.0311159 0.034906 
0.0635984 0.0241812 0.0423916 0.0196767 0.052028 0.0924874 0.0463285 0.0885137 0.040435 0.037537 0.00638039 0.0293049 0.0949473 0.0205105 0.0501816 0.153674 0.0517074 0.0319652 0.0255501 0.0286015 
0.0187313 0.00682626 0.0194286 0.0010431 0.349086 0.0012549 0.00714654 0.0710483 0.0202832 0.174685 0.000393416 0.00410777 0.0391681 0.0405847 0.000436959 0.00951641 0.191166 0.0233591 0.000606383 0.021128 
0.0708205 0.0476403 0.0187459 0.0304593 0.0300094 0.0513764 0.0328204 0.0166386 0.105969 0.0547824 0.00783886 0.060235 0.0310879 0.0343457 0.154224 0.0115646 0.146343 0.02977 0.0283123 0.0370162 
0.00927108 0.0886845 0.0108093 0.00883425 0.0607143 0.018499 0.00514195 0.0128721 0.0193578 0.0469509 0.0157319 0.0223377 0.0876565 0.0259083 0.240904 0.0183583 0.0487814 0.0631012 0.172483 0.0236025 
0.00616155 0.0016271 0.00177475 0.021241 0.0032589 0.00337691 0.0642797 0.0177487 0.0415659 0.0201155 0.00682095 0.0251102 0.0886281 0.0880119 0.263228 0.118208 0.0977536 0.0584997 0.0281354 0.0444545 
0.0487745 0.0533483 0.13227 0.0218591 0.0284134 0.0159062 0.0143056 0.0610976 0.0528449 0.0156584 0.0787838 0.0386992 0.0224446 0.0636897 0.0532705 0.0250129 0.0929758 0.0493409 0.0514662 0.0798385 
0.0578171 0.0519697 0.138568 0.0895585 0.103371 0.0405905 0.0211147 0.0276956 0.0240842 0.0254078 0.0126515 0.0317485 0.0785614 0.057353 0.0664497 0.0372177 0.00944505 0.0262824 0.0577799 0.0423333 
0.0228907 0.0634433 0.0123581 0.0115432 0.00746447 0.012171 0.0529279 0.0883482 0.0936031 0.0287292 0.0211236 0.0291951 0.0729741 0.0574188 0.0912218 0.0129233 0.0258601 0.22677 0.0580805 0.0109534 
0.037578 0.0191784 0.0537038 0.0512217 0.00709382 0.0258921 0.0374492 0.0108471 0.0883638 0.0840619 0.0368723 0.0292038 0.058554 0.0896418 0.0511167 0.132047 0.042572 0.0278276 0.0211025 0.0956726 
0.0216163 0.114325 0.0229118 0.0197503 0.0228534 0.0197364 0.012305 0.0409565 0.0166943 0.0399892 0.0339735 0.133196 0.00993276 0.135584 0.0432662 0.0201063 0.070977 0.0637186 0.0788999 0.0792073 
0.0342751 0.033171 0.00935162 0.0435231 0.0122666 0.0181303 0.025829 0.0285578 0.0362444 0.0227866 0.0693045 0.0474178 0.0113747 0.211483 0.0502069 0.0242713 0.0373652 0.025373 0.0484852 0.210583 
0.0337755 0.0968913 0.0255994 0.153399 0.0593658 0.0475311 0.0398597 0.0256928 0.0131874 0.0484057 0.0197855 0.0411829 0.0232224 0.0302027 0.0673197 0.0175849 0.0935974 0.040129 0.0288288 0.0944388 
0.0469931 0.0787294 0.0509813 0.101794 0.0438203 0.0835142 0.0107443 0.0131981 0.0216743 0.0264197 0.0142635 0.0624482 0.0122876 0.0386822 0.0466142 0.0195958 0.102795 0.0717844 0.126437 0.0272228 
0.0669659 0.0522069 0.148289 0.027467 0.0568904 0.0789402 0.0163456 0.0198143 0.0316086 0.0369001 0.0228452 0.0194787 0.0615448 0.0651482 0.0849402 0.0752484 0.0340311 0.043832 0.0330459 0.0244573 
0.0209147 0.0863717 0.0283871 0.0377749 0.0575481 0.026599 0.0326653 0.0199286 0.142488 0.0332263 0.0150463 0.0194116 0.0159881 0.125522 0.0189675 0.0230291 0.0157645 0.113032 0.0688535 0.0984821 
0.0489739 0.0234868 0.0221978 0.0667502 0.0709485 0.0945135 0.0739403 0.0238825 0.0296975 0.0671549 0.0131934 0.0465002 0.0221806 0.0287739 0.097285 0.0510337 0.0668895 0.0280545 0.0594551 0.0650883 
0.0684349 0.0291247 0.0471121 0.0572361 0.0748491 0.0870857 0.00789397 0.0555386 0.0783896 0.0364132 0.0429472 0.0200167 0.0156118 0.0795964 0.134764 0.0152389 0.0808114 0.0179477 0.0315261 0.0194614 
0.0163682 0.0646078 0.0263128 0.0392234 0.100985 0.00704005 0.0255315 0.0866994 0.0474391 0.0478779 0.0147217 0.0201266 0.0557043 0.0104605 0.00761924 0.165252 0.007709 0.0965483 0.142476 0.0172968 
0.0257275 0.100811 0.0182649 0.0400986 0.0849 0.0077762 0.0374847 0.0905892 0.075004 0.0556377 0.0175862 0.021601 0.0459082 0.0110607 0.00777986 0.0990029 0.00588262 0.0793662 0.152585 0.0229335 
0.0888468 0.0557341 0.0906158 0.126976 0.0855448 0.0536985 0.0186396 0.029936 0.0195019 0.0435599 0.0171803 0.0130732 0.0508796 0.0328342 0.0624292 0.0503722 0.0388644 0.0478685 0.0519407 0.021504 
0.0245229 0.0212595 0.0284438 0.0880772 0.0564506 0.0332659 0.0956288 0.0510425 0.0393182 0.0108316 0.0250351 0.0245685 0.0621512 0.0201563 0.0921398 0.118292 0.0275077 0.0498282 0.0919514 0.0395291 
0.0703411 0.0347963 0.0219768 0.051599 0.0157935 0.0542091 0.0650311 0.0337693 0.0338712 0.0237024 0.014989 0.0550549 0.0328089 0.0457203 0.297371 0.0192354 0.0142695 0.0406167 0.0453527 0.0294921 
0.0340723 0.0787778 0.012643 0.129899 0.0428694 0.0246421 0.0189808 0.0202326 0.0302795 0.0143786 0.0116982 0.231972 0.124042 0.0233909 0.0620947 0.0627738 0.0327289 0.0102397 0.0260183 0.0082663 
0.062692 0.0790894 0.00655676 0.0141344 0.0353294 0.149724 0.0096973 0.0706087 0.124766 0.00711186 0.00390117 0.136238 0.0516795 0.0068699 0.00196428 0.0128322 0.137818 0.0046701 0.0221751 0.0621425 
0.014384 0.0240414 0.00136461 0.0709521 0.0138738 0.00155173 0.0081063 0.0246727 0.399614 0.106027 0.00627601 0.000746425 0.0443775 0.000516991 0.0732521 0.0158583 0.000462589 0.000382053 0.00154038 0.192 
0.0713331 0.0804194 0.0339294 0.051049 0.043214 0.0252421 0.021742 0.0513245 0.0280756 0.0494678 0.019303 0.0352401 0.0377177 0.0622596 0.0742802 0.0694333 0.0326438 0.10941 0.060997 0.0429187 
0.0479149 0.0486622 0.0482684 0.0446153 0.0481006 0.0472848 0.0657548 0.0518869 0.0511951 0.0474021 0.0518836 0.0486343 0.0534976 0.0478596 0.0505984 0.0509942 0.0493368 0.0491584 0.0471954 0.0497566 
0.195465 0.0156407 0.0180758 0.0435151 0.052106 0.0628205 0.0218006 0.0423133 0.0511326 0.0353683 0.0116032 0.0406285 0.0622812 0.0313645 0.0513513 0.0534452 0.0141912 0.0646464 0.0556049 0.0766457 
0.0475078 0.0291378 0.0754905 0.0901503 0.0783924 0.0188022 0.0276247 0.029446 0.0217758 0.0854334 0.1231 0.0157164 0.0504295 0.0339435 0.0353903 0.01926 0.0603849 0.0516634 0.0844297 0.0219213 
0.113854 0.0535543 0.182536 0.0393751 0.0647147 0.0704881 0.00669177 0.0426778 0.0254121 0.00763868 0.00597596 0.0198946 0.0200005 0.0250139 0.0524412 0.0760886 0.0582965 0.0636671 0.0432237 0.0284555 
0.0815383 0.0574656 0.0448142 0.0736658 0.072484 0.119482 0.0152716 0.0546264 0.0322762 0.0333018 0.0208797 0.0211123 0.0479083 0.0680752 0.0695731 0.0220151 0.028577 0.0309485 0.0809203 0.0250641 
0.0434403 0.00590972 0.0171549 0.0565498 0.00899275 0.0313914 0.226819 0.0412465 0.0412395 0.039858 0.0229464 0.0316156 0.036938 0.0495105 0.0226476 0.1717 0.0174723 0.0557683 0.0059718 0.0728273 
0.00655693 0.0429229 0.00988899 0.0808211 0.0374132 0.0315565 0.0413388 0.00849614 0.0654847 0.0173526 0.0492536 0.327685 0.0533752 0.0308009 0.0317626 0.0506056 0.0449835 0.0462788 0.016307 0.00711655 
0.0441398 0.102172 0.0192005 0.0691343 0.081252 0.0193529 0.0144419 0.0504621 0.0258635 0.0977067 0.0051037 0.072949 0.0346536 0.0601721 0.0801408 0.0233939 0.135164 0.0256838 0.0297444 0.00926874 
0.0188994 0.0551606 0.00874779 0.0579765 0.0541071 0.0623685 0.00544825 0.0129056 0.0640643 0.114816 0.0153992 0.0225729 0.0149361 0.0552779 0.0698393 0.0224617 0.09451 0.0303364 0.0871491 0.133023 
0.047837 0.114531 0.0326577 0.0468002 0.0842434 0.0307873 0.00758232 0.0281148 0.0291307 0.0285064 0.0123383 0.0260636 0.0527121 0.116149 0.0353414 0.025613 0.031488 0.0687235 0.0955036 0.0858768 
0.045989 0.0374828 0.0127538 0.0612219 0.0868709 0.0459591 0.0298406 0.0772749 0.048487 0.0155007 0.0192328 0.0377611 0.0762195 0.0782045 0.0501344 0.102117 0.0401299 0.039933 0.0209009 0.0739868 
0.0244394 0.0528436 0.0405033 0.0888231 0.00474851 0.0707979 0.201232 0.00939088 0.186157 0.000779928 0.00512198 0.00880221 0.0140836 0.000787456 0.0299707 0.0469858 0.0657526 0.0816914 0.000776527 0.0663122 
0.00723181 0.00632285 0.00656976 0.63983 0.00927975 0.125401 0.00659459 0.00622916 0.0075372 0.0870705 0.0216084 0.00794106 0.00589393 0.017036 0.00888673 0.00416949 0.00890887 0.00790524 0.0122529 0.00333086 
0.0797952 0.0161623 0.029419 0.102711 0.0467678 0.0476675 0.0203119 0.0113816 0.148915 0.0189046 0.0368192 0.0195721 0.0552242 0.024533 0.00955127 0.03467 0.059068 0.0999322 0.0970792 0.0415158 
0.00222666 0.0486324 0.0112869 0.0521792 0.00379106 0.0215317 0.0452463 0.163044 0.0977853 0.0134336 0.0220283 0.0229461 0.0565255 0.0966634 0.019902 0.016548 0.0166416 0.256958 0.0276259 0.00500479 
0.0813265 0.105791 0.0557742 0.0201096 0.031432 0.06787 0.0163749 0.0217732 0.0642417 0.0970694 0.0159789 0.0587953 0.0329977 0.0463235 0.160729 0.0083456 0.0150249 0.0495068 0.0352619 0.0152734 
0.0303009 0.036388 0.0376015 0.0413621 0.0179178 0.0201094 0.0147196 0.122526 0.0392256 0.0468629 0.011146 0.0530321 0.0944354 0.0836611 0.0411922 0.141703 0.0356902 0.0573086 0.059413 0.0154045 
0.0359539 0.0239165 0.0272626 0.0317837 0.0446699 0.0957801 0.0208681 0.0294543 0.181119 0.0221646 0.0868518 0.0419743 0.0407958 0.0598416 0.0472594 0.0382203 0.0163886 0.0614439 0.0208251 0.0734268 
0.0307822 0.0169712 0.00284677 0.0271978 0.0589545 0.0221423 0.04899 0.0757055 0.032602 0.0327601 0.0146791 0.0873857 0.0344665 0.060816 0.118223 0.0870079 0.0584506 0.116253 0.0392608 0.0345052 
0.08446 0.0415847 0.0913061 0.158866 0.0782718 0.12052 0.0034988 0.00480726 0.0397416 0.0246166 0.0499096 0.0271131 0.0277821 0.0132174 0.0272338 0.0172661 0.0102652 0.00702745 0.118989 0.0535234 
0.019102 0.0475037 0.0623911 0.0444418 0.135397 0.0193256 0.0177803 0.174988 0.0718112 0.038313 0.0534144 0.0777617 0.0148504 0.0136557 0.0657325 0.0374853 0.0143155 0.0291218 0.0192348 0.0433742 
0.0883308 0.0512128 0.0225122 0.0577458 0.0406842 0.0585269 0.0267447 0.0236192 0.0343192 0.0691726 0.0950717 0.0388307 0.0530544 0.0218317 0.0323003 0.0308968 0.0671878 0.111997 0.0321037 0.0438574 
0.0623332 0.0292515 0.00707947 0.00958574 0.0207478 0.0179366 0.0101605 0.0794969 0.0376233 0.034827 0.00974756 0.0308244 0.0244995 0.0711453 0.0213574 0.145447 0.169877 0.184066 0.0217393 0.012254 
0.0348903 0.0561585 0.036873 0.101668 0.0489574 0.067005 0.0501903 0.0416643 0.0216847 0.044917 0.0111021 0.047177 0.0656037 0.0238048 0.0554 0.0616586 0.101808 0.0728773 0.0288584 0.0277012 
0.0337765 0.085125 0.0320165 0.0522205 0.0778323 0.0442175 0.019196 0.0645767 0.0251934 0.0427042 0.0202637 0.07241 0.0265253 0.0162425 0.0468967 0.0504739 0.107889 0.0793824 0.0717437 0.0313145 
0.0409051 0.0498234 0.0550598 0.0660611 0.0821241 0.104586 0.0534528 0.0300586 0.0215885 0.0212945 0.0108707 0.0346523 0.0589822 0.0385205 0.0554195 0.029425 0.133791 0.0153981 0.0354531 0.0625336 
0.118865 0.0496761 0.0207587 0.0277277 0.0079105 0.0967558 0.00122864 0.0436392 0.105602 0.0506629 0.172396 0.0153679 0.0964333 0.0234889 0.03489 0.0395078 0.0134882 0.0156539 0.0388162 0.0271312 
0.048191 0.0259989 0.111773 0.0271449 0.0326739 0.0486799 0.0111692 0.0488097 0.0164503 0.0261221 0.0451306 0.119472 0.0513112 0.0890326 0.0498723 0.0184649 0.101147 0.0501299 0.0226013 0.0558241 
0.0380161 0.0438857 0.052884 0.076931 0.0521283 0.0696041 0.0249115 0.0407785 0.0445999 0.0455088 0.0108468 0.0323156 0.0329916 0.0908687 0.0640061 0.0581661 0.0797581 0.0415733 0.0692168 0.0310088 
0.00568277 0.0208314 0.00649201 0.0783816 0.0612586 0.0124691 0.0115404 0.0934298 0.0226451 0.0284996 0.010907 0.171159 0.00978952 0.0707334 0.0420392 0.0196293 0.17215 0.0502317 0.0952114 0.0169196 
0.0310179 0.0200884 0.0489238 0.0329118 0.0411559 0.0960897 0.114954 0.0813394 0.0501558 0.0273283 0.0103236 0.0834294 0.068705 0.0634611 0.0349671 0.0345791 0.0245983 0.0122362 0.0824182 0.0413167 
0.0365377 0.0688902 0.0387103 0.031877 0.151329 0.0386399 0.0113156 0.0197689 0.0268493 0.0303234 0.0945033 0.0361293 0.0329082 0.0722442 0.0783651 0.0485327 0.115875 0.0260956 0.0264496 0.0146557 
0.0432195 0.0188276 0.0143435 0.0277956 0.0734531 0.0169302 0.0133591 0.03155 0.0117801 0.0507699 0.0628529 0.21459 0.11562 0.0197314 0.0172649 0.0407945 0.135815 0.021613 0.015627 0.054063 
0.054274 0.0625704 0.0254481 0.0309991 0.087094 0.0160723 0.0134184 0.246282 0.0356405 0.0547265 0.0144573 0.0717692 0.0161934 0.0328819 0.0128935 0.0837105 0.0572096 0.0309661 0.0203779 0.0330153 
0.0596179 0.0285599 0.0184277 0.0420087 0.0788045 0.0393235 0.0247638 0.0345666 0.0753274 0.0296427 0.0266278 0.0376664 0.0266235 0.0272184 0.0373891 0.0716513 0.208583 0.0163053 0.0645752 0.0523173 
0.0712254 0.0372887 0.00325407 0.0125667 0.126319 0.0115282 0.00382857 0.0181325 0.0118702 0.0121384 0.00201139 0.0131183 0.0551608 0.0745491 0.0208311 0.135287 0.0590323 0.109627 0.0735579 0.148674 
0.0535608 0.0160862 0.0408085 0.0159622 0.0970393 0.035788 0.0733995 0.0216321 0.0558678 0.0496384 0.0136936 0.0224246 0.0375201 0.0144151 0.11848 0.0640152 0.11479 0.0797587 0.0305386 0.0445806 
0.0410336 0.0222177 0.0119626 0.0212421 0.116068 0.0549267 0.0330836 0.0199159 0.0954819 0.0301573 0.0324426 0.0244904 0.0331694 0.0285457 0.0520877 0.0617797 0.217191 0.018062 0.0433134 0.042829 
0.179872 0.0240138 0.045087 0.0475719 0.0597655 0.0316677 0.0121683 0.0141743 0.0523322 0.0944034 0.0987564 0.0197143 0.0264 0.0151829 0.0316576 0.000449369 0.0178253 0.0155948 0.164694 0.0486693 
0.0242833 0.0312508 0.0390855 0.087242 0.0266125 0.046417 0.0555171 0.0124126 0.2076 0.0222513 0.0101027 0.0450097 0.0205253 0.0306143 0.0708469 0.0764704 0.0357677 0.0342826 0.0535721 0.0701357 
0.0927205 0.0312213 0.0181086 0.0134681 0.0141653 0.0316516 0.0225886 0.019985 0.00901974 0.00977389 0.0206617 0.0161141 0.0353364 0.0440712 0.0377436 0.322007 0.132975 0.0774265 0.027606 0.0233563 
0.0683749 0.0250177 0.0590713 0.0703398 0.0189082 0.026532 0.0350528 0.0530847 0.0561678 0.0472594 0.0709848 0.0665286 0.0665706 0.0588754 0.0292282 0.0190195 0.0544312 0.0226284 0.0365869 0.115338 
0.0880795 0.0520425 0.0350379 0.0445011 0.00639232 0.0162635 0.0123127 0.0418398 0.0284683 0.0278433 0.0553218 0.0112456 0.0530512 0.0560982 0.0613083 0.100509 0.0479987 0.0524328 0.0256356 0.183618 
0.0184173 0.0340557 0.0118186 0.0264959 0.0819833 0.0171308 0.00861382 0.00927984 0.0247443 0.0108619 0.028276 0.0240948 0.0678279 0.0486482 0.143055 0.0352886 0.0209953 0.299638 0.0597274 0.0290482 
0.0147596 0.110808 0.0330829 0.030419 0.0240137 0.0745824 0.0283392 0.0276972 0.0318739 0.152006 0.0591609 0.0280647 0.0407376 0.0606364 0.0289374 0.0263799 0.0437262 0.0480249 0.105932 0.0308184 
0.0613584 0.0344691 0.016975 0.0475625 0.0298341 0.0194564 0.0465293 0.0288015 0.0499484 0.0138377 0.0249982 0.0296688 0.0284926 0.11228 0.177719 0.0436203 0.0214398 0.0665607 0.0782454 0.0682018 
0.165593 0.0101565 0.0337222 0.00174817 0.0147355 0.0194171 0.0281169 0.0162587 0.0267991 0.00625512 0.0049721 0.015292 0.0488446 0.0954778 0.00673142 0.32748 0.0610735 0.051238 0.0333431 0.0327451 
0.0410587 0.0163028 0.140739 0.0160237 0.119005 0.0315621 0.0210912 0.0236191 0.0227632 0.0498723 0.0257796 0.0407738 0.0544961 0.0217349 0.073798 0.0408395 0.0347801 0.0117393 0.167078 0.0469439 
0.12358 0.0711955 0.00798497 0.172436 0.048394 0.0486357 0.0221347 0.058542 0.016614 0.0101722 0.00773018 0.0444273 0.0429972 0.115379 0.0329548 0.0286987 0.0449324 0.0209644 0.0655046 0.0167223 
0.00246035 0.0505333 0.063754 0.0534247 0.0674214 0.0222368 0.00743361 0.11133 0.0443913 0.0269378 0.0160442 0.111757 0.0133831 0.0571542 0.0480109 0.0224694 0.0994002 0.0578369 0.110916 0.0131048 
0.0218607 0.199774 0.0231331 0.0201681 0.00579048 0.065373 0.324533 0.0237731 0.0225454 0.00732236 0.00355655 0.0325668 0.0152947 0.00901258 0.0327685 0.0443114 0.00595106 0.0527348 0.0561052 0.0334259 
0.0307501 0.0510207 0.0128591 0.00904913 0.0779481 0.0242988 0.0393804 0.0230569 0.0480936 0.0359474 0.056954 0.0614615 0.111515 0.0934716 0.0580138 0.0266639 0.125909 0.0210399 0.0443848 0.0481824 
0.0633181 0.0177072 0.0232253 0.0335894 0.0168927 0.0239032 0.0229277 0.103987 0.156795 0.0163089 0.0609971 0.044069 0.011206 0.0467424 0.0115258 0.0479678 0.134752 0.0679771 0.0392778 0.056831 
0.0382328 0.0258395 0.00428936 0.00966537 0.0292928 0.0178675 0.0787433 0.0420065 0.0093473 0.0998864 0.00591526 0.00411145 0.0582307 0.123327 0.114618 0.176839 0.0678205 0.0399075 0.0245311 0.0295291 
0.0386325 0.00150414 0.0096623 0.0865489 0.00566849 0.00853337 0.00728947 0.0534788 0.325786 0.0791286 0.147214 0.0194173 0.0189161 0.0127038 0.00673139 0.00745695 0.0207653 0.00812133 0.101718 0.0407237 
0.0141241 0.0245756 0.010527 0.0172332 0.0318026 0.0187694 0.0345541 0.227601 0.0533279 0.0035321 0.00569667 0.196305 0.0486483 0.0223348 0.0429767 0.12802 0.0228126 0.0275017 0.0343911 0.0352656 
0.0362009 0.0612559 0.0522607 0.0586855 0.0471497 0.0515824 0.0227016 0.0503695 0.0560453 0.0684449 0.0331507 0.0415453 0.0819258 0.0287073 0.0754323 0.0520925 0.0380558 0.0375085 0.0365796 0.0703059 
0.0984755 0.0875726 0.0936667 0.0199113 0.0565671 0.0591271 0.0122081 0.0704258 0.0181844 0.0341137 0.00336317 0.0353881 0.0213516 0.0191066 0.142893 0.0184992 0.105908 0.0388387 0.037229 0.02717 
0.0684361 0.0370495 0.0487881 0.0589722 0.106732 0.0168542 0.00853407 0.050733 0.0810752 0.0257351 0.0217051 0.0205773 0.027224 0.019296 0.0475661 0.0563267 0.0454788 0.017533 0.110248 0.131135 
0.0350297 0.0161507 0.0150413 0.0210109 0.0562551 0.0150865 0.0150196 0.213136 0.0403451 0.0180551 0.0856043 0.0412994 0.0133898 0.034472 0.0659829 0.0420184 0.181525 0.0152454 0.0632133 0.0121197 
0.0403876 0.0403582 0.0327045 0.175848 0.0329288 0.11352 0.0292612 0.0436574 0.0894711 0.0899008 0.0186494 0.0159611 0.0236997 0.0313476 0.0299227 0.014611 0.0360552 0.0343999 0.0641066 0.043209 
0.0268914 0.0830045 0.0323208 0.0863157 0.0782326 0.0367865 0.0369037 0.0291206 0.0287324 0.0420149 0.0291188 0.0747308 0.0300246 0.0268604 0.0493514 0.074614 0.0557035 0.104402 0.0469463 0.027925 
0.0327669 0.0164987 0.0138678 0.00696212 0.0172117 0.00362347 0.00666487 0.147885 0.0278228 0.0170189 0.00793857 0.0831844 0.00145319 0.0213805 0.0348918 0.025487 0.153764 0.0063766 0.366563 0.00863903 
0.0064634 0.0520215 0.0107989 0.0311628 0.0445852 0.0187773 0.0369758 0.0148425 0.0304567 0.0828857 0.0838259 0.174162 0.0206457 0.0258671 0.0256633 0.0904926 0.0768292 0.136052 0.0324479 0.00504419 
0.0826985 0.0470913 0.0343847 0.0373301 0.0281619 0.0411975 0.0241464 0.0484157 0.0276463 0.0207833 0.0452626 0.0365183 0.0220295 0.0380739 0.0986355 0.098131 0.118073 0.0652214 0.0459236 0.0402761 
0.0728859 0.0466907 0.114025 0.0215103 0.0470267 0.0258569 0.0392839 0.0505649 0.0486798 0.0519606 0.0100137 0.0411769 0.025777 0.0425347 0.0221088 0.183402 0.0308153 0.0395627 0.0605473 0.0255768 
0.13353 0.0476128 0.0109479 0.0634299 0.0409125 0.0145706 0.0305745 0.0227201 0.0945629 0.0404575 0.0768432 0.0884659 0.0221333 0.110334 0.0161543 0.0219067 0.0392584 0.0456123 0.0784366 0.00153666 
0.0555369 0.0621692 0.028394 0.0185887 0.0764674 0.0939567 0.0920494 0.0424829 0.0488316 0.0454839 0.0362313 0.024923 0.0163297 0.111151 0.039608 0.0105701 0.106132 0.0499771 0.0122357 0.0288815 
0.0862165 0.0538995 0.0658233 0.0698861 0.044973 0.0431247 0.00996238 0.0370745 0.0558584 0.0335673 0.167436 0.0263488 0.0424568 0.0351889 0.0367492 0.0377169 0.0229243 0.0351469 0.0425544 0.053092 
0.014317 0.0336188 0.0517451 0.0498465 0.0602421 0.0287023 0.0145781 0.032712 0.0612663 0.0233066 0.132512 0.0266899 0.0373729 0.0114588 0.0696959 0.192157 0.0289363 0.0543322 0.0290442 0.0474662 
0.0506971 0.0244093 0.0197695 0.0435025 0.013142 0.0143505 0.041616 0.196923 0.0823619 0.028025 0.0482367 0.0382377 0.0128773 0.0739909 0.0235583 0.142449 0.0561308 0.0411566 0.0409031 0.00766193 
0.0475836 0.0428256 0.0805207 0.180358 0.0263758 0.0169761 0.000458511 0.0238874 0.0614206 0.0169732 0.0402809 0.118128 0.0752283 0.0122502 0.0286257 0.028609 0.0921487 0.0404431 0.0499916 0.0169149 
0.0858092 0.0419613 0.0220674 0.0326745 0.0206362 0.0563305 0.078118 0.128564 0.0193498 0.0706183 0.0253062 0.111476 0.0604575 0.0148717 0.0808971 0.0226925 0.0243036 0.04124 0.0288687 0.0337575 
0.0441772 0.0221486 0.0167705 0.0261741 0.0202162 0.00326753 0.0070508 0.0780212 0.0451341 0.00891164 0.00860105 0.141384 0.0505256 0.0588481 0.0311476 0.125782 0.0135769 0.0699765 0.0261705 0.202116 
0.0666192 0.0239534 0.227219 0.0646503 0.0619587 0.0995243 0.0712283 0.0175055 0.020407 0.0224672 0.0116003 0.0139284 0.0242398 0.0440212 0.0301367 0.0609233 0.016006 0.0199602 0.0520003 0.0516507 
0.0062172 0.109951 0.0322573 0.0130933 0.0565809 0.0138727 0.0173939 0.0119629 0.143896 0.0210915 0.0184226 0.0347003 0.0466505 0.039763 0.0923071 0.182392 0.0229827 0.0833177 0.00988976 0.0432581 
0.047717 0.0108315 0.0796392 0.0373553 0.00977953 0.0181209 0.0141184 0.0103516 0.0159507 0.0162415 0.0818781 0.0399893 0.0745762 0.0426569 0.159697 0.0308697 0.104353 0.1132 0.017923 0.0747514 
0.019105 0.00130133 0.00391079 0.149975 0.0489704 0.0695191 0.000574528 0.00924021 0.0451484 0.0616767 0.0174286 0.0242313 0.0953787 0.0303966 0.107843 0.0455543 0.0644631 0.0866381 0.0220365 0.0966083 
0.0342769 0.013353 0.107355 0.0573591 0.0143843 0.0115648 0.0136975 0.015766 0.0272017 0.0110182 0.034189 0.0276276 0.00772914 0.0521909 0.120372 0.130636 0.132594 0.0939731 0.0403115 0.0544004 
0.0375323 0.0355175 0.0254665 0.095764 0.0370733 0.0500873 0.0473064 0.0275998 0.0497468 0.0922273 0.0382157 0.0880816 0.0301124 0.0827827 0.0333588 0.0171656 0.0483952 0.0354114 0.0584104 0.0697448 
0.0362926 0.00775939 0.0439725 0.0191332 0.0684833 0.0339251 0.0572252 0.0832943 0.0085761 0.0246078 0.0222187 0.0314991 0.010673 0.0147742 0.0220166 0.28133 0.103013 0.0855223 0.0110615 0.0346221 
0.152194 0.0449951 0.0916771 0.0433802 0.0429084 0.0339552 0.100661 0.0673615 0.0227397 0.035296 0.0186927 0.0845514 0.0288494 0.0548558 0.0429524 0.031898 0.0184044 0.040181 0.023862 0.0205842 
0.0754241 0.0473575 0.0561295 0.0198842 0.024776 0.0678158 0.014793 0.0667492 0.0351907 0.0196406 0.0981005 0.0317749 0.0288437 0.0561879 0.0592418 0.0160708 0.0248807 0.0821127 0.124531 0.0504952 
0.0177054 0.108649 0.0138431 0.0111418 0.132616 0.0658745 0.0567734 0.0266547 0.07059 0.00761796 0.0137131 0.0287633 0.0105316 0.0220832 0.0787616 0.126116 0.090432 0.0390255 0.0327061 0.0464019 
0.081402 0.0442242 0.0229838 0.0156285 0.0840278 0.0606049 0.0407507 0.0337302 0.0131296 0.013297 0.0290833 0.0473211 0.0163384 0.0376008 0.0545146 0.208161 0.0945262 0.0273288 0.047414 0.0279337 
0.0234821 0.0509698 0.0243636 0.0480653 0.0360984 0.0451534 0.0172686 0.0260332 0.0768672 0.0512279 0.0250159 0.0635426 0.0187279 0.192419 0.071545 0.0389546 0.0683952 0.0435777 0.0375495 0.0407432 
0.0523797 0.0567508 0.031108 0.0290243 0.0189627 0.0637529 0.0109966 0.0721878 0.100067 0.0492602 0.0947596 0.0798714 0.035968 0.0650856 0.0528747 0.0507658 0.0267607 0.0316616 0.045275 0.0324878 
0.00164324 0.0284433 0.0363767 0.0321556 0.0114975 0.00546443 0.0075888 0.0389168 0.0578922 0.0275767 0.0163854 0.0187353 0.266835 0.00637579 0.0692402 0.049292 0.0235121 0.272728 0.0129077 0.0164329 
0.104352 0.0550837 0.0479777 0.00595698 0.0592736 0.0146772 0.0563697 0.0589758 0.0694494 0.0496744 0.0323103 0.0720078 0.0611024 0.0122419 0.00854006 0.0367741 0.106278 0.0291985 0.034877 0.0848795 
0.0220686 0.152352 0.0190787 0.0433376 0.0381914 0.0441799 0.0135225 0.0174976 0.0318993 0.0268506 0.0212747 0.128754 0.059756 0.104236 0.0335971 0.041966 0.0784515 0.0405948 0.0218985 0.0604926 
0.012651 0.0657993 0.0176563 0.100729 0.0383955 0.017408 0.00861307 0.0135905 0.0108284 0.110624 0.129151 0.0258399 0.0224722 0.106519 0.0418503 0.0218131 0.0396465 0.0943561 0.084164 0.0378925 
0.0847141 0.0625871 0.0464165 0.0589613 0.0333062 0.0588204 0.022846 0.0176403 0.0470839 0.0640843 0.0492944 0.0426457 0.042754 0.0471846 0.0845997 0.0214391 0.0821856 0.0727231 0.0196469 0.041067 
0.0321773 0.0457002 0.0333261 0.0190393 0.0731079 0.0569045 0.0459371 0.076982 0.117444 0.0537327 0.0237947 0.0219979 0.0390028 0.0387801 0.0590157 0.0651923 0.0989211 0.0277909 0.0231106 0.0480427 
0.0135399 0.0910447 0.0074993 0.0391559 0.0588116 0.0111275 0.000185972 0.00475219 0.096983 0.0297588 0.140572 0.0150088 0.00427237 0.0293698 0.0808891 0.123325 0.00495682 0.0327965 0.0289489 0.187002 
0.0541986 0.0632336 0.0268685 0.0180783 0.0473076 0.0651147 0.0655653 0.0953985 0.0322355 0.0493719 0.0092141 0.0515732 0.0757697 0.0360074 0.0725782 0.0473225 0.0275649 0.0719363 0.0528968 0.0377641 
0.0109787 0.0159154 0.00192998 0.0638129 0.0398961 0.032687 0.0842162 0.129765 0.101658 0.00623186 0.00771251 0.0164593 0.00801486 0.0693033 0.0105267 0.116884 0.10121 0.0970343 0.0323856 0.0533778 
0.0642623 0.0318053 0.0437826 0.0474588 0.0281943 0.0250531 0.0481449 0.166915 0.0142125 0.038512 0.0269558 0.0391657 0.0714926 0.0862032 0.00516833 0.0581113 0.0457035 0.123549 0.0261656 0.00914414 
0.0113439 0.0757768 0.0835428 0.0302544 0.0428082 0.0131636 0.11794 0.0588099 0.00470971 0.0221918 0.0153807 0.0459326 0.204562 0.014953 0.0070692 0.0686425 0.0959476 0.0527866 0.0237167 0.0104685 
0.12478 0.00848322 0.0430734 0.00137033 0.0186609 0.0149046 0.0356471 0.0180668 0.0264811 0.00480441 0.00707755 0.0380826 0.0393249 0.146679 0.0157956 0.248381 0.0462351 0.0604583 0.0608065 0.0408873 
0.035949 0.0302625 0.0468024 0.0601351 0.0658759 0.034977 0.0245585 0.0252889 0.0839074 0.117663 0.0359577 0.10637 0.0505432 0.034048 0.03413 0.0347086 0.0441673 0.0369546 0.0433495 0.0543508 
0.0739984 0.0613329 0.0520268 0.0524995 0.0518817 0.0575019 0.00565581 0.0723912 0.0226511 0.119081 0.0384522 0.0230233 0.0534764 0.0567182 0.0428183 0.0191642 0.0167871 0.0850288 0.0716023 0.0239087 
0.0699102 0.0499596 0.0600803 0.034413 0.0324118 0.0567606 0.00888001 0.0394445 0.0499945 0.0357559 0.124594 0.0142478 0.0536083 0.145855 0.0284585 0.0248161 0.042387 0.0771246 0.0154114 0.0358869 
0.0178797 0.141691 0.00426737 0.16234 0.0778175 0.0169047 0.0526217 0.0657628 0.00128664 0.0074183 0.133691 0.0335352 0.00472968 0.0641664 0.0618301 0.0434201 0.0564579 0.00123546 0.0516934 0.00125049 
0.0640077 0.00906822 0.0147143 0.0220578 0.0412086 0.0965491 0.0151638 0.0684082 0.0539835 0.0127617 0.157442 0.052937 0.0786638 0.0136106 0.0451512 0.0638336 0.0451307 0.011932 0.0264726 0.106904 
0.0136752 0.028669 0.0900187 0.0511966 0.0337526 0.0353939 0.0124335 0.0273757 0.030103 0.0965661 0.0292425 0.0727674 0.0573802 0.086534 0.0466497 0.0456478 0.0500562 0.052207 0.103928 0.036403 
0.05305 0.0467 0.0178298 0.0524724 0.071678 0.0478736 0.0148078 0.0559895 0.0765808 0.0664382 0.106353 0.0333563 0.0442946 0.0270988 0.0390641 0.0555586 0.0508897 0.0509847 0.0475564 0.0414234 
0.0937745 0.0237813 0.0299176 0.274706 0.0453902 0.0176299 0.016151 0.0150242 0.0632688 0.0284849 0.0581503 0.0185227 0.0358379 0.029776 0.0547096 0.039724 0.0263415 0.032022 0.0767975 0.0199901 
0.0222285 0.0442069 0.028465 0.0224457 0.0991926 0.0169082 0.0549636 0.0485626 0.12533 0.0391371 0.0333074 0.0452128 0.0593873 0.0710153 0.0933954 0.0427187 0.028535 0.0404373 0.0575176 0.0270326 
0.0408057 0.0487282 0.0366858 0.036448 0.13908 0.0195907 0.0144406 0.0832756 0.017592 0.0607373 0.0126699 0.0170636 0.0417579 0.0262926 0.0932901 0.0177278 0.189131 0.0128058 0.0212724 0.0706052 
