0.019231 0.041299 0.0683249 0.0102731 0.00220815 0.0399218 0.113664 0.109049 0.0397684 0.0409312 0.0239989 0.0427792 0.175468 0.0778104 0.0121164 0.0137396 0.0858296 0.0205488 0.0215903 0.0209601 0.0204886 
0.0423333 0.0564876 0.0177512 0.018194 0.0404535 0.0299039 0.0548836 0.0610145 0.031047 0.0269976 0.016628 0.0512368 0.105147 0.0279079 0.0414172 0.0555001 0.0424013 0.0273565 0.150488 0.0371919 0.0656591 
0.044405 0.0603578 0.0141586 0.025555 0.021705 0.0234088 0.0446444 0.0289723 0.017182 0.0158649 0.0556409 0.0379893 0.0827417 0.0811356 0.0214936 0.0468156 0.0937677 0.0444149 0.131295 0.0710547 0.0373967 
0.017162 0.029759 0.0183577 0.0364504 0.0212111 0.122395 0.00926096 0.041537 0.0150499 0.0692681 0.0349199 0.0862231 0.0720455 0.0846067 0.0090631 0.13523 0.0827075 0.00978134 0.0389962 0.0277804 0.038195 
0.0233059 0.0465582 0.0315214 0.0105706 0.0225735 0.0167866 0.0756465 0.0909205 0.0263956 0.0809532 0.0433144 0.0312476 0.0751062 0.138231 0.0203405 0.0236952 0.0767641 0.0461157 0.0354899 0.0401636 0.0442994 
0.019392 0.0566554 0.0168834 0.0150561 0.0358152 0.0138291 0.0408 0.0113495 0.157216 0.110652 0.0198712 0.0167992 0.0373439 0.0333481 0.0297391 0.0180359 0.0133164 0.0308593 0.0949428 0.190997 0.037098 
0.0220201 0.0566341 0.016762 0.00907703 0.0331837 0.0102053 0.0508488 0.0228454 0.155399 0.128036 0.0122282 0.0333602 0.125278 0.047303 0.0276891 0.00565945 0.0367121 0.0162885 0.052393 0.124353 0.013724 
0.0413498 0.0167717 0.0605588 0.0308253 0.0306807 0.0271927 0.0366618 0.0268679 0.0214213 0.0635496 0.0366525 0.040858 0.0559415 0.0452954 0.114146 0.0531111 0.107323 0.0351801 0.0164674 0.098325 0.0408206 
0.0200415 0.0215728 0.0160688 0.00472318 0.00310163 0.0183768 0.0232174 0.0328327 0.0237861 0.0543448 0.0456154 0.0494828 0.201144 0.0825232 0.0590082 0.0500822 0.0934325 0.0770826 0.0261485 0.0646602 0.0327551 
0.0144009 0.0423908 0.045636 0.00822049 0.0296169 0.02607 0.108868 0.0119816 0.0733041 0.0392278 0.0141402 0.0776279 0.0529856 0.0703638 0.0277054 0.0679283 0.0418876 0.074201 0.0214561 0.099006 0.0529821 
0.00685183 0.442501 0.00633615 0.00824741 0.00698978 0.0066771 0.00623755 0.0375207 0.0383865 0.00612658 0.00647974 0.00622954 0.0356526 0.00610849 0.0753942 0.00628204 0.00601064 0.142118 0.00641836 0.13669 0.00674165 
0.0350104 0.0535315 0.0573557 0.0148034 0.0643583 0.0541379 0.113331 0.0444412 0.043127 0.0380228 0.00959822 0.0215243 0.0441778 0.0733266 0.0288509 0.0256518 0.0996539 0.0666192 0.054168 0.0211208 0.0371894 
0.0586023 0.0725749 0.00724952 0.00726319 0.00859611 0.0301281 0.0236502 0.0398551 0.0405348 0.0391564 0.00753094 0.0746581 0.178991 0.0669758 0.0319257 0.0200709 0.110019 0.0344614 0.125241 0.0156588 0.00685758 
0.0319864 0.0465745 0.0205403 0.0164841 0.0323872 0.00721757 0.12167 0.0926307 0.0910077 0.0166761 0.00947816 0.0401229 0.0490147 0.0509773 0.0465539 0.0798697 0.0382385 0.0333224 0.0355597 0.0877145 0.0519741 
0.146995 0.00198694 0.00794228 0.0116581 0.00705194 0.00955336 0.0111932 0.0106157 0.0385481 0.0325534 0.0296744 0.143903 0.0274591 0.0935609 0.000958212 0.0416427 0.00408502 0.088864 0.25686 0.0339524 0.000942504 
0.0102316 0.0114643 0.00103591 0.00696222 0.00898338 0.00314438 0.0938519 0.00471457 0.00743431 0.239278 0.00245677 0.242058 0.0725025 0.0591357 0.0344339 0.0374517 0.00631521 0.0245453 0.0011269 0.0302987 0.102574 
0.019541 0.0313913 0.0459592 0.00208967 0.00705603 0.00659605 0.00284659 0.0206741 0.0132046 0.140514 0.0238507 0.0590607 0.158622 0.0635963 0.0178509 0.207878 0.0388431 0.00758227 0.0281139 0.0732038 0.0315252 
0.0584996 0.0209632 0.00909974 0.0795211 0.0294029 0.0163632 0.0383442 0.0365204 0.182166 0.0450012 0.0195307 0.0477563 0.046997 0.0940655 0.023751 0.0236579 0.0389118 0.0314434 0.0644192 0.0499764 0.043609 
0.0230206 0.0153556 0.0193064 0.0260222 0.0169294 0.023411 0.0452774 0.033742 0.0197862 0.0376821 0.00958035 0.0263413 0.0898784 0.0448178 0.306868 0.015833 0.0714632 0.0401436 0.0553578 0.0422556 0.0369276 
0.0395524 0.0156099 0.032692 0.0151013 0.0157041 0.0163625 0.0257126 0.0140498 0.00681102 0.0207574 0.0726967 0.0457628 0.0123814 0.0127281 0.0119586 0.0206778 0.36254 0.0537755 0.0402725 0.105881 0.0589736 
0.0360844 0.0448146 0.0352618 0.0639296 0.0196158 0.0195184 0.0358375 0.0393419 0.0235614 0.049774 0.023097 0.062713 0.0223584 0.0778551 0.0297763 0.182411 0.0649348 0.024426 0.054035 0.0190554 0.0715992 
0.0676051 0.0620491 0.100268 0.0115025 0.0219097 0.0306958 0.0426911 0.0795189 0.0256535 0.0271254 0.0401498 0.0523364 0.0637353 0.0633039 0.0169863 0.0342188 0.0740873 0.0916339 0.0234427 0.0223959 0.0486904 
0.0551957 0.0371112 0.0117452 0.035826 0.0172247 0.0201993 0.0782639 0.0447299 0.0348908 0.100502 0.017298 0.0271681 0.0276525 0.0458907 0.0551877 0.0543864 0.0978776 0.0390136 0.0664714 0.0641495 0.0692159 
0.0568084 0.0396113 0.0282013 0.0181154 0.0284128 0.0468912 0.0411798 0.0507607 0.0270629 0.0690127 0.022875 0.0487169 0.0927354 0.048075 0.051273 0.0405616 0.0720842 0.0950428 0.0399485 0.0695034 0.0131279 
0.00964094 0.0305069 0.00813142 0.042584 0.0225476 0.0129432 0.246903 0.0321408 0.0478313 0.0652127 0.0172602 0.0225386 0.117768 0.0343888 0.0328799 0.0406688 0.0356126 0.109309 0.0351708 0.0258024 0.0101592 
0.0231956 0.0487098 0.0133581 0.00724539 0.0663049 0.0121001 0.0337873 0.0912592 0.0249299 0.0768958 0.0140625 0.0287269 0.038831 0.0411788 0.134008 0.0433425 0.168338 0.0202725 0.0222083 0.0180302 0.0732152 
0.0598218 0.0511046 0.0148188 0.0191846 0.0405282 0.0662117 0.0361633 0.046698 0.0259864 0.0265893 0.0151824 0.0514519 0.049527 0.0437787 0.0322484 0.151999 0.0776668 0.0593894 0.027176 0.0608894 0.0435844 
0.00882053 0.0986521 0.0163055 0.0135934 0.0107334 0.0456583 0.0897452 0.0288061 0.0755576 0.031367 0.0491764 0.100083 0.049551 0.0473131 0.0359083 0.0250719 0.0403066 0.0368666 0.038889 0.104685 0.0529097 
0.0375433 0.0105988 0.0128698 0.013962 0.00441159 0.00937101 0.0172544 0.0472178 0.0250013 0.00661721 0.00487353 0.00596618 0.470791 0.045047 0.00722704 0.00596359 0.19407 0.0362651 0.00531499 0.00725108 0.0323837 
0.0135936 0.0592076 0.00798074 0.0110762 0.0425522 0.0791834 0.0921685 0.0531417 0.0281641 0.035505 0.017029 0.0307625 0.0847725 0.0586367 0.13572 0.0793913 0.026503 0.00801204 0.059655 0.0507944 0.0261502 
0.0174226 0.0318825 0.0425723 0.0205093 0.0153438 0.040418 0.0648343 0.0241505 0.0254469 0.038415 0.028125 0.0600524 0.161606 0.0682911 0.0419189 0.0424525 0.0991536 0.0387196 0.0602265 0.0600313 0.0184283 
0.123526 0.0259241 0.0202237 0.00643276 0.0151571 0.0530303 0.094013 0.0370585 0.0140705 0.0948417 0.0307579 0.0674236 0.188109 0.0670414 0.0302422 0.00474753 0.0256201 0.0118811 0.0383109 0.0162267 0.0353625 
0.0461779 0.0111979 0.0188906 0.0259218 0.0127849 0.0386618 0.042143 0.0609894 0.0336073 0.0353564 0.0289419 0.0383203 0.0902814 0.0876434 0.0290843 0.0667054 0.115694 0.0483974 0.0341445 0.0711582 0.0638979 
0.0403978 0.0517097 0.0204011 0.0174667 0.0217548 0.00905938 0.185049 0.0536403 0.0710009 0.142267 0.0164996 0.0338358 0.0600529 0.0758075 0.036551 0.00800616 0.0230619 0.0128018 0.0268679 0.0465272 0.0472413 
0.00329992 0.0482078 0.00819377 0.00527323 0.0146986 0.285367 0.0682279 0.0238942 0.0041667 0.0470118 0.0337087 0.0146157 0.149868 0.0390063 0.00517706 0.0277613 0.0273615 0.0618013 0.0300149 0.0195797 0.0827648 
0.00256282 0.00838711 0.0692109 0.00179498 0.122278 0.00574841 0.0583349 0.124126 0.00538901 0.188607 0.00502553 0.091599 0.11731 0.0184945 0.0167528 0.0358101 0.0403745 0.0286939 0.0225887 0.026465 0.0104467 
0.0223357 0.0248092 0.0389462 0.03537 0.0096494 0.00971402 0.0861063 0.0370492 0.105752 0.0401525 0.0182372 0.0498678 0.0622161 0.0667459 0.0376587 0.0669485 0.0792466 0.069192 0.0177227 0.0814602 0.04082 
0.00132256 0.370124 0.00733815 0.0175114 0.00134919 0.136617 0.0433436 0.133984 0.0197587 0.149005 0.0200119 0.00721466 0.00114697 0.0129699 0.0145529 0.00121258 0.0127622 0.00783776 0.0012389 0.0263844 0.0143143 
0.0187763 0.0119992 0.034368 0.024058 0.00505884 0.0182549 0.113978 0.0710065 0.0457338 0.0588466 0.0606204 0.0497834 0.190178 0.0583943 0.044576 0.0407452 0.0324551 0.0438438 0.030362 0.0306055 0.0163561 
0.0264266 0.0556928 0.0423162 0.0563261 0.0217063 0.0579543 0.0495653 0.0211298 0.0449596 0.0281029 0.00597318 0.137156 0.0731992 0.0459705 0.0508197 0.0515189 0.0600237 0.0569685 0.0290389 0.0305267 0.0546247 
0.0502949 0.0557778 0.00990132 0.0465543 0.0226605 0.0262487 0.0461619 0.0773272 0.0308464 0.0763128 0.0819635 0.0323325 0.0419346 0.0386692 0.0659675 0.0267716 0.0387741 0.0691004 0.0388806 0.0527413 0.070779 
0.0367027 0.186678 0.0638589 0.00589067 0.0504698 0.033647 0.00905724 0.0593935 0.0499376 0.0119568 0.11258 0.0408946 0.00620337 0.0350484 0.0446434 0.0231837 0.0487057 0.0203154 0.0251799 0.0245291 0.111125 
0.0499414 0.0779756 0.0472052 0.0115707 0.00726422 0.0461169 0.0181089 0.0370771 0.0154025 0.0996134 0.0259593 0.0228851 0.185674 0.0590761 0.0187114 0.0103513 0.143879 0.00565314 0.0218676 0.0814431 0.0142241 
0.0499414 0.0779756 0.0472052 0.0115707 0.00726422 0.0461169 0.0181089 0.0370771 0.0154025 0.0996134 0.0259593 0.0228851 0.185674 0.0590761 0.0187114 0.0103513 0.143879 0.00565314 0.0218676 0.0814431 0.0142241 
0.0366536 0.0456762 0.0222086 0.0104435 0.0294444 0.0446053 0.0512164 0.0464183 0.00843156 0.0649468 0.0269517 0.0676355 0.0912306 0.0472657 0.0298743 0.0933517 0.117337 0.0769786 0.0246242 0.0456601 0.0190456 
0.0112104 0.0440738 0.016452 0.00869018 0.00747764 0.0235546 0.0239597 0.0167868 0.0256545 0.295679 0.0205373 0.150597 0.0541646 0.0337122 0.0242162 0.0177792 0.13441 0.0263088 0.0242456 0.0193509 0.0211392 
0.0293888 0.0156831 0.0508604 0.0113396 0.0126148 0.0785372 0.0544818 0.0156149 0.028549 0.0129048 0.00626989 0.0381248 0.228643 0.102092 0.0120722 0.0243573 0.0551631 0.135818 0.0177108 0.04878 0.020994 
0.00167077 0.00641607 0.00387714 0.0502009 0.000337666 0.00109056 0.00080354 0.0112351 0.0035469 0.129323 0.338383 0.0164226 0.0390395 0.00106795 0.109045 0.00225439 0.00118912 0.271133 0.00186037 0.00263532 0.00846766 
0.0129802 0.0159555 0.0297719 0.0522753 0.0872932 0.0268521 0.0382672 0.0852963 0.0626067 0.0680279 0.0366108 0.0366963 0.0566468 0.0255143 0.0211171 0.0148721 0.130889 0.108794 0.0147932 0.0213721 0.0533673 
0.0149972 0.0146914 0.00817272 0.0392599 0.0890258 0.0122143 0.0562338 0.0194391 0.0279227 0.0638093 0.0476709 0.206276 0.0259135 0.18841 0.00616895 0.051779 0.0188977 0.0507807 0.0413095 0.00780011 0.00922748 
0.052082 0.0133846 0.012793 0.0328527 0.0212119 0.0306733 0.130772 0.0451336 0.0372576 0.0558013 0.0523977 0.0749301 0.0255954 0.0569501 0.013778 0.0414283 0.0831929 0.161481 0.0169616 0.0117185 0.0296049 
0.0467367 0.0697335 0.0443676 0.00362832 0.0303664 0.0877186 0.0221062 0.0364143 0.0121232 0.0798263 0.111163 0.0400754 0.0277541 0.0737909 0.0410315 0.0969802 0.103859 0.0102852 0.00267461 0.0307811 0.0285843 
0.0600031 0.0422971 0.0223744 0.0243003 0.0405879 0.0434461 0.0544377 0.0279072 0.0377087 0.0210332 0.01719 0.0245104 0.103127 0.0865405 0.0146925 0.0583464 0.0577172 0.0791835 0.0451503 0.0836049 0.0558412 
0.0228029 0.0924557 0.0248651 0.00823136 0.0133089 0.00918862 0.0367435 0.0693412 0.0208125 0.113587 0.0472908 0.0749788 0.0731091 0.0782221 0.0115639 0.00993676 0.0665197 0.0317474 0.0378818 0.109461 0.0479515 
0.173737 0.0152036 0.059714 0.017431 0.023105 0.0770997 0.0182874 0.0257293 0.0404783 0.0261592 0.0811406 0.00860182 0.0635947 0.00965002 0.0623509 0.0222123 0.0109984 0.0939888 0.0289081 0.0656682 0.0759412 
0.0259807 0.0131378 0.0335583 0.00673087 0.0182089 0.0738583 0.0115495 0.0130385 0.0203374 0.00401183 0.00742617 0.00869778 0.143739 0.042044 0.0578253 0.00591924 0.0534444 0.210844 0.0672102 0.125367 0.0570705 
0.0203073 0.0413875 0.0677063 0.00943531 0.0784766 0.187944 0.00765339 0.0107179 0.0189321 0.0298739 0.00806606 0.077669 0.0371976 0.0185523 0.062079 0.0196001 0.0309542 0.0244026 0.0298798 0.116755 0.10241 
0.000331105 0.0806984 0.0943651 0.00196831 0.0853884 0.256122 0.0211876 0.00355108 0.0159264 0.00833109 0.0069006 0.0338236 0.00314863 0.00820072 0.0678622 0.0289007 0.00137204 0.00828927 0.148722 0.0415125 0.0833983 
0.191861 0.00759582 0.0120688 0.0184404 0.0552961 0.0279649 0.0150026 0.0306718 0.0590232 0.0236878 0.020708 0.226868 0.0304445 0.0285511 0.0829968 0.0143924 0.0751708 0.0128725 0.0323638 0.0200016 0.0140181 
0.0395747 0.0125418 0.0196708 0.00702279 0.194378 0.0236242 0.0174797 0.0141618 0.033256 0.0622917 0.0239997 0.0170128 0.0086321 0.081525 0.0444105 0.22556 0.0104798 0.0340592 0.00845131 0.09495 0.0269172 
0.171947 0.0149389 0.0498079 0.024877 0.040639 0.0245544 0.0253119 0.028477 0.0451981 0.022509 0.0779872 0.172435 0.0289533 0.0217644 0.0645741 0.0113379 0.0781885 0.0140669 0.023249 0.0418288 0.0173545 
0.0394214 0.00172341 0.0470386 0.0288997 0.0778847 0.0178436 0.0353452 0.173793 0.0662331 0.0187107 0.0224714 0.156493 0.0189486 0.110264 0.00648387 0.0237661 0.065851 0.0336299 0.00845581 0.0187401 0.028003 
0.0489732 0.124742 0.0688506 0.0058821 0.0361332 0.0405491 0.0280422 0.180457 0.0671344 0.028258 0.0235474 0.0079917 0.00790612 0.0184613 0.020759 0.0175452 0.12623 0.00643273 0.0106474 0.02797 0.103488 
0.00619723 0.00745696 0.231692 0.00834974 0.00229872 0.11847 0.0963834 0.00281385 0.1874 0.0230353 0.0039097 0.124799 0.0120539 0.022952 0.0222766 0.00286669 0.00110998 0.0162763 0.0498122 0.0277089 0.0321373 
0.0394548 0.218991 0.0173313 0.0150868 0.0225399 0.0158224 0.0576295 0.0338622 0.0285457 0.0265351 0.00615327 0.123877 0.0491662 0.0639881 0.0115597 0.0243486 0.0142943 0.031946 0.122595 0.0479501 0.0283231 
0.0268689 0.0557578 0.05917 0.0271936 0.0550897 0.0179686 0.0816244 0.0213994 0.212689 0.0455443 0.0109693 0.109533 0.00503814 0.0382543 0.0280325 0.00894262 0.016263 0.0259894 0.0354095 0.0748039 0.0434583 
0.0224755 0.0452339 0.0479471 0.0226397 0.0451383 0.0210426 0.0679634 0.0179744 0.179835 0.0998586 0.0166487 0.0879785 0.00732138 0.0314034 0.0233266 0.00782606 0.0136598 0.02149 0.114999 0.0604051 0.0448326 
0.00102285 0.00402433 0.00715314 0.00200068 0.0031086 0.086345 0.00757531 0.00244078 0.000955065 0.00396321 0.0571922 0.420378 0.0060153 0.00452142 0.0429097 0.0130021 0.0335639 0.00211525 0.0019063 0.0201522 0.279655 
0.0559767 0.0603398 0.0428596 0.0322055 0.0688111 0.0418028 0.0313298 0.0197463 0.102283 0.0176708 0.0392688 0.0277539 0.0309773 0.0596399 0.0228432 0.122788 0.0349549 0.055776 0.0377385 0.0770779 0.0181563 
0.0502963 0.1792 0.0423152 0.00328034 0.0495024 0.014008 0.0287218 0.0115785 0.0288109 0.0210057 0.0722724 0.0253316 0.0388273 0.0224007 0.018979 0.0718081 0.0335388 0.065345 0.101118 0.0944004 0.0272598 
0.0643929 0.0162265 0.0295885 0.0235478 0.120847 0.013511 0.0162562 0.0542858 0.0123769 0.0230567 0.02899 0.0723091 0.026536 0.062381 0.0576136 0.0762512 0.00350317 0.0415724 0.194501 0.0206567 0.0415964 
0.0626451 0.0323913 0.249074 0.00743563 0.0413724 0.0599656 0.0129439 0.0305438 0.0372141 0.00917686 0.0213413 0.148948 0.00915259 0.0250265 0.0214517 0.0779504 0.0346907 0.0157503 0.0201589 0.0482406 0.0345266 
0.0148703 0.0809917 0.0239544 0.0162882 0.0339129 0.0318681 0.0810962 0.027522 0.0210611 0.0478334 0.0491923 0.0464263 0.154902 0.110389 0.0500673 0.0504112 0.0331645 0.036358 0.0151333 0.0633901 0.0111676 
0.140066 0.0510507 0.0458847 0.0977439 0.0101556 0.227811 0.0387335 0.0201181 0.110617 0.023294 0.0378873 0.0150591 0.0259647 0.00864273 0.027478 0.010438 0.00105897 0.00907332 0.0447472 0.0282917 0.025884 
0.0430512 0.0102449 0.0389757 0.0107832 0.0868883 0.0182135 0.0320979 0.00988031 0.0204547 0.0652893 0.0128774 0.0657005 0.0430692 0.0936333 0.0731601 0.0212287 0.0157019 0.121104 0.129649 0.06535 0.022647 
0.0220881 0.0977409 0.113758 0.0154289 0.0530571 0.0634652 0.0398321 0.0235195 0.0671395 0.0314327 0.0602274 0.0449648 0.0134503 0.025534 0.0372977 0.0395243 0.0335406 0.0163071 0.0504373 0.126355 0.0249003 
0.00327871 0.0182775 0.0335569 0.00924208 0.219393 0.00817821 0.0453211 0.0156967 0.00954097 0.059519 0.0363205 0.133649 0.0151353 0.124855 0.00420864 0.0833907 0.0460213 0.0406893 0.021122 0.0460575 0.0265464 
0.0155707 0.0551734 0.0524547 0.0156995 0.0811509 0.0574456 0.024021 0.114565 0.0235151 0.0476934 0.0232444 0.018426 0.0419935 0.0502865 0.0448082 0.0551046 0.0763547 0.0445813 0.0289161 0.0880366 0.0409586 
0.0218829 0.0676536 0.034008 0.0325292 0.0166268 0.0252759 0.148504 0.0251191 0.0237399 0.0171223 0.0137345 0.0349069 0.0586638 0.146791 0.0533851 0.0594901 0.0768413 0.0371352 0.0296921 0.0527159 0.0241818 
0.062871 0.0271786 0.0237127 0.0324411 0.0147399 0.0318954 0.0356855 0.0666377 0.099854 0.0487922 0.0291055 0.200411 0.0215272 0.0242969 0.0370686 0.041146 0.06429 0.0342031 0.0236958 0.0542415 0.0262062 
0.05463 0.0245059 0.00483589 0.0079073 0.170647 0.00850779 0.022072 0.0898495 0.0341078 0.0137156 0.0110122 0.0457116 0.050448 0.0601667 0.0268004 0.135487 0.0297151 0.0427793 0.0762468 0.0674189 0.0234354 
0.0712042 0.0683406 0.0432751 0.0738217 0.0418725 0.0204339 0.0303738 0.0344237 0.0723493 0.0851571 0.0301537 0.0364149 0.0320904 0.0609025 0.0271345 0.0255787 0.0398226 0.0404919 0.066689 0.0397479 0.059722 
0.111903 0.0378765 0.00830062 0.057975 0.0197911 0.0638541 0.0629679 0.0279858 0.0427022 0.030064 0.0108733 0.112748 0.0552166 0.0352085 0.0152557 0.0294577 0.0902259 0.0297416 0.0511928 0.0345322 0.0721268 
0.015224 0.0322195 0.0632052 0.026389 0.0116279 0.0148714 0.0307262 0.00947856 0.00863274 0.0168247 0.0113133 0.0396488 0.00415611 0.0153252 0.331744 0.172132 0.0414024 0.0121199 0.0289214 0.0110816 0.102956 
0.0146075 0.053751 0.0563354 0.0279056 0.0145429 0.0241033 0.0172807 0.0105112 0.00831679 0.0134697 0.00622465 0.0511397 0.00397274 0.0160055 0.325643 0.121854 0.0693997 0.013477 0.0154089 0.0141337 0.121917 
0.029625 0.0210323 0.0424348 0.126126 0.0369564 0.0544687 0.0791127 0.0343731 0.0424083 0.0815934 0.0224708 0.022044 0.0362517 0.0302661 0.0460832 0.0387146 0.0177511 0.0579854 0.0633872 0.0428159 0.0740988 
0.0173446 0.0372842 0.123397 0.025918 0.05439 0.0472045 0.0330912 0.0542567 0.116889 0.0461139 0.0150938 0.0331707 0.0117423 0.0245378 0.0138405 0.0229167 0.0844795 0.112559 0.0613872 0.0330631 0.0313195 
0.0305567 0.0420899 0.0496348 0.0210138 0.0574715 0.0841559 0.041273 0.0142595 0.0246466 0.0481866 0.00940924 0.0399286 0.0443847 0.0163114 0.186196 0.0392463 0.0553758 0.0686444 0.0362019 0.022883 0.0681305 
0.100648 0.0344031 0.0113826 0.0508441 0.0169956 0.0512058 0.0579769 0.0162741 0.0209124 0.151831 0.0135741 0.00888108 0.0442682 0.0502826 0.0478159 0.0800707 0.0181925 0.116168 0.0580465 0.0280938 0.0221323 
0.0535629 0.0558425 0.00537446 0.060412 0.108541 0.0315986 0.0671421 0.0516871 0.00474471 0.00352322 0.0151896 0.0208039 0.0117828 0.00346973 0.249827 0.0208867 0.0336862 0.0899191 0.0370341 0.00464248 0.0703294 
0.000516259 0.02752 0.000447401 0.000387079 0.0023214 0.000766586 0.00813005 0.0116912 0.0270483 0.0120277 0.00619555 0.582476 0.00142006 0.000817011 0.253176 0.000393998 0.0012878 0.00057756 0.00327643 0.02082 0.038704 
0.0340261 0.0392266 0.0809741 0.024699 0.0877867 0.0374224 0.0208305 0.107858 0.0257773 0.0379186 0.0240952 0.0606891 0.01734 0.0160418 0.0617185 0.0511058 0.0429136 0.0416388 0.0575066 0.0968016 0.033629 
0.049953 0.0488796 0.0461935 0.0601275 0.0509588 0.0486792 0.0454747 0.0455907 0.0466426 0.0446656 0.0472404 0.0454163 0.0433209 0.0445338 0.0499689 0.045799 0.0438204 0.0493384 0.0467929 0.047454 0.0491498 
0.037107 0.0332797 0.0384443 0.0169668 0.0781641 0.0245485 0.162167 0.0161504 0.0255322 0.0203613 0.0169134 0.0266716 0.0550538 0.0120383 0.0816918 0.0229239 0.0704098 0.125361 0.0304562 0.0332305 0.0725284 
0.0421281 0.022654 0.0298365 0.00835576 0.0369653 0.0136861 0.023491 0.0361771 0.0782273 0.0230503 0.0671033 0.0358382 0.0532568 0.176009 0.0491204 0.082027 0.0190978 0.0292191 0.0215515 0.108933 0.0432727 
0.0420998 0.0365344 0.0274646 0.0143796 0.0490669 0.0417436 0.0174576 0.0504731 0.0162465 0.0904925 0.0161154 0.217838 0.0125395 0.129587 0.0269447 0.0154888 0.0886063 0.00959743 0.0521326 0.0365099 0.00868183 
0.0255267 0.0635519 0.0189019 0.0248173 0.0302548 0.0331352 0.0434649 0.0504007 0.0355529 0.0282158 0.0471855 0.05422 0.0919362 0.0803571 0.0263449 0.0635707 0.0550057 0.0403784 0.119492 0.0239676 0.0437197 
0.0147006 0.00856389 0.189673 0.0451121 0.133139 0.101808 0.0249103 0.0107291 0.124202 0.0380295 0.0330082 0.0857901 0.0606501 0.0137661 0.00469447 0.00138992 0.00466568 0.020703 0.0505231 0.0189052 0.0150374 
0.127976 0.0486148 0.157762 0.0154883 0.055211 0.0262858 0.0294815 0.0215186 0.0715059 0.0190728 0.0371767 0.0364124 0.0284212 0.0299585 0.0405622 0.0343263 0.0150201 0.0143749 0.112207 0.0333262 0.0452972 
0.0166417 0.0215572 0.0783878 0.0284452 0.0528008 0.0369274 0.0389199 0.0244217 0.230675 0.0413276 0.0363599 0.0199067 0.034875 0.0401307 0.040727 0.0387999 0.0186609 0.0227817 0.0432171 0.116007 0.0184294 
0.054626 0.0408085 0.022592 0.00406146 0.0208866 0.0872966 0.0424948 0.0321551 0.00916812 0.168335 0.0119207 0.0360622 0.0774941 0.0192665 0.0100434 0.0526909 0.0401801 0.020471 0.104251 0.137956 0.00724015 
0.0694401 0.0328822 0.0357263 0.078843 0.0580803 0.0320021 0.0172329 0.0750151 0.0581311 0.0490648 0.0450246 0.0215291 0.044042 0.0343288 0.105769 0.0731006 0.0256791 0.0476699 0.0376389 0.0390443 0.0197555 
0.0595314 0.0409586 0.223688 0.00937971 0.0347016 0.0330634 0.0122848 0.0588263 0.0194901 0.0224775 0.0203065 0.116033 0.0380727 0.0531499 0.0598728 0.0382657 0.04645 0.0291302 0.0229278 0.0429152 0.0184757 
0.00552128 0.00090044 0.00510574 0.0121841 0.0666506 0.000896748 0.0259692 0.366175 0.0738937 0.0954464 0.0182751 0.00083664 0.132474 0.000820383 0.00552304 0.0767758 0.00484344 0.0099978 0.000861999 0.000874179 0.0959742 
0.0702331 0.0107336 0.00444216 0.00821901 0.00837385 0.00495021 0.0104885 0.0525093 0.0898097 0.0187772 0.00584822 0.0184234 0.0281877 0.187891 0.00471316 0.0083697 0.256002 0.00701686 0.190267 0.00395142 0.0107929 
0.00152595 0.0338838 0.00221583 0.00627904 0.00606919 0.0185139 0.070853 0.0340994 0.00548733 0.0357272 0.0410018 0.0767206 0.036267 0.386115 0.00426509 0.00717522 0.125781 0.0130022 0.0117203 0.073411 0.0098855 
0.00669583 0.0350718 0.304804 0.00106273 0.0361735 0.186469 0.060101 0.00666081 0.078474 0.00724726 0.0112139 0.0737152 0.00357709 0.0208471 0.04951 0.0126694 0.00115247 0.028392 0.0240657 0.0349636 0.0171336 
0.0647486 0.0177114 0.0426296 0.0103547 0.0183458 0.010124 0.126015 0.0132213 0.0414978 0.0294464 0.01635 0.0800724 0.0183361 0.0874135 0.107739 0.020112 0.00609144 0.0471131 0.0216706 0.203898 0.0171091 
0.0368263 0.0591755 0.0574036 0.0128694 0.0544342 0.0169959 0.0352873 0.0455523 0.0498817 0.0188301 0.014967 0.0797013 0.0485813 0.147879 0.0216887 0.0449168 0.0327463 0.0281191 0.0653018 0.0705045 0.0583375 
0.0251607 0.0277096 0.0239307 0.0555222 0.0209937 0.0185204 0.0218083 0.0203337 0.0672287 0.0443267 0.185202 0.0303211 0.0390205 0.0227221 0.0363379 0.0684615 0.0284736 0.116084 0.0459113 0.0613075 0.0406237 
0.0309603 0.0358728 0.10539 0.0344012 0.0398713 0.0220565 0.0209892 0.0211307 0.0748507 0.0544289 0.0219487 0.0826058 0.0408868 0.0171412 0.0217516 0.0355908 0.012313 0.0583208 0.118401 0.036893 0.114196 
0.0213716 0.0142478 0.017357 0.00998134 0.0117663 0.048355 0.0481165 0.027231 0.0484796 0.0506779 0.0268981 0.116871 0.186457 0.0600385 0.0405418 0.0135767 0.151594 0.0270815 0.00759457 0.0140674 0.0576953 
0.044793 0.0909085 0.0657156 0.0100645 0.0563515 0.0561372 0.00837641 0.0850351 0.0394281 0.0186906 0.0564442 0.0157065 0.0277737 0.0294153 0.0585527 0.0791088 0.0388368 0.021827 0.0849228 0.0332219 0.0786899 
0.0276827 0.0318182 0.0162025 0.0135782 0.0220527 0.0393225 0.0652549 0.0640417 0.0604642 0.0383497 0.0866658 0.0744209 0.15114 0.0426992 0.068275 0.0379503 0.0269146 0.0661453 0.0235619 0.0203471 0.0231129 
0.0167059 0.0536576 0.023225 0.0316509 0.117947 0.0573174 0.0139099 0.023542 0.0197636 0.0743299 0.0171333 0.125623 0.00894202 0.0331614 0.0650121 0.00639633 0.00916285 0.067449 0.0932264 0.0156148 0.126229 
0.0279607 0.023343 0.0420135 0.0132977 0.0322752 0.0596292 0.0186797 0.0904298 0.0847362 0.0550166 0.00778672 0.0374402 0.036051 0.0810791 0.0255253 0.085795 0.0354813 0.0470076 0.154876 0.0263577 0.0152187 
0.0677968 0.084154 0.0314937 0.0200221 0.0821136 0.0555034 0.01414 0.0670521 0.0384642 0.02139 0.0208475 0.0707168 0.0141044 0.0528556 0.0729663 0.0880073 0.0527273 0.0156061 0.0637381 0.0354258 0.0308751 
0.0272596 0.116829 0.0249947 0.0119968 0.0620392 0.0163962 0.0974691 0.0426371 0.0566648 0.0656245 0.0182374 0.0465388 0.0401811 0.0398535 0.0394587 0.0482325 0.0962565 0.039786 0.0243633 0.0315432 0.0536384 
0.0550034 0.0424458 0.223008 0.0155017 0.0108105 0.00429827 0.0492904 0.0225775 0.11263 0.0483636 0.0389063 0.091121 0.0121949 0.060023 0.0251608 0.0150809 0.0137496 0.00961837 0.0581616 0.0810239 0.0110302 
0.00913513 0.0192402 0.0115329 0.0330143 0.134809 0.0289025 0.0695904 0.113371 0.0280027 0.0654707 0.0142873 0.101081 0.04897 0.0254774 0.0653901 0.0244648 0.0148275 0.0392975 0.0840866 0.0432873 0.025762 
0.0591001 0.0964976 0.0272314 0.0201097 0.0309763 0.0289206 0.044316 0.0323206 0.0448412 0.0697667 0.0184365 0.0858222 0.0506671 0.139873 0.0208652 0.0213102 0.0419732 0.0357829 0.0376016 0.0457674 0.0478206 
0.0185866 0.0647246 0.183932 0.0142308 0.0220914 0.0861347 0.0381237 0.0169101 0.0419004 0.0700721 0.00635592 0.161572 0.0502938 0.0326261 0.0139143 0.0339679 0.0227087 0.0327389 0.0129211 0.0152923 0.0609021 
0.0373485 0.108775 0.0283312 0.0265941 0.0439905 0.0247549 0.0154144 0.114393 0.0265245 0.0676325 0.0632831 0.0630844 0.013273 0.0163176 0.0123311 0.118442 0.0263783 0.0663965 0.0524828 0.0330683 0.0411847 
0.0284114 0.111144 0.090438 0.0203297 0.0390754 0.00798468 0.0143616 0.145407 0.0330919 0.0683595 0.0169062 0.0662706 0.0416492 0.0406943 0.0660209 0.0150333 0.0397408 0.0727848 0.0266041 0.013166 0.042527 
0.0477933 0.0644054 0.103477 0.0247437 0.0245561 0.0764813 0.0150592 0.0228705 0.0695778 0.0193021 0.0220306 0.0318187 0.0302604 0.0725811 0.0727041 0.0141401 0.0240286 0.0228988 0.0304481 0.0325858 0.178238 
0.0242892 0.0389794 0.0894042 0.0498104 0.0832985 0.0603678 0.0380892 0.0105724 0.0176581 0.0230742 0.0305848 0.0698937 0.0200097 0.0576601 0.052131 0.0423051 0.0137098 0.0185799 0.0306452 0.0175429 0.211394 
0.0870494 0.0379893 0.0714082 0.0174542 0.0506924 0.0305265 0.0279349 0.0386905 0.0901318 0.0180335 0.0100891 0.223638 0.00576442 0.0409787 0.0631442 0.0390128 0.0153371 0.022777 0.014597 0.0175689 0.0771825 
0.0630919 0.106728 0.0849165 0.00783935 0.0436807 0.0260575 0.0345554 0.0679062 0.0365367 0.00285628 0.0634689 0.00795736 0.0516055 0.00793958 0.101469 0.123876 0.00624473 0.00535253 0.0386749 0.0553704 0.0638738 
0.0843429 0.0504289 0.0961151 0.0238883 0.018769 0.0254181 0.0432132 0.0205809 0.271489 0.0243282 0.0105256 0.073773 0.0221031 0.0435721 0.0305283 0.0489106 0.011725 0.0207161 0.0281675 0.0140374 0.037368 
0.111319 0.0373181 0.0686165 0.0266016 0.047782 0.0423517 0.0233556 0.0319994 0.107057 0.0203999 0.0113448 0.16645 0.00765313 0.035022 0.0681323 0.0333286 0.0143752 0.0235967 0.0154197 0.0194796 0.0883972 
0.144156 0.000446387 0.0742468 0.000549107 0.000465374 0.000444557 0.0710148 0.000416351 0.0983961 0.0248821 0.088872 0.0688497 0.00237373 0.08378 0.0346815 0.0882514 0.000400184 0.011715 0.122216 0.00260021 0.0812427 
0.00996042 0.0213039 0.0391024 0.0101246 0.0386217 0.036783 0.0506575 0.0669152 0.0777012 0.11231 0.045039 0.0229177 0.0901652 0.0331218 0.0299693 0.0660699 0.0416901 0.0343843 0.0222886 0.050824 0.10005 
0.0115193 0.0517666 0.0798484 0.0218885 0.0449136 0.00959588 0.0033341 0.0606962 0.0230054 0.0242661 0.0163352 0.286162 0.0111096 0.0470164 0.0801714 0.0136198 0.0195857 0.0464905 0.0929124 0.0241737 0.0315896 
0.0823738 0.0877938 0.0944044 0.0250095 0.0664295 0.048822 0.0677478 0.0712666 0.057906 0.0178361 0.0262338 0.0679527 0.0330702 0.0368551 0.0604429 0.018259 0.0478751 0.0152209 0.0195142 0.0296197 0.0253668 
0.0358713 0.0834083 0.0641137 0.0289524 0.033803 0.0257705 0.0233228 0.0602418 0.0620692 0.0488305 0.0586346 0.124428 0.0107207 0.0143933 0.0384772 0.0291703 0.0442963 0.0217694 0.158578 0.0292585 0.00389021 
0.00664326 0.0104703 0.107612 0.0189756 0.100798 0.0523589 0.024916 0.038722 0.0118663 0.114112 0.0171531 0.0100394 0.00422113 0.0148119 0.0313607 0.105378 0.0874065 0.0103808 0.0773702 0.11718 0.0382247 
0.0285636 0.0236087 0.0205312 0.0296035 0.0651335 0.0181044 0.0209057 0.0300892 0.0829827 0.0396881 0.0233417 0.196625 0.0303043 0.0184815 0.0456224 0.0312283 0.0612305 0.0217593 0.110171 0.0489811 0.0530442 
0.0957646 0.0458362 0.0236341 0.0181371 0.0695784 0.0433503 0.0312735 0.0464497 0.0445682 0.0567251 0.00141151 0.0183486 0.0350967 0.0474823 0.262309 0.0367723 0.0329719 0.0341307 0.0268517 0.00890918 0.0203993 
0.00418545 0.0620563 0.146679 0.0164766 0.0458945 0.00830246 0.0542162 0.0481385 0.0410344 0.00382814 0.00616655 0.328656 0.00157434 0.0260043 0.102999 0.0100188 0.018609 0.0280294 0.0387569 0.000737219 0.00763705 
0.0139064 0.0320209 0.0862398 0.128874 0.0292679 0.0204836 0.0207087 0.137826 0.0242784 0.0191478 0.0056384 0.0428246 0.0257901 0.064621 0.0780495 0.0162791 0.0224648 0.0183927 0.0315902 0.0604421 0.121154 
0.0954878 0.0206098 0.130065 0.0235145 0.0255873 0.0309289 0.0279166 0.0983217 0.0266701 0.053501 0.019304 0.055868 0.0817189 0.0360799 0.0756148 0.00849182 0.0901949 0.0234415 0.00611084 0.0496095 0.0209628 
0.0158077 0.0706161 0.130524 0.0161411 0.0208257 0.0976648 0.026487 0.0618599 0.0524428 0.0409795 0.00837028 0.115373 0.0517705 0.0282439 0.0128134 0.0872478 0.0300615 0.017847 0.0199372 0.0362184 0.0587689 
0.0373355 0.0173889 0.238584 0.0506087 0.0447566 0.00287286 0.102002 0.0134222 0.0204448 0.0805603 0.0370231 0.0456098 0.124201 0.0296935 0.0221088 0.00828861 0.0158447 0.00372745 0.0090291 0.0159134 0.0805849 
0.0446953 0.0449168 0.0571046 0.00889055 0.041352 0.0309299 0.0185179 0.057703 0.154899 0.0268297 0.0573918 0.0331712 0.0340107 0.0234033 0.0674875 0.13258 0.0303689 0.0472872 0.0315091 0.0398849 0.017066 
0.0597447 0.0123314 0.103058 0.100864 0.0318645 0.0992688 0.0625098 0.0145607 0.0382292 0.0784534 0.0901622 0.0355663 0.031709 0.015331 0.0198334 0.0137039 0.0128889 0.0443584 0.0485794 0.0158247 0.0711586 
0.021492 0.13201 0.0250393 0.0330284 0.0422252 0.00686519 0.0100313 0.00883854 0.0605553 0.0655673 0.0465691 0.0703927 0.0067518 0.0608275 0.0366173 0.114727 0.0139225 0.0377527 0.0732938 0.0877286 0.0457644 
0.0254469 0.00113 0.00462269 0.033538 0.0707653 0.0500889 0.112593 0.00275307 0.0530619 0.22262 0.0830843 0.00277874 0.0505601 0.00416568 0.0645972 0.0048227 0.0286355 0.0812352 0.00201003 0.0823457 0.0191453 
0.0176433 0.0476744 0.0989919 0.0207944 0.00961606 0.027872 0.0257933 0.0235254 0.18866 0.0308399 0.042341 0.0731501 0.00972793 0.107248 0.0249259 0.0139329 0.016565 0.0304505 0.0476896 0.0733538 0.0692046 
0.0523629 0.0487205 0.0363459 0.0621505 0.0822433 0.0294529 0.0561089 0.0479389 0.0429636 0.045385 0.028517 0.038477 0.0546765 0.0583775 0.0571866 0.0325504 0.0324217 0.0418584 0.0694438 0.0454146 0.0374039 
0.0263857 0.189174 0.0176107 0.0115763 0.0442192 0.0462988 0.0384392 0.0773814 0.0668573 0.0556641 0.00672492 0.115469 0.00907286 0.0408318 0.0582379 0.0548065 0.0367232 0.018277 0.0390743 0.0270577 0.0201188 
0.0393244 0.0474722 0.00617075 0.0186934 0.0251604 0.0782763 0.0165395 0.0157044 0.0466634 0.0831581 0.0702864 0.0651657 0.0680599 0.147055 0.0227648 0.0244073 0.0725235 0.0170283 0.071879 0.0318022 0.031865 
0.029056 0.034947 0.0532334 0.0227299 0.0198388 0.128332 0.0234436 0.0138967 0.0296441 0.0681721 0.0711413 0.100291 0.030102 0.0716799 0.0324884 0.0196324 0.0107169 0.0163026 0.102954 0.0262039 0.0951938 
0.0291383 0.0675035 0.0236924 0.00870815 0.0448 0.0151999 0.0532689 0.0382082 0.140485 0.120799 0.0255974 0.0261896 0.0299738 0.0415016 0.0121488 0.0258579 0.0545446 0.0302235 0.114712 0.0799382 0.017509 
0.0952987 0.0275979 0.0260813 0.0684839 0.0458832 0.0673131 0.0597625 0.0359469 0.0263349 0.0749661 0.0443777 0.0256425 0.0244594 0.0919128 0.0425632 0.0258586 0.0499105 0.0278569 0.0316572 0.0427275 0.0653654 
0.00923054 0.0292717 0.0295644 0.00776807 0.0131261 0.0627261 0.00727048 0.0105954 0.0192292 0.0406007 0.057753 0.17462 0.0239473 0.021057 0.00251933 0.00833658 0.00576976 0.00870697 0.0166275 0.149387 0.301893 
0.0414347 0.129435 0.129899 0.0492933 0.0254348 0.0100344 0.016361 0.0468955 0.114857 0.0587128 0.0143514 0.0109258 0.0282978 0.0243507 0.0276901 0.0826305 0.0208636 0.0267285 0.0433044 0.0542016 0.044297 
0.0239645 0.018834 0.03203 0.0263028 0.0217673 0.0639729 0.0234936 0.0636388 0.0479386 0.0542653 0.150685 0.0418897 0.0131024 0.0271149 0.0390656 0.0221421 0.0777261 0.0185237 0.032488 0.0484382 0.152616 
0.0307564 0.0249716 0.0214326 0.0415678 0.0376314 0.109052 0.0202382 0.0129884 0.0657989 0.0731737 0.01762 0.185587 0.0255604 0.0352413 0.0280501 0.00385286 0.0139651 0.0723913 0.0982585 0.0616322 0.0202307 
0.0747336 0.0133138 0.0581125 0.0601952 0.00824666 0.0555821 0.00455156 0.0272471 0.00295888 0.0961368 0.0114843 0.118336 0.0295709 0.0591211 0.0215291 0.0104312 0.00718322 0.0627822 0.0946191 0.178298 0.00556757 
0.138502 0.0177229 0.0365242 0.0161058 0.138678 0.0556075 0.0281932 0.0315092 0.090484 0.0267706 0.026706 0.0233158 0.0440019 0.0158032 0.0664047 0.0219297 0.017514 0.130248 0.0162965 0.0269664 0.030717 
0.0358406 0.0470827 0.0486962 0.00937479 0.0128187 0.0402498 0.0450745 0.0656592 0.0521185 0.0518426 0.162531 0.0701642 0.0380938 0.0198892 0.0372134 0.0246948 0.0671402 0.0790303 0.0343625 0.0236846 0.0344382 
0.0256334 0.0508678 0.126992 0.0157926 0.0463593 0.0402969 0.0311406 0.0311996 0.0676254 0.0655679 0.156948 0.0209007 0.0303636 0.0246841 0.0875087 0.0120049 0.0116806 0.0187075 0.0141355 0.025311 0.0962797 
0.0123909 0.0565674 0.0916213 0.04293 0.0133469 0.0506106 0.0111578 0.019685 0.0366342 0.106454 0.0657846 0.057258 0.0198533 0.0417118 0.046672 0.0322356 0.0308648 0.0214628 0.19137 0.0384958 0.0128936 
0.00280841 0.129415 0.000470947 0.0280648 0.00747667 0.0121952 0.108915 0.0263986 0.0287069 0.0146353 0.0498357 0.0193331 0.0832693 0.000472205 0.119822 0.0122524 0.208481 0.0660643 0.0781015 0.000469987 0.00281212 
0.0518291 0.0359457 0.0374484 0.0551967 0.0604165 0.0905756 0.0430145 0.0302102 0.0562404 0.0769398 0.0752766 0.0157095 0.0545599 0.0326923 0.0134872 0.0898929 0.0287672 0.029054 0.0492596 0.011846 0.0616379 
0.0246248 0.0905186 0.0797526 0.0034479 0.0356403 0.0521878 0.0250854 0.110143 0.0383142 0.105739 0.0243318 0.0408357 0.00991977 0.00455508 0.0457752 0.0174006 0.0320618 0.0268474 0.0773114 0.0974545 0.058053 
0.0227482 0.0419414 0.0106228 0.088959 0.024163 0.0246658 0.0369698 0.0595576 0.0318257 0.0226598 0.0126024 0.0342462 0.101413 0.0525672 0.0328843 0.0144619 0.0710189 0.0524478 0.223261 0.0129822 0.0280018 
0.0335171 0.138361 0.0709647 0.0186247 0.0297685 0.0372049 0.020807 0.127594 0.0666728 0.0586698 0.0320894 0.0391199 0.0239597 0.0118835 0.0659824 0.0809726 0.00599701 0.016507 0.0334906 0.0532957 0.0345177 
0.031568 0.0545594 0.0414605 0.0109178 0.187857 0.0142214 0.0420025 0.0195305 0.0160215 0.0666927 0.0593687 0.0232803 0.00314004 0.0118536 0.130622 0.0276496 0.104124 0.00917246 0.00929894 0.0123194 0.12434 
0.0153007 0.329974 0.00947187 0.0360453 0.0112846 0.00642202 0.234464 0.0570743 0.012698 0.00472605 0.00895109 0.0170016 0.0114394 0.118348 0.0031277 0.0235553 0.0297243 0.0109274 0.0215996 0.00481186 0.0330519 
0.0451288 0.0193815 0.00664002 0.010453 0.056193 0.0528981 0.0220481 0.001424 0.0443946 0.0336062 0.0563151 0.052375 0.00154736 0.00516836 0.0615685 0.0158313 0.0502232 0.0105221 0.0208196 0.0393521 0.39411 
0.0703226 0.0348968 0.0290351 0.0224842 0.0840041 0.0568354 0.0586767 0.0675992 0.0452991 0.0269304 0.0197681 0.0445256 0.159273 0.02268 0.0339459 0.0322436 0.0388421 0.0198701 0.0249511 0.0453562 0.0624607 
0.00817596 0.0257268 0.28128 0.0180349 0.0195508 0.0539003 0.0241677 0.024178 0.0544899 0.0326875 0.11747 0.0375911 0.0400636 0.00939006 0.0760222 0.0092985 0.00707894 0.0521804 0.0465802 0.0338005 0.0283327 
0.0300588 0.0587222 0.0435097 0.0260865 0.0180634 0.0172526 0.0231771 0.0235047 0.239441 0.0682421 0.0431504 0.0269717 0.0324828 0.037367 0.0267356 0.0407796 0.0535142 0.113694 0.023972 0.0184712 0.0348036 
0.03304 0.0435728 0.0366001 0.0122634 0.0729349 0.0507839 0.0435099 0.0541226 0.0296777 0.0544986 0.111797 0.0307332 0.0426534 0.0357999 0.0260663 0.0869291 0.0217444 0.079835 0.0407927 0.0594129 0.0332322 
0.0371842 0.011195 0.0678391 0.040342 0.062652 0.0577119 0.0129421 0.0486 0.141169 0.0541931 0.0420438 0.0312898 0.0234286 0.0817865 0.0582044 0.083214 0.0163709 0.0102357 0.0595732 0.0205886 0.0394359 
0.0793934 0.0717903 0.0229651 0.0172042 0.0329831 0.0454071 0.0138528 0.0282235 0.0734961 0.0549109 0.0491844 0.037557 0.0607445 0.0372489 0.0962401 0.15178 0.015344 0.0178455 0.0203055 0.035413 0.0381103 
0.0290999 0.0375712 0.0621059 0.0433793 0.0250062 0.0187815 0.161376 0.0236216 0.0415977 0.0173103 0.0812479 0.0567144 0.0277849 0.0401668 0.0355939 0.0449763 0.0433715 0.0262817 0.0963462 0.0164634 0.0712029 
0.015277 0.0185468 0.0464149 0.00900445 0.0148519 0.0260789 0.0397824 0.0597014 0.0602061 0.0689071 0.0991325 0.0515904 0.0361853 0.0461203 0.0429051 0.0383372 0.0767734 0.0566283 0.0978263 0.0346869 0.0610436 
0.0186527 0.0172875 0.02311 0.0212486 0.0658363 0.0901535 0.0558408 0.00975258 0.146574 0.00461137 0.00572276 0.163035 0.0384554 0.00853403 0.0655077 0.0440062 0.00634294 0.0119533 0.0847926 0.0110993 0.107484 
0.0128817 0.0151344 0.0684684 0.0401979 0.0867424 0.119876 0.0195656 0.0397485 0.028242 0.0275775 0.118708 0.0162038 0.0402832 0.0447062 0.0383694 0.0370756 0.0436287 0.0408312 0.0269194 0.101317 0.0335223 
0.0310898 0.0624732 0.0655913 0.0182003 0.0341403 0.0941395 0.0145277 0.0468319 0.0277685 0.0565585 0.038729 0.0552406 0.0223977 0.043302 0.0320311 0.0543652 0.0466812 0.139202 0.0341989 0.0230142 0.0595168 
0.0961309 0.0220142 0.0267667 0.0267674 0.0222953 0.0477396 0.0311447 0.0995098 0.0158837 0.0214932 0.0328129 0.0683132 0.0266277 0.0872058 0.044242 0.0555379 0.0101859 0.0547352 0.113521 0.0177407 0.0793323 
0.0334176 0.0875944 0.0477833 0.011753 0.0362517 0.0655365 0.0615394 0.0591033 0.0299139 0.0338673 0.0638833 0.0560843 0.06755 0.0366648 0.0579257 0.0693105 0.0382014 0.0289028 0.0269475 0.0344723 0.053297 
0.0370619 0.0506951 0.0792783 0.0382571 0.068999 0.127953 0.0266815 0.0220962 0.121574 0.0233862 0.0169944 0.033104 0.0274261 0.0662427 0.0603534 0.0310969 0.0158038 0.0278314 0.0650502 0.0435498 0.0165656 
0.019795 0.0243706 0.0965496 0.027611 0.0084289 0.135331 0.0511924 0.0352085 0.0912554 0.0194591 0.0885623 0.0238376 0.0123061 0.011581 0.00601831 0.00674285 0.056664 0.143582 0.0341607 0.0342454 0.0730981 
0.0354461 0.0421308 0.0342566 0.014467 0.03461 0.154607 0.0285227 0.0451807 0.0414002 0.0913391 0.0943027 0.105661 0.0233991 0.0215158 0.0298277 0.0405847 0.0113211 0.092001 0.0175648 0.0215933 0.0202681 
0.027328 0.0097066 0.196632 0.0318476 0.00472158 0.0731368 0.06545 0.0154292 0.0837268 0.0295058 0.00660735 0.0295015 0.0250486 0.0375288 0.214245 0.0144158 0.00382919 0.0159607 0.047697 0.0505397 0.0171412 
0.0439223 0.0526388 0.0255029 0.00442337 0.0763806 0.135476 0.0508118 0.0790275 0.0751061 0.0229797 0.0379919 0.0284013 0.0163276 0.0318158 0.0292083 0.0236935 0.0601533 0.121827 0.0275668 0.0178544 0.0388916 
0.0112607 0.00895012 0.0166571 0.0075865 0.306761 0.0907301 0.0302319 0.144139 0.0457697 0.0111835 0.0423663 0.0100835 0.00608967 0.0258394 0.0190279 0.00919457 0.00354727 0.0129827 0.0294268 0.067705 0.100467 
0.00987098 0.0697135 0.179925 0.0225417 0.0673027 0.00634319 0.0409598 0.0363739 0.0476018 0.0104894 0.00472238 0.309446 0.00382687 0.0206697 0.0780009 0.0122765 0.0205175 0.0222534 0.0294888 0.000589189 0.00708669 
