0.0344243 0.0455679 0.0304724 0.0259739 0.0187138 0.0427977 0.100151 0.0114417 0.0754602 0.122418 0.0697478 0.0186337 0.0493203 0.0013305 0.015746 0.0238717 0.0714887 0.072596 0.0564165 0.00943407 0.00584803 0.0981464 
0.0573616 0.0333179 0.06568 0.0541273 0.030731 0.0168422 0.124749 0.0246216 0.0280188 0.0561094 0.0430173 0.0429693 0.0393207 0.0432887 0.0498308 0.0610828 0.0537119 0.0439175 0.0335421 0.03436 0.0435346 0.0198652 
0.0383828 0.0473696 0.051167 0.0322744 0.104503 0.0441973 0.0326716 0.0258685 0.0691773 0.0672062 0.0484105 0.0366626 0.0827985 0.0124594 0.0969714 0.0217273 0.0393681 0.0436843 0.0241102 0.0453776 0.011528 0.0240846 
0.0304657 0.0597979 0.0357908 0.0178098 0.0917415 0.0287914 0.0519676 0.0144197 0.0642452 0.0398341 0.0370985 0.0379821 0.0428487 0.00637205 0.0319812 0.0525425 0.107612 0.0865853 0.0140524 0.0935465 0.00308443 0.0514303 
0.0843716 0.0606573 0.038302 0.0505943 0.0836297 0.0227367 0.0526359 0.0186705 0.0398686 0.0537263 0.0488934 0.0303264 0.0178026 0.00585474 0.0270503 0.0408419 0.0622403 0.15646 0.0263984 0.0351346 0.00407125 0.0397328 
0.0546761 0.0224336 0.139992 0.0315734 0.103341 0.0448169 0.0741213 0.0387607 0.0308004 0.0482032 0.0268287 0.0310327 0.013454 0.00387234 0.00913455 0.0286551 0.0178391 0.127425 0.0425515 0.0182978 0.0784229 0.0137685 
0.070515 0.0406904 0.0724878 0.0239103 0.115086 0.0509682 0.110332 0.0203601 0.0399898 0.0222487 0.0367791 0.0116619 0.023497 0.00127975 0.00792046 0.0197329 0.0726125 0.117488 0.0608903 0.0331018 0.0303212 0.0181266 
0.0610896 0.0511933 0.0932721 0.0609676 0.0332566 0.0234607 0.046506 0.0235154 0.0329987 0.0668336 0.0293055 0.0165963 0.0152887 0.0225297 0.0287819 0.0195588 0.047193 0.180022 0.0364579 0.0476426 0.0506077 0.0129219 
0.0475615 0.127178 0.0631539 0.0811247 0.0283297 0.0200592 0.048234 0.0116425 0.0334518 0.0606893 0.10411 0.0651267 0.027624 0.00769774 0.0608917 0.00821795 0.0245098 0.0864751 0.0235792 0.00825318 0.00385991 0.0582296 
0.0338477 0.117486 0.0260625 0.0438665 0.0361994 0.0578773 0.12902 0.0320989 0.0544888 0.019785 0.0701414 0.020688 0.0077939 0.0213323 0.0211288 0.0181585 0.0748851 0.0646943 0.0334905 0.0244523 0.00489725 0.0876053 
0.00688422 0.192301 0.00658681 0.00639361 0.111803 0.00689044 0.144419 0.00712246 0.00671307 0.0069341 0.397388 0.00722341 0.00699407 0.00846047 0.00638156 0.00664299 0.0374452 0.00638633 0.00665962 0.00655278 0.00736463 0.00645399 
0.0391417 0.0219705 0.0463914 0.0450814 0.0557856 0.026158 0.0654672 0.0447963 0.0275888 0.0317911 0.0215257 0.0538024 0.0503873 0.0630975 0.0410012 0.0479622 0.0733248 0.124724 0.0438624 0.0151507 0.0104943 0.0504951 
0.0375613 0.05879 0.0637697 0.13498 0.0193075 0.0554791 0.0372215 0.00478533 0.0981287 0.0326164 0.0212223 0.00786719 0.080743 0.0356604 0.086514 0.0334187 0.0306729 0.0722734 0.0290681 0.0145474 0.00884496 0.0365286 
0.0178435 0.0293869 0.0167184 0.0669675 0.0775333 0.0154242 0.0304192 0.0869089 0.0342628 0.02952 0.0178582 0.0204602 0.169999 0.0638278 0.0392608 0.0604401 0.0216512 0.0499838 0.0604463 0.0509732 0.00331969 0.0367946 
0.0257557 0.00241956 0.0380128 0.242687 0.0202087 0.0646091 0.0275758 0.00186615 0.0361656 0.0103931 0.00643043 0.000509631 0.01766 0.0353876 0.0790934 0.00112845 0.00180693 0.0216201 0.181878 0.129263 0.0389991 0.0165297 
0.0174826 0.128181 0.0630295 0.131143 0.00156799 0.0228515 0.00394145 0.00756428 0.0693565 0.025366 0.0919554 0.280837 0.00934327 0.00139611 0.0124473 0.00479841 0.000928499 0.0196705 0.0485637 0.0176146 0.00565556 0.0363056 
0.0097403 0.150614 0.0360129 0.181472 0.0792141 0.0942118 0.00888661 0.00447537 0.0528585 0.00747013 0.0801541 0.0414336 0.0149055 0.0177344 0.0576173 0.00868739 0.0417426 0.0485429 0.0423699 0.00491361 0.00525632 0.0116861 
0.0301094 0.0176782 0.0459535 0.0228093 0.106303 0.039389 0.0439048 0.0239087 0.0221865 0.138943 0.0963143 0.0266993 0.095459 0.0277579 0.0403218 0.0459782 0.0371729 0.0360673 0.022284 0.0293798 0.0368961 0.0144836 
0.0201839 0.0234504 0.0261072 0.0704987 0.0211513 0.165455 0.0595092 0.034243 0.0373645 0.186572 0.0489006 0.0238622 0.017501 0.00698957 0.0496275 0.10594 0.0184876 0.0229575 0.0281373 0.0108852 0.00358263 0.0185936 
0.00711289 0.0367516 0.0255962 0.0986685 0.00887923 0.019544 0.111371 0.12714 0.0279266 0.0120844 0.199427 0.0229021 0.00694957 0.00907637 0.030589 0.0129111 0.0653407 0.0187315 0.0155793 0.0699743 0.00906673 0.0643773 
0.0127668 0.028734 0.0953265 0.020858 0.0308919 0.0181495 0.0529839 0.0407376 0.0352588 0.127736 0.0844808 0.0246051 0.0385656 0.0189348 0.0316558 0.0826752 0.0486355 0.0153038 0.00808842 0.0409843 0.076152 0.0664752 
0.0924936 0.0222101 0.0629008 0.0582446 0.0241255 0.0161803 0.0236665 0.115747 0.0371014 0.0399936 0.0207399 0.0297501 0.131303 0.0137322 0.0555535 0.0421062 0.0563121 0.0363404 0.0137917 0.0460382 0.026553 0.0351167 
0.0889114 0.0386747 0.0673939 0.029561 0.16343 0.0331591 0.0533172 0.0559217 0.025775 0.035272 0.0334682 0.0171416 0.0229135 0.0175897 0.0240611 0.0524643 0.040706 0.0577647 0.0361271 0.0174904 0.00946762 0.0793902 
0.0241858 0.0626111 0.0603499 0.0583768 0.0563496 0.0618663 0.0606197 0.033437 0.0339571 0.0941116 0.0808009 0.0332365 0.0356565 0.00371542 0.0476197 0.038529 0.0452382 0.0671758 0.0156554 0.0252627 0.00879774 0.0524472 
0.0414349 0.0844414 0.108903 0.0217209 0.0941556 0.0104525 0.0543494 0.0198672 0.0645673 0.0130435 0.0464123 0.025016 0.0145695 0.0154635 0.00993795 0.0722407 0.0571403 0.064888 0.112424 0.044541 0.00502883 0.0194024 
0.0331404 0.067427 0.0324039 0.138301 0.0232394 0.00731039 0.0555316 0.0410671 0.0690728 0.0393004 0.0806925 0.0231701 0.0735399 0.0035455 0.0430393 0.0221197 0.123114 0.0131961 0.0567287 0.0321971 0.0035411 0.0183215 
0.10228 0.086684 0.0353485 0.0347119 0.0347194 0.0370487 0.0408831 0.0190263 0.0614745 0.0566301 0.0339603 0.0181148 0.0617981 0.0163523 0.066802 0.0408422 0.0931879 0.0587605 0.0443927 0.017354 0.0150467 0.0245823 
0.096644 0.0321077 0.0335213 0.0434161 0.0568604 0.11268 0.0509032 0.0380821 0.0307969 0.0326885 0.0872263 0.01976 0.0632138 0.0330531 0.0166908 0.0136774 0.0264038 0.0150063 0.0358652 0.0561391 0.00798954 0.0972741 
0.00505156 0.0375995 0.0463465 0.0198435 0.0354213 0.0199753 0.124256 0.00637778 0.0315369 0.227206 0.0871959 0.0126273 0.030117 0.0011642 0.00525421 0.191827 0.0331699 0.0089376 0.0273507 0.00479469 0.0045302 0.039417 
0.0442721 0.119202 0.0247105 0.0628719 0.120692 0.0378738 0.0997981 0.00795991 0.0234588 0.0552228 0.0246616 0.0144595 0.0357929 0.0259254 0.119942 0.0530435 0.0049759 0.00938637 0.0484266 0.0116442 0.00946831 0.0462117 
0.061574 0.0483682 0.0558943 0.0587249 0.050848 0.0401799 0.0270026 0.0280857 0.0700799 0.0422444 0.0720828 0.0495847 0.0266208 0.0134876 0.0137441 0.012884 0.120132 0.090085 0.061227 0.0199617 0.00583463 0.031354 
0.0182747 0.0251358 0.00636964 0.0179123 0.0398843 0.0236983 0.172185 0.0393957 0.0333675 0.0137265 0.0354667 0.0735013 0.0197018 0.0136 0.0130932 0.0246788 0.197225 0.108824 0.0339328 0.0532556 0.00670343 0.0300676 
0.0686519 0.041218 0.0647987 0.0438639 0.0411071 0.0422441 0.0504179 0.0128115 0.0786125 0.0920067 0.0424342 0.0328569 0.0231617 0.028616 0.0441441 0.0208025 0.0653385 0.0704292 0.0420882 0.0350361 0.0111499 0.0482105 
0.106657 0.0329815 0.0375053 0.0271212 0.0170887 0.0288295 0.114953 0.0325472 0.0447301 0.0401338 0.0756352 0.0490706 0.0410732 0.00366431 0.0184107 0.018414 0.058645 0.0200825 0.0592978 0.0223256 0.00969013 0.141144 
0.0678309 0.103233 0.0301682 0.119334 0.0193444 0.0287859 0.0216584 0.0417416 0.0412549 0.00185792 0.0219098 0.00207883 0.067553 0.00666994 0.0297419 0.0956926 0.138058 0.0367538 0.0652833 0.0244726 0.0230856 0.0134921 
0.0261291 0.0195216 0.0292446 0.0695806 0.0403934 0.00725965 0.211762 0.0678044 0.00826204 0.024394 0.136384 0.00256295 0.0205833 0.00220874 0.016248 0.00920583 0.116268 0.0211704 0.0474512 0.0674334 0.00914647 0.0469868 
0.0642974 0.0381507 0.0437854 0.025808 0.0137477 0.016725 0.0421489 0.0444897 0.0682845 0.110683 0.0565783 0.05031 0.0535641 0.0117565 0.0059272 0.0784603 0.0200024 0.0295735 0.0589532 0.0855271 0.00547306 0.0757536 
0.19639 0.00166947 0.00177269 0.0103242 0.0677009 0.0111264 0.020359 0.00191685 0.00180668 0.00186616 0.133247 0.00194402 0.0207053 0.286896 0.00171746 0.0733003 0.0940571 0.00171874 0.0286766 0.0105813 0.0218024 0.0104217 
0.0525683 0.127199 0.017201 0.106398 0.011847 0.0442012 0.0127481 0.0507057 0.0445815 0.0485341 0.124997 0.0457729 0.0856066 0.025797 0.0236216 0.0284495 0.0171487 0.0632691 0.0150883 0.0349673 0.00829279 0.0110054 
0.0326534 0.0150946 0.0334076 0.0427026 0.0627629 0.112515 0.102537 0.0634716 0.0619049 0.014294 0.0843482 0.00861106 0.0157604 0.00424233 0.0391565 0.0119117 0.0792777 0.0626271 0.0515293 0.0222369 0.00792888 0.0710255 
0.0343372 0.0618849 0.017934 0.0285229 0.0396173 0.0322111 0.0102372 0.0204025 0.0856034 0.0507854 0.0329181 0.0278839 0.0402162 0.0256855 0.050122 0.0394996 0.133164 0.0484284 0.0440695 0.0451198 0.100274 0.0310832 
0.113524 0.0480101 0.0403765 0.162644 0.0100935 0.024242 0.0126435 0.0195178 0.0624818 0.0826227 0.0657844 0.018398 0.0241086 0.0255855 0.0569743 0.0611255 0.0132261 0.0134062 0.0191732 0.0559377 0.062389 0.00773608 
0.0338149 0.0825196 0.0195683 0.0562126 0.0206209 0.017096 0.0481827 0.039245 0.0348876 0.0858106 0.033639 0.0151755 0.0424814 0.029795 0.00404221 0.02544 0.0413638 0.253346 0.0334061 0.0309722 0.0061667 0.0462139 
0.0338149 0.0825196 0.0195683 0.0562126 0.0206209 0.017096 0.0481827 0.039245 0.0348876 0.0858106 0.033639 0.0151755 0.0424814 0.029795 0.00404221 0.02544 0.0413638 0.253346 0.0334061 0.0309722 0.0061667 0.0462139 
0.0182201 0.140847 0.0611083 0.0620808 0.0467589 0.0174548 0.0926215 0.0321632 0.029735 0.0557987 0.0346475 0.00811746 0.0258894 0.015211 0.0518298 0.0428514 0.055172 0.0819415 0.0468836 0.0399343 0.00568673 0.0350465 
0.25189 0.0917375 0.0209396 0.0379751 0.01618 0.0564225 0.0775261 0.0310161 0.0342723 0.0311494 0.0168633 0.0264263 0.04743 0.00527499 0.0683999 0.0294694 0.0307149 0.0360873 0.029247 0.0158006 0.00840237 0.036775 
0.0119255 0.0142473 0.0665276 0.0308087 0.0110595 0.054414 0.0267586 0.0371846 0.0256588 0.193095 0.0741633 0.0169749 0.0264018 0.0172691 0.0552864 0.0586701 0.0668031 0.0397141 0.0855071 0.0346585 0.0235093 0.0293626 
0.0014886 0.100074 0.00142429 0.153573 0.00398796 0.019931 0.114723 0.0508994 0.00180854 0.0200572 0.00337155 0.0116762 0.0410567 0.00362888 0.000361943 0.00108321 0.0825399 0.00387115 0.0734418 2.32284e-05 0.181465 0.129514 
0.0366654 0.0262726 0.107449 0.0166488 0.0226991 0.0290791 0.0353485 0.0598523 0.0470529 0.0261234 0.0575379 0.0450778 0.219768 0.00973105 0.0205103 0.0391941 0.0424668 0.0203974 0.0380327 0.0268326 0.0302651 0.0429949 
0.0657212 0.0762994 0.128325 0.0149177 0.0138346 0.0374434 0.0317025 0.00382444 0.117277 0.0262294 0.0200671 0.0130953 0.0169956 0.0148722 0.0120949 0.0205958 0.0681252 0.199232 0.0914872 0.011895 0.00410234 0.0118635 
0.00963918 0.0320615 0.0389819 0.100441 0.0454093 0.0476331 0.065626 0.0314032 0.0267673 0.031759 0.0633127 0.0432467 0.118526 0.00992485 0.0170069 0.0300298 0.0450207 0.0876257 0.0612646 0.0191225 0.0120269 0.0631716 
0.0284405 0.0158939 0.00538252 0.0516115 0.0122821 0.0620819 0.0842776 0.0981761 0.0364463 0.0420858 0.0660434 0.115285 0.028739 0.0124041 0.0693222 0.00901912 0.0544369 0.0979877 0.0325449 0.0417448 0.0251234 0.010671 
0.0194708 0.104278 0.0447795 0.017613 0.0663392 0.0174391 0.100202 0.0501574 0.0468293 0.0204411 0.0253994 0.0150263 0.0530848 0.027147 0.0561313 0.0828824 0.0550657 0.0330802 0.0804527 0.0313745 0.0128462 0.0399603 
0.0148384 0.0427325 0.0269864 0.0556879 0.0114832 0.0300448 0.0563209 0.0122366 0.126162 0.036214 0.121295 0.0380301 0.0283305 0.0106193 0.0403513 0.02167 0.0859027 0.031621 0.0343315 0.0291486 0.00122763 0.144766 
0.0273958 0.0383431 0.0422025 0.0175986 0.01819 0.0787197 0.0309301 0.019683 0.0335791 0.0141737 0.0560405 0.0157785 0.0677403 0.0404101 0.0397921 0.0683991 0.0329781 0.0844119 0.113283 0.0170893 0.095703 0.0475582 
0.0255383 0.187873 0.104643 0.0338364 0.0527655 0.147794 0.0343442 0.00731932 0.0251279 0.0247869 0.0359533 0.0239655 0.0439993 0.0163293 0.0176581 0.00634039 0.0196093 0.0803114 0.0759515 0.0174531 0.00687146 0.0115278 
0.0472642 0.0176955 0.0347685 0.131458 0.0368714 0.0720394 0.0101915 0.0225258 0.051229 0.0468744 0.0208706 0.0747548 0.019067 0.0281005 0.0122585 0.0254164 0.0107126 0.0659617 0.0511756 0.139922 0.00678873 0.0740544 
0.00465043 0.0377293 0.0216824 0.00286657 0.0091391 0.105939 0.0183096 0.0656821 0.00753724 0.00640334 0.00438014 0.0307605 0.0066893 0.00665463 0.0696303 0.106418 0.185904 0.0704991 0.12333 0.0181545 0.000823137 0.096818 
0.0497873 0.0134939 0.0873996 0.0173041 0.0260974 0.0311223 0.0176903 0.0269814 0.00659516 0.015403 0.0856324 0.0187036 0.0299054 0.0627693 0.120958 0.0211019 0.231618 0.0030777 0.0669963 0.0168288 0.00600795 0.0445265 
0.0319492 0.0219358 0.0134076 0.0306687 0.0791471 0.0262192 0.0318999 0.0507007 0.156191 0.0147954 0.0834753 0.03098 0.0464618 0.139619 0.065459 0.0164824 0.027866 0.0140262 0.0354512 0.0316985 0.0201788 0.0313872 
0.0404358 0.045187 0.0675496 0.0195733 0.0332372 0.0366526 0.0206472 0.031071 0.0171062 0.0139174 0.0624711 0.0180516 0.0285417 0.0770165 0.115056 0.0301635 0.186872 0.00307765 0.052812 0.0203423 0.0225347 0.0576838 
0.0523882 0.0577836 0.0706915 0.0999784 0.0295764 0.0342145 0.171211 0.00858669 0.0301009 0.0373776 0.0248032 0.0200585 0.075235 0.00105635 0.00822092 0.0273466 0.0113688 0.0543213 0.0936986 0.0611648 0.0156007 0.0152161 
0.0208897 0.0118383 0.0203041 0.0405419 0.045264 0.00490183 0.00594167 0.0172606 0.00129428 0.0243329 0.00639476 0.0844904 0.0175162 0.0515547 0.0673475 0.123087 0.135979 0.0807232 0.0448833 0.0561796 0.030619 0.108656 
0.0274736 0.0624122 0.0103823 0.0286957 0.0111444 0.117013 0.0422073 0.131249 0.081259 0.00244015 0.0206505 0.0869614 0.0155016 0.00260973 0.0695223 0.0624285 0.0492946 0.0017848 0.0597657 0.0589881 0.0287842 0.0294326 
0.00642358 0.0261641 0.0859242 0.0160708 0.0886312 0.0242279 0.0297915 0.0224078 0.0197728 0.179019 0.0132018 0.0488729 0.0122585 0.0335477 0.110744 0.0250183 0.0458524 0.0361188 0.0217966 0.0318608 0.0437769 0.0785188 
0.0384978 0.0124975 0.00675525 0.0185402 0.0622857 0.114998 0.0435738 0.0197563 0.0297588 0.0292248 0.0306765 0.0808888 0.0270985 0.0611076 0.0502822 0.0472348 0.0222981 0.0409935 0.0267611 0.017284 0.0843176 0.135169 
0.104977 0.0105247 0.00886652 0.0154825 0.0597938 0.0929034 0.0361832 0.0166361 0.0309725 0.0243152 0.0252027 0.065985 0.0224383 0.0513889 0.0967771 0.0386162 0.0184026 0.0648488 0.0220067 0.0144997 0.0700573 0.109122 
0.00266911 0.00884732 0.000539642 0.0272679 0.107772 0.109533 0.000801492 0.118727 0.0156165 8.80147e-05 0.45897 0.00467605 0.00105724 0.00279211 0.0905083 0.00659996 0.000907377 0.000338986 0.0110735 0.00140641 0.00153817 0.0282702 
0.0185186 0.02146 0.0483375 0.0424387 0.0602881 0.0754437 0.0280508 0.0407369 0.0350129 0.0534757 0.024027 0.0525163 0.0179536 0.0152246 0.0198366 0.0243922 0.0486417 0.0278228 0.056341 0.158387 0.0969589 0.034135 
0.0261849 0.0129973 0.00799929 0.0107658 0.0348331 0.00750575 0.0251123 0.0427282 0.0197281 0.0843667 0.0293539 0.0351041 0.04057 0.0153439 0.194225 0.0951988 0.0351146 0.0353988 0.0736021 0.0565671 0.0244522 0.0928482 
0.0539675 0.0331725 0.0495743 0.00427256 0.062356 0.01266 0.0696867 0.0159988 0.0199245 0.0619314 0.0146534 0.0387186 0.105667 0.0307121 0.107211 0.00415509 0.102424 0.0197006 0.00331098 0.0156442 0.0676693 0.10659 
0.0133063 0.0660076 0.0553172 0.0893645 0.0507011 0.0229595 0.167881 0.074824 0.0289333 0.0559463 0.0219752 0.0126096 0.0320658 0.0861521 0.0236689 0.0120541 0.0246841 0.0169123 0.0665203 0.0197032 0.0316912 0.0267225 
0.0365339 0.0849513 0.11484 0.0467676 0.0336813 0.0701672 0.0394289 0.0827959 0.0352334 0.0348084 0.0342386 0.0726293 0.0189933 0.0175355 0.0563934 0.0262284 0.0292946 0.0818095 0.0305688 0.00911804 0.00859675 0.0353862 
0.028213 0.0645559 0.0408834 0.0333288 0.041728 0.048013 0.010596 0.17355 0.00436723 0.00204197 0.00802171 0.0261019 0.0774935 0.00876448 0.044137 0.0993818 0.0877614 0.0265691 0.0749418 0.0289645 0.0358134 0.0347724 
0.00835637 0.0148056 0.0194045 0.0379245 0.0161793 0.0871992 0.063904 0.0517734 0.0286102 0.021482 0.0342901 0.0692522 0.0714577 0.0123512 0.0239583 0.00573567 0.0800353 0.0310516 0.0105473 0.0183924 0.061657 0.231632 
0.0222158 0.0592261 0.0446222 0.0366635 0.0474508 0.0683471 0.0137694 0.0126822 0.0321317 0.0193761 0.0228591 0.021791 0.0506099 0.0087946 0.0271245 0.0505031 0.0585785 0.0390946 0.0360288 0.120577 0.0330077 0.174547 
0.0190333 0.0929388 0.0473005 0.0881685 0.0066278 0.0871477 0.00789414 0.0105508 0.0312505 0.0495703 0.0627004 0.0513567 0.0207825 0.0166626 0.00362958 0.0465354 0.0264755 0.0628581 0.0457852 0.0892896 0.0125186 0.120924 
0.0410664 0.0743025 0.0444212 0.0343358 0.0136192 0.0502968 0.0484431 0.0457301 0.0281937 0.0433282 0.0620776 0.00769485 0.0240492 0.0082243 0.0341413 0.0378032 0.0495397 0.0454328 0.152013 0.0882263 0.0170999 0.0499611 
0.0671055 0.0175178 0.0728102 0.0497733 0.094966 0.0442744 0.0567088 0.0160314 0.0319369 0.0261804 0.0474592 0.0421135 0.034534 0.00302852 0.027302 0.0261469 0.0240934 0.0685803 0.0399562 0.0978718 0.00432564 0.107284 
0.0401254 0.0524896 0.0555073 0.0302647 0.0290348 0.0220109 0.0303428 0.0687425 0.0649952 0.0346467 0.0867477 0.114632 0.0403565 0.00872263 0.0216669 0.0253093 0.0468675 0.05127 0.0297162 0.094562 0.0349386 0.0170506 
0.0715198 0.0303059 0.0549317 0.0720018 0.0276451 0.0469271 0.0326586 0.0656118 0.0353683 0.0248441 0.0274012 0.0145367 0.108472 0.0360123 0.0354626 0.0208801 0.0107039 0.0411 0.0956031 0.0336381 0.00353 0.110846 
0.0714892 0.0240141 0.0286456 0.0478883 0.0386316 0.0603314 0.0809129 0.037291 0.0146925 0.0853873 0.076579 0.0509997 0.042335 0.0575899 0.0559532 0.0212694 0.0285283 0.0262415 0.0534454 0.0416854 0.00976419 0.0463253 
0.0177822 0.0581601 0.158855 0.113964 0.0637729 0.0331506 0.0232657 0.0196423 0.0641509 0.0554449 0.0184996 0.0260817 0.0712922 0.0123786 0.031331 0.0276012 0.0601713 0.00930445 0.0326104 0.0389713 0.0116589 0.0519108 
0.120612 0.0123049 0.0401071 0.0248192 0.0137752 0.0392584 0.0444258 0.0281255 0.0896248 0.0127317 0.036779 0.0217815 0.0113038 0.0336774 0.179016 0.106121 0.0283736 0.00532477 0.0203097 0.0358889 0.0116947 0.0839457 
0.132948 0.00826107 0.0422346 0.0308182 0.0219983 0.0500995 0.0303593 0.0232525 0.0936927 0.0122959 0.0287635 0.019449 0.00982445 0.0515224 0.109981 0.132223 0.0252196 0.00515482 0.0221583 0.0487097 0.0076596 0.0933738 
0.0803058 0.0666796 0.0339916 0.0539035 0.0459819 0.022921 0.116527 0.0329324 0.125274 0.0329039 0.0329325 0.0189677 0.0306958 0.0371283 0.051419 0.023795 0.0260279 0.0260636 0.0264755 0.0634374 0.0274116 0.0242251 
0.0338724 0.0155864 0.0733318 0.113045 0.0283862 0.0358806 0.136638 0.0483747 0.0369183 0.0361979 0.0196361 0.0403809 0.0301053 0.0289323 0.0242577 0.028559 0.0351825 0.0473984 0.0225357 0.107532 0.0318582 0.0253904 
0.056526 0.0898529 0.0930103 0.133075 0.0425018 0.0102623 0.0137947 0.0478622 0.0381339 0.0369796 0.107654 0.0115287 0.0298327 0.0106148 0.0214152 0.112668 0.0289641 0.0256183 0.00991561 0.0390816 0.016982 0.0237261 
0.100303 0.0283153 0.188419 0.0703905 0.00579437 0.0201078 0.0316376 0.0121347 0.0795352 0.0500201 0.0280706 0.00453773 0.0598085 0.0677522 0.0449605 0.0193638 0.0158022 0.016515 0.0551885 0.0371465 0.0232589 0.040938 
0.0499783 0.00942569 0.0281783 0.00185035 0.115108 0.00545061 0.0147114 0.00271653 0.161713 0.112102 0.00367609 0.0138548 0.0100833 0.00219934 0.246206 0.012892 0.0173845 0.00345809 0.0215585 0.143193 0.0128754 0.011385 
0.0159631 0.00101482 0.000949748 0.000436882 0.0089052 0.261206 0.00852166 0.000800811 0.000585034 0.376455 0.0108996 0.00263019 0.00118121 0.000105473 0.000728767 0.0491278 0.0137886 0.0345212 0.000337574 0.028535 0.000407958 0.182899 
0.0145588 0.207978 0.0402298 0.0831686 0.0373301 0.0243017 0.0208599 0.0320144 0.0586185 0.0417371 0.0661941 0.0238898 0.0693461 0.0121231 0.0410871 0.0370026 0.0316881 0.0260371 0.0242284 0.0341964 0.0349603 0.0384498 
0.0460581 0.0415022 0.0440683 0.0427758 0.0467503 0.0460998 0.0460104 0.0476521 0.0449131 0.0463919 0.0435849 0.0483275 0.0467931 0.0566039 0.0426952 0.0444443 0.0417537 0.0427271 0.0445555 0.0438407 0.0492723 0.0431798 
0.0891789 0.054032 0.023839 0.142033 0.0542081 0.0604931 0.026693 0.0397096 0.0193105 0.0301463 0.032014 0.0656875 0.0166126 0.0293098 0.0574927 0.0184707 0.0458807 0.0280251 0.0411076 0.0396588 0.0234558 0.0626411 
0.0901108 0.0542467 0.0321652 0.0205501 0.0453035 0.0214756 0.0356861 0.0827392 0.0322868 0.0253775 0.0764351 0.00915573 0.0789946 0.0108268 0.0382439 0.0915545 0.0275561 0.0675287 0.0222698 0.0223203 0.0359903 0.0791826 
0.0481075 0.0351412 0.0268014 0.0916714 0.0128581 0.0397113 0.0478866 0.0166642 0.0209549 0.0221582 0.00849387 0.0506197 0.0089793 0.0150892 0.0666966 0.0763364 0.107375 0.0390879 0.0581495 0.0735169 0.0217068 0.111994 
0.0448035 0.046919 0.0678214 0.104186 0.0452842 0.0725413 0.13955 0.0259539 0.0440805 0.0259247 0.0184873 0.0380672 0.0293954 0.0150029 0.0326032 0.0187184 0.0582835 0.0539537 0.0463516 0.028963 0.0130386 0.0300715 
0.0130968 0.0280541 0.00466566 0.0327791 0.14524 0.079634 0.053936 0.0360098 0.0103824 0.0130175 0.0347074 0.118542 0.00796614 0.00816097 0.00327211 0.0363411 0.0248626 0.195811 0.044499 0.00965965 0.038999 0.0603633 
0.00775376 0.0847117 0.148448 0.113041 0.0248963 0.0438676 0.0132333 0.0761585 0.0576035 0.0106909 0.00989236 0.0485324 0.00667741 0.0194916 0.00721159 0.0668612 0.0467099 0.00951167 0.0284033 0.0509052 0.05287 0.0725282 
0.0415593 0.0581497 0.0271423 0.0451632 0.0484874 0.0283194 0.0722174 0.0354746 0.036667 0.0247445 0.0209745 0.0432818 0.128417 0.00778401 0.123069 0.0390344 0.0361041 0.0171376 0.0424632 0.00848799 0.0038464 0.111475 
0.0381617 0.105275 0.113078 0.0578427 0.00464588 0.0700206 0.00554485 0.0138393 0.0504063 0.0238554 0.0321571 0.0422581 0.0109843 0.019617 0.00310137 0.0454055 0.145503 0.0634515 0.0917967 0.0137932 0.0154651 0.0337982 
0.0303826 0.0354882 0.0639525 0.0282602 0.191041 0.0245189 0.0410497 0.0289813 0.0213076 0.0278563 0.050903 0.0189478 0.0515497 0.0244587 0.0647777 0.0196483 0.0521615 0.0761912 0.0647098 0.0489866 0.0148584 0.0199695 
0.0839983 0.0742566 0.0689117 0.0569332 0.0633873 0.0412286 0.0322273 0.0516925 0.0327429 0.0164381 0.0542464 0.069703 0.012431 0.0371709 0.0402762 0.0675914 0.0364752 0.0128972 0.0307389 0.0355562 0.0411976 0.0398994 
0.000874394 0.0283646 0.000836619 0.000812081 0.151768 0.0227548 0.0620177 0.0189977 0.124488 0.0581282 0.013239 0.00550487 0.000888348 0.0010746 0.0778127 0.093657 0.0840239 0.000811155 0.089662 0.0882238 0.0383521 0.0377085 
0.00793888 0.0172228 0.00791508 0.0142661 0.00518026 0.0135384 0.00643119 0.329512 0.0131899 0.409329 0.0141414 0.0771929 0.00789613 0.0036075 0.00635429 0.0145007 0.00621419 0.0154876 0.0110681 0.0120018 0.00144522 0.00556643 
0.00556204 0.0226164 0.0882673 0.0375086 0.0203819 0.0589434 0.0283761 0.00450128 0.00455465 0.0054908 0.00842851 0.0706794 0.011063 0.00745265 0.00348046 0.0690243 0.351159 0.0298272 0.124562 0.00421996 0.00164907 0.0422522 
0.0497715 0.0226018 0.00883393 0.0365932 0.00564509 0.120687 0.0244125 0.213848 0.0331949 0.000747648 0.0225759 0.00457197 0.0163841 0.00254511 0.089288 0.0548432 0.055428 0.00419042 0.112225 0.0417953 0.0691738 0.0106434 
0.00886583 0.0154679 0.0418863 0.050996 0.0220975 0.137529 0.0338866 0.0148771 0.0253946 0.0327632 0.0223941 0.0241467 0.0679976 0.0182116 0.0117476 0.0244096 0.0171311 0.0274411 0.0172456 0.361586 0.00886713 0.0150576 
0.0415821 0.0497816 0.0565162 0.0499878 0.0987355 0.046409 0.0430327 0.0695433 0.0469068 0.0703285 0.0400951 0.0799357 0.0310345 0.00879618 0.0487575 0.0566135 0.0335505 0.0255819 0.0246738 0.0144046 0.0249758 0.0387576 
0.0266493 0.0295361 0.023631 0.0723735 0.0543936 0.0175885 0.00996715 0.0479853 0.0484123 0.0369831 0.0333651 0.0355586 0.148724 0.0125694 0.0176508 0.0437128 0.0548083 0.0240728 0.0266227 0.0732657 0.114638 0.0474919 
0.0378905 0.0315144 0.0374602 0.0626971 0.0788811 0.0304618 0.0332595 0.0748964 0.0368121 0.0394065 0.0415504 0.107969 0.0671372 0.0057015 0.0884906 0.033787 0.0216141 0.0199591 0.0198075 0.0340155 0.0275771 0.0691113 
0.0157155 0.0677383 0.0558748 0.0121803 0.0105 0.027832 0.119678 0.036737 0.0208025 0.149722 0.206684 0.0108543 0.0813954 0.000536495 0.0339566 0.0179011 0.0129344 0.0452921 0.00698174 0.0194922 0.00922049 0.03797 
0.0385614 0.0299488 0.0438712 0.0404085 0.120127 0.0226864 0.0197203 0.0170269 0.0208873 0.0723401 0.0288895 0.195184 0.011625 0.0407554 0.0264276 0.00992819 0.025047 0.0719837 0.0395947 0.0605684 0.0274076 0.0370106 
0.0544655 0.0627889 0.0781388 0.0356808 0.0293185 0.0249803 0.015344 0.025864 0.0783679 0.0390974 0.0388445 0.0230089 0.0735544 0.0121017 0.0312169 0.011209 0.128652 0.0608 0.0222253 0.0672615 0.0592308 0.0278487 
0.0283819 0.0248064 0.0450714 0.0807884 0.0241421 0.0332809 0.0175309 0.0205347 0.0367734 0.153555 0.0447468 0.138872 0.0163889 0.00647665 0.0427237 0.0383969 0.0141261 0.00893007 0.0538276 0.0388388 0.0220461 0.109761 
0.0762436 0.0739725 0.0334523 0.0753718 0.0287492 0.0178531 0.0556817 0.0304492 0.0303429 0.039618 0.0549622 0.0144519 0.0527703 0.0323233 0.0370173 0.0303196 0.0427676 0.0669475 0.0599538 0.0391771 0.00773742 0.0998377 
0.0503512 0.0598934 0.0601452 0.0735054 0.0202864 0.0699034 0.0251422 0.0160888 0.0558516 0.0603349 0.0306306 0.0295437 0.0327448 0.0186767 0.0395077 0.109225 0.0771128 0.0273105 0.0601048 0.0446529 0.0268156 0.0121719 
0.0229975 0.0474238 0.0257317 0.0672326 0.0414577 0.0293115 0.0274019 0.086979 0.0629126 0.0293931 0.0898291 0.0623768 0.0610949 0.0100596 0.0697594 0.0184644 0.0646457 0.0411355 0.050213 0.0341815 0.0252857 0.032113 
0.0719039 0.0296755 0.0125312 0.0751471 0.038032 0.0149533 0.0111789 0.0128176 0.00963574 0.085461 0.229493 0.0572063 0.0280441 0.108545 0.085414 0.0163408 0.00974953 0.00948746 0.0139501 0.0197501 0.0431495 0.0175337 
0.0449707 0.127641 0.023203 0.0587793 0.108423 0.0284036 0.0693962 0.0274196 0.0910943 0.0193942 0.0285715 0.0105204 0.00984444 0.00530188 0.07006 0.0188984 0.0976971 0.0333203 0.0460926 0.0301001 0.0327019 0.0181669 
0.0667356 0.0561013 0.0566875 0.0450055 0.037687 0.0561011 0.0234767 0.0336433 0.0607173 0.0482163 0.0364369 0.0465174 0.0413295 0.0234026 0.0334225 0.0780867 0.0416597 0.0419562 0.0306809 0.0904312 0.00865515 0.0430495 
0.0403577 0.016898 0.0275464 0.085447 0.132177 0.0257422 0.0724773 0.0227526 0.0290226 0.00674002 0.0419489 0.0612023 0.0597282 0.0237829 0.0108345 0.0617499 0.0497627 0.018623 0.10419 0.0236801 0.0339479 0.0513884 
0.0121951 0.135668 0.0422941 0.0293328 0.0570617 0.0485379 0.0902546 0.081641 0.0700536 0.0189048 0.0108192 0.0398068 0.0139185 0.0339234 0.0999523 0.0244387 0.0437614 0.0290251 0.0420069 0.041762 0.0246217 0.0100206 
0.044584 0.0195327 0.0559362 0.0270802 0.0589858 0.0193661 0.143401 0.242703 0.04524 0.0143754 0.0187056 0.0285476 0.0305349 0.00878895 0.0434094 0.0132958 0.0268624 0.0970263 0.0222411 0.0122931 0.00696264 0.0201279 
0.0103229 0.013557 0.0253529 0.175934 0.0396823 0.028594 0.0140888 0.111613 0.0991359 0.0182446 0.0602112 0.157563 0.0136627 0.0191507 0.0237674 0.0175746 0.0573673 0.0132151 0.0176244 0.0385903 0.0230295 0.0217179 
0.0468191 0.0139396 0.0289268 0.043352 0.0505672 0.0439281 0.0306244 0.0343413 0.0404454 0.113413 0.0751977 0.0567585 0.022674 0.0142727 0.0674364 0.0449654 0.0297162 0.0810731 0.0605551 0.0171905 0.0184227 0.0653813 
0.0584863 0.0394983 0.0288393 0.0251168 0.100687 0.0184288 0.00731429 0.0723228 0.00296993 0.0222891 0.0406618 0.133127 0.0238078 0.0589633 0.0552391 0.0751123 0.0267052 0.0316886 0.0291554 0.0467989 0.0492084 0.0535797 
0.0215647 0.0875474 0.138994 0.097198 0.0153367 0.0346929 0.0545739 0.00288507 0.0168139 0.0131468 0.15786 0.10353 0.0310791 0.0271714 0.0993264 0.0307573 0.00105845 0.0329707 0.00570676 0.00758521 0.00424741 0.0159527 
0.035259 0.0624699 0.0596221 0.0481979 0.0469704 0.0165955 0.0136421 0.0380185 0.00817897 0.0156684 0.0327919 0.1823 0.0102422 0.0490496 0.107839 0.0558057 0.0511054 0.0185077 0.02457 0.0591189 0.0349986 0.0290476 
0.0294343 0.0315616 0.0339788 0.0333397 0.0750956 0.020283 0.0101239 0.062715 0.00255401 0.0214354 0.03819 0.154306 0.0335625 0.0826122 0.0539504 0.046336 0.0289531 0.0152472 0.026853 0.0643164 0.0710869 0.0640649 
0.0136479 0.109491 0.0278014 0.0269861 0.00268122 0.00264391 0.0136338 0.0619466 0.00042931 0.0337017 0.0837393 0.10671 0.145813 0.0167728 0.0310163 0.0131697 0.0981812 0.0228711 0.0770863 0.0507062 0.0357943 0.0251772 
0.0623494 0.0802545 0.0685209 0.0241135 0.0358391 0.0492076 0.0282179 0.0329899 0.0346279 0.0348551 0.0663081 0.0489794 0.0234106 0.0141997 0.0497778 0.0721386 0.0707753 0.0974014 0.0267198 0.0453383 0.0143603 0.0196149 
0.0503494 0.0615439 0.0594616 0.0665289 0.0491324 0.0997821 0.00941857 0.0216306 0.0254295 0.0444261 0.0346605 0.0314229 0.0329151 0.0100315 0.0241464 0.0147624 0.0507806 0.0134537 0.0935438 0.0194938 0.119385 0.0677017 
0.0585974 0.0608698 0.0142927 0.0169354 0.040147 0.0639484 0.034012 0.0820935 0.0310606 0.0742593 0.0904074 0.0263648 0.0432507 0.0314576 0.0320153 0.039702 0.078146 0.0237589 0.0441908 0.0547682 0.024501 0.035221 
0.0516779 0.0789734 0.0704016 0.00430344 0.065611 0.0123214 0.0156653 0.0734189 0.0264149 0.0262207 0.00411571 0.0159159 0.0624285 0.0894443 0.0163616 0.0300566 0.0511959 0.0232298 0.0141167 0.119384 0.0505835 0.098159 
0.0227119 0.0083644 0.0600329 0.0136874 0.0107777 0.0419698 0.281825 0.0114933 0.0136231 0.0130915 0.0263943 0.00684612 0.0127496 0.00521704 0.0345361 0.107728 0.0271454 0.0550881 0.035734 0.0536148 0.0944045 0.0629643 
0.0469004 0.0219853 0.0227411 0.0660104 0.100693 0.0539801 0.0210251 0.0220874 0.0246483 0.0638132 0.0320136 0.0675964 0.113498 0.0161209 0.0288148 0.0612118 0.0371127 0.0285353 0.0221301 0.0680451 0.0135274 0.0675094 
0.0137095 0.105274 0.0983485 0.197932 0.0588982 0.0372014 0.0309537 0.0194616 0.0208137 0.0477863 0.0242186 0.00653395 0.00950489 0.0147284 0.014822 0.126395 0.015197 0.034875 0.0317031 0.0799381 0.003766 0.00793926 
0.0572178 0.0612026 0.0943922 0.065838 0.0504624 0.111566 0.00248446 0.0620286 0.0338028 0.0347475 0.0134488 0.0243698 0.0323174 0.0237939 0.0949567 0.00940442 0.022382 0.012197 0.0269301 0.0167016 0.0951191 0.0546366 
0.0229493 0.0500624 0.0101223 0.0711755 0.0502336 0.0729969 0.0086789 0.0354279 0.0219588 0.184274 0.0234468 0.0158326 0.015954 0.178186 0.0362889 0.0201444 0.0556805 0.0349306 0.0211058 0.0148747 0.0249572 0.0307196 
0.0653568 0.0278506 0.0378532 0.0430634 0.0174925 0.0167926 0.131127 0.0437073 0.0120327 0.101473 0.0521301 0.0353949 0.075528 0.00285215 0.0423272 0.0761088 0.0236332 0.0278363 0.0350822 0.00873357 0.0325489 0.0910755 
0.034874 0.0128148 0.0174138 0.087951 0.0895265 0.027771 0.0523585 0.0181083 0.0370473 0.0109752 0.0270056 0.0585013 0.0576419 0.0588733 0.0276066 0.0654792 0.0891559 0.0359918 0.0717049 0.0583785 0.0151588 0.0456619 
0.0400938 0.00775079 0.01507 0.038974 0.0655894 0.0346442 0.0278762 0.0102986 0.0204596 0.0372726 0.0449049 0.00502165 0.00469868 0.0476019 0.0110715 0.0525955 0.158599 0.191386 0.00909677 0.0333437 0.0078933 0.135758 
0.0386144 0.0440708 0.0654722 0.0670053 0.0559064 0.0242843 0.00673329 0.07412 0.0111864 0.059363 0.0631687 0.0415264 0.0480143 0.0235758 0.0674289 0.0348583 0.0194147 0.035662 0.0255726 0.0354028 0.108742 0.0498776 
0.0410461 0.0614831 0.0215495 0.0324446 0.0108014 0.0599215 0.0330806 0.124634 0.0524546 0.0168111 0.0298716 0.0938808 0.00821098 0.0133685 0.0136277 0.0227504 0.0357185 0.104606 0.0897674 0.096547 0.0179227 0.0195024 
0.0309667 0.00536936 0.00288088 0.0552241 0.0285108 0.0310871 0.0556586 0.0587728 0.02145 0.0337091 0.055724 0.0771133 0.00646381 0.01074 0.0137447 0.0655699 0.10104 0.0374256 0.00471179 0.0389527 0.0170686 0.247816 
0.0286403 0.087544 0.0276201 0.00152716 0.0294401 0.00475797 0.0436155 0.0908068 0.0601806 0.0146843 0.0436014 0.0173526 0.0340529 0.000571337 0.00684361 0.0125048 0.0508772 0.0205102 0.237728 0.0820928 0.0542473 0.0508015 
0.0283607 0.0077457 0.0123901 0.038452 0.0607139 0.0239547 0.00897322 0.0387537 0.0195863 0.0322843 0.0395424 0.312759 0.0325442 0.0195125 0.0343015 0.0234766 0.0309817 0.0970863 0.00685921 0.0271674 0.0294183 0.0751357 
0.0280559 0.0245071 0.0349545 0.0735215 0.060696 0.0363334 0.0302803 0.0311653 0.0202798 0.049484 0.043782 0.052617 0.0385294 0.0166886 0.0456155 0.0544943 0.0600416 0.0703242 0.091548 0.0427918 0.021345 0.0729449 
0.0405429 0.106254 0.0289388 0.0300397 0.0363369 0.0250584 0.0103791 0.0534983 0.0198156 0.0888979 0.0783184 0.0112249 0.035813 0.0049753 0.0471398 0.0726137 0.0659988 0.107111 0.0389755 0.0805329 0.00626409 0.0112716 
0.0280531 0.0222627 0.0250058 0.0626913 0.0476979 0.0418016 0.0685802 0.0477925 0.0339029 0.136534 0.0343103 0.102709 0.0388247 0.0140784 0.0419807 0.116478 0.0437651 0.0158212 0.0259994 0.0161371 0.0222142 0.01336 
0.0296863 0.0181959 0.0382833 0.02969 0.0308775 0.0619398 0.0107617 0.071823 0.0463652 0.033026 0.156988 0.0958015 0.0747912 0.0273656 0.0643269 0.0387156 0.0355048 0.0191268 0.01869 0.0383775 0.00876869 0.0508947 
0.0186333 0.0633639 0.0437013 0.148946 0.0184844 0.0336429 0.0508358 0.0130493 0.0407136 0.0397272 0.0679568 0.070622 0.0181308 0.0273531 0.0259375 0.0236601 0.0309162 0.0787887 0.104237 0.0368824 0.00548436 0.0389329 
0.107836 0.0234691 0.0249202 0.0398202 0.0264368 0.0260689 0.136109 0.0382295 0.0253979 0.0395986 0.0298067 0.0635075 0.026461 0.0625873 0.0595258 0.0916298 0.0236113 0.0241617 0.0357453 0.0247915 0.0458679 0.0244177 
0.00744174 0.00626328 0.0410319 0.0212656 0.01106 0.0178664 0.0100106 0.119302 0.177854 0.190337 0.0108502 0.0828006 0.00866468 0.0336637 0.0758715 0.0144031 0.0140919 0.0104773 0.00469527 0.0768742 0.00719087 0.0579836 
0.0276662 0.0171924 0.0514273 0.00800672 0.029946 0.0328443 0.0187507 0.152752 0.029494 0.0191878 0.0206265 0.0142338 0.0714656 0.00211003 0.0112213 0.182834 0.0332112 0.0339993 0.0515645 0.0287787 0.0588747 0.103814 
0.0163472 0.0325711 0.0378455 0.0307013 0.0362174 0.0554246 0.0339881 0.182917 0.0198577 0.0726221 0.0214835 0.0747495 0.044516 0.0140846 0.0781845 0.0312815 0.0251762 0.0533754 0.0151769 0.0246279 0.0646684 0.0341839 
0.0115998 0.0965029 0.0157141 0.0537578 0.0210775 0.0286097 0.00381706 0.119451 0.0682345 0.0198996 0.0566222 0.16463 0.0299728 0.0118848 0.011265 0.0541886 0.0821885 0.05757 0.0283074 0.018397 0.023166 0.0231443 
0.0195283 0.0266626 0.0466038 0.0717135 0.00567845 0.0442191 0.00317255 0.167115 0.0430934 0.0100652 0.0883862 0.0275464 0.0667801 0.0181822 0.0210259 0.0937029 0.0117761 0.0427861 0.170411 0.00868298 0.00751054 0.00535702 
0.00656702 0.120416 0.0421329 0.0139154 0.0495311 0.0470741 0.00952173 0.0628771 0.0196285 0.0498345 0.018775 0.0359196 0.0416571 0.0103516 0.0193885 0.0915555 0.0435978 0.025378 0.0515556 0.134128 0.0381287 0.0680664 
0.0556971 0.0557842 0.0328026 0.047159 0.0619132 0.0548215 0.0170613 0.0253137 0.0364442 0.0413384 0.0400738 0.0755228 0.0481804 0.00839203 0.029349 0.0175377 0.0604227 0.0635898 0.0277085 0.0264453 0.135324 0.0391187 
0.00711877 0.0210769 0.101022 0.0545214 0.0237598 0.0684864 0.0119999 0.0634709 0.0234198 0.0175989 0.0214823 0.0604492 0.0757318 0.0178836 0.0345334 0.0882243 0.0376568 0.00653689 0.00911324 0.0807538 0.122062 0.0530983 
0.0141861 0.0202706 0.014065 0.0375229 0.0195253 0.106167 0.00980624 0.0916275 0.139667 0.0335879 0.0188301 0.10523 0.0625456 0.0182266 0.036639 0.0301152 0.0855623 0.0541872 0.0377128 0.0185466 0.0103098 0.035669 
0.0357101 0.0288946 0.0971377 0.0453717 0.0544368 0.000469834 0.0380626 0.148051 0.000470834 0.0427323 0.0193498 0.0589609 0.0614713 0.0142838 0.0217438 0.00282735 0.0265146 0.0146526 0.181858 0.00518906 0.0611948 0.0406166 
0.0164253 0.0143042 0.0458375 0.0595426 0.0446561 0.145566 0.0512381 0.0225663 0.0293185 0.024489 0.0345245 0.0734719 0.036027 0.021232 0.0258336 0.0406408 0.0235415 0.122419 0.0246504 0.0264615 0.0207275 0.0965268 
0.0253494 0.0802361 0.00499638 0.0103024 0.0919216 0.030861 0.00887067 0.0706589 0.00902923 0.00909007 0.086863 0.0824562 0.0178627 0.0353352 0.0200121 0.0438476 0.0233448 0.0240701 0.0605582 0.0438005 0.0768318 0.143702 
0.0256109 0.0533941 0.0470132 0.0489419 0.0459667 0.0189133 0.0559761 0.032358 0.0971453 0.0628749 0.0521439 0.0133543 0.0164559 0.0430024 0.200595 0.0274924 0.0431253 0.0562206 0.0308038 0.00963107 0.00295727 0.016024 
0.0113278 0.066465 0.0658016 0.058599 0.0890429 0.0212331 0.0529563 0.094715 0.0484835 0.0482523 0.0640018 0.0162195 0.116758 0.0259054 0.0328025 0.0304541 0.040321 0.0156698 0.0175197 0.0187789 0.0337739 0.0309189 
0.064114 0.0212526 0.0192579 0.090702 0.0151271 0.0339362 0.123697 0.132323 0.00760562 0.0226268 0.00514205 0.0109894 0.0368518 0.0204199 0.0194083 0.0190026 0.068382 0.0892523 0.0243322 0.03097 0.132338 0.0122689 
0.00931781 0.122471 0.0264374 0.00679674 0.0400381 0.189865 0.00340341 0.157216 0.0686125 0.0193184 0.0208229 0.0210294 0.0136139 0.01178 0.0312795 0.0121989 0.0765828 0.06622 0.0376651 0.0618896 0.00218016 0.00126113 
0.0668813 0.0105005 0.0140736 0.0358019 0.0122693 0.064122 0.0118847 0.0794867 0.0150376 0.0306131 0.0197431 0.178834 0.0495753 0.048914 0.00586297 0.0315085 0.0839606 0.0758798 0.012431 0.00643146 0.103888 0.042301 
0.0751836 0.027523 0.0286642 0.0259369 0.0184081 0.0519213 0.04738 0.0253858 0.035446 0.0757344 0.0472939 0.0186291 0.0530362 0.0291943 0.0444058 0.0348779 0.0388135 0.036415 0.0669037 0.0693423 0.100068 0.0494367 
0.015088 0.025874 0.164518 0.0721325 0.039215 0.0509899 0.00930974 0.0145804 0.0180128 0.0190046 0.0201139 0.200089 0.0542606 0.0250108 0.00854348 0.031398 0.00643654 0.0718708 0.0347899 0.0595832 0.0138137 0.0453652 
0.0424694 0.0425667 0.0201096 0.113345 0.0685505 0.0230508 0.0221299 0.018694 0.0237817 0.0499977 0.0253292 0.0230248 0.0458922 0.0405082 0.0263239 0.0230256 0.130809 0.0228236 0.0310697 0.0206635 0.0828024 0.103034 
0.0570066 0.0327861 0.035954 0.0308535 0.0482068 0.0313982 0.0661927 0.0581522 0.0100887 0.0481858 0.0306733 0.0986108 0.0494988 0.0235497 0.0338826 0.0781569 0.0291734 0.0445059 0.0140697 0.0400133 0.0795202 0.0595207 
0.0277933 0.046118 0.0235817 0.0247097 0.0364289 0.0168992 0.0218674 0.0144618 0.0465708 0.023348 0.0336378 0.0471896 0.0159982 0.0651627 0.11201 0.0725062 0.0107959 0.0159949 0.0281278 0.035588 0.204864 0.0763461 
0.0212562 0.0608581 0.0952339 0.045922 0.0300116 0.0929052 0.107915 0.030488 0.0215932 0.0290592 0.0506398 0.043512 0.0206093 0.014727 0.0313642 0.0441535 0.030366 0.0238087 0.0449625 0.0967946 0.0362386 0.0275812 
0.043326 0.0505184 0.0209134 0.04236 0.0323878 0.0296056 0.0149049 0.0456086 0.0117006 0.0669926 0.0626405 0.0385987 0.0369667 0.0113306 0.21509 0.0463511 0.017071 0.0388935 0.0355743 0.0804921 0.0415322 0.0171418 
0.0175869 0.103655 0.0389416 0.056682 0.0393656 0.0266233 0.0284506 0.0569149 0.070759 0.0229744 0.0753101 0.0776536 0.0243652 0.0238433 0.0502962 0.0252452 0.0170856 0.0741534 0.0225382 0.0603061 0.0669948 0.0202549 
0.00806279 0.00380973 0.0327212 0.0172906 0.0128967 0.0225446 0.00992798 0.00922134 0.00174353 0.000862111 0.00892042 0.137986 0.0201591 0.047483 0.0235988 0.00305339 0.0593896 0.0273412 0.438481 0.00194211 0.0528994 0.059666 
0.0441559 0.0172419 0.0883088 0.0421478 0.00966306 0.037428 0.0187696 0.0342188 0.0712077 0.0463828 0.0340785 0.147494 0.169066 0.0111249 0.0731317 0.0217059 0.0208642 0.0349869 0.0150893 0.021836 0.00858132 0.0325169 
0.0571137 0.0264693 0.0476603 0.0518685 0.0477801 0.0583578 0.0416479 0.0193673 0.102853 0.0526898 0.0357406 0.0281101 0.0210176 0.0286061 0.0236058 0.0230324 0.101547 0.040332 0.0371138 0.0893424 0.0232472 0.0424969 
