0.0223063 0.0907154 0.0374162 0.0322535 0.0288889 0.0335128 0.032559 0.103422 0.0517267 0.0211466 0.0416719 0.10827 0.0347158 0.0729963 0.00971266 0.0808296 0.00434353 0.0198223 0.00739028 0.00721628 0.041554 0.0806049 0.0369253 
0.0322946 0.0631943 0.0241745 0.0250671 0.0841122 0.086109 0.0187619 0.0241326 0.0650513 0.115002 0.0525427 0.0660743 0.0273545 0.0188445 0.0325869 0.0611296 0.0127491 0.0342317 0.0347941 0.024256 0.0311496 0.0385798 0.0278084 
0.0331621 0.0610772 0.0372282 0.0160619 0.0818543 0.0449596 0.0860023 0.0665022 0.020997 0.0400788 0.16103 0.0396375 0.0358052 0.0557795 0.0145216 0.0259829 0.00810938 0.0776439 0.0159713 0.0125191 0.011282 0.03061 0.0231838 
0.0351587 0.0832083 0.0512183 0.0799823 0.0877463 0.0393665 0.0271247 0.101162 0.0440353 0.00585704 0.0156609 0.0677692 0.0150551 0.0831615 0.0258139 0.034118 0.00588201 0.0658699 0.0253651 0.0385833 0.0200541 0.0157321 0.0320752 
0.0292072 0.0545788 0.0224416 0.0122848 0.0386886 0.0453141 0.0732644 0.0875072 0.024457 0.05563 0.0733042 0.0638947 0.0240689 0.0466492 0.0210562 0.0377407 0.0742654 0.019155 0.0444427 0.0602086 0.0329376 0.0330922 0.0258106 
0.0104408 0.0708811 0.0514004 0.00737858 0.0312906 0.0164955 0.00879497 0.0375354 0.011884 0.170829 0.0326596 0.0376563 0.0802373 0.115755 0.0278409 0.0221992 0.0524969 0.0497155 0.0197402 0.0339486 0.0578094 0.0183719 0.034639 
0.00914118 0.0198513 0.0104173 0.0316276 0.0498409 0.010174 0.0434066 0.035839 0.00380384 0.141646 0.0282122 0.0697605 0.141851 0.129355 0.0194465 0.0303298 0.0173019 0.0656976 0.00960956 0.0121427 0.0144235 0.0626173 0.0435046 
0.0335417 0.0232268 0.0532565 0.0378513 0.0673257 0.0309393 0.145213 0.0601796 0.00866181 0.0517936 0.0345711 0.064394 0.0776673 0.0413546 0.0330596 0.065611 0.0353941 0.0582812 0.0159722 0.0127882 0.0110592 0.0259846 0.0118742 
0.0242582 0.0204271 0.0228683 0.0367202 0.0865532 0.126112 0.0936302 0.0411754 0.0254502 0.0371825 0.0243442 0.130493 0.0299474 0.104601 0.0276375 0.0642511 0.00884346 0.0177221 0.0128792 0.0110637 0.0106564 0.0156502 0.0275336 
0.0124798 0.0114712 0.03044 0.0389481 0.10503 0.0182536 0.131156 0.0185384 0.0285855 0.100493 0.0460108 0.178915 0.0404308 0.0402521 0.0295189 0.0414205 0.00139241 0.0159972 0.0052453 0.0142322 0.0428966 0.0153865 0.0329057 
0.00623099 0.00708883 0.00674194 0.113666 0.00640846 0.00691399 0.00639179 0.0999059 0.00690651 0.0065098 0.00621975 0.194831 0.00674928 0.0731518 0.00713338 0.396012 0.00737946 0.00664998 0.00694006 0.0065036 0.0068717 0.00802958 0.00676426 
0.0108298 0.0351906 0.0981368 0.0145408 0.0646212 0.028057 0.106148 0.0365907 0.0379855 0.0310862 0.0855716 0.0415537 0.128176 0.0446817 0.0214536 0.074479 0.00878552 0.0385343 0.00920472 0.0112481 0.0177361 0.0254868 0.0299023 
0.0120533 0.103149 0.0522487 0.00695449 0.0208213 0.0767949 0.0536832 0.0662317 0.021781 0.0458299 0.0341333 0.0576783 0.0411312 0.0628958 0.00652627 0.0979413 0.00952575 0.0202377 0.00616945 0.00620834 0.0131789 0.166615 0.0182107 
0.0234045 0.0211949 0.0368237 0.015264 0.0632246 0.043158 0.0257128 0.0522074 0.0531779 0.0877067 0.0942194 0.06782 0.015009 0.198091 0.0238336 0.0379464 0.00633795 0.0258962 0.0188209 0.00765235 0.0423032 0.0161759 0.0240196 
0.0112094 0.00537409 0.036101 0.00742838 0.145128 0.00623327 0.0970247 0.00136951 0.185819 0.0160881 0.0192403 0.0133996 0.00144752 0.00688969 0.00417284 0.291371 0.00998112 0.092021 0.00132828 0.0138817 0.0243367 0.00129299 0.00886149 
0.0217483 0.0266018 0.0042268 0.00229453 0.101123 0.0392042 0.0126578 0.0332139 0.0275386 0.0064982 0.0201569 0.0282675 0.142721 0.287261 0.00358765 0.038325 0.00560833 0.0120696 0.00118886 0.0015264 0.0742771 0.00267811 0.107225 
0.0225828 0.0298443 0.00848142 0.0294703 0.0414826 0.0163363 0.0611421 0.0321598 0.0202709 0.0408949 0.00471626 0.151721 0.0672522 0.155021 0.00532483 0.00387351 0.0076574 0.00930189 0.187959 0.034642 0.00895147 0.0212964 0.0396182 
0.129907 0.0219198 0.026217 0.0277453 0.032149 0.0200337 0.0645344 0.0591626 0.0178696 0.018151 0.0675247 0.0491614 0.0731856 0.0778888 0.0236717 0.0223927 0.0144354 0.0961165 0.0233988 0.030484 0.00942863 0.0802644 0.0143586 
0.0165609 0.0131279 0.0236291 0.0411516 0.0201592 0.0341498 0.048139 0.03147 0.00864866 0.0403765 0.298041 0.0569591 0.0438713 0.0437241 0.06583 0.118781 0.00183113 0.0229729 0.010038 0.0154456 0.00509183 0.0192189 0.0207826 
0.0377669 0.138886 0.00986527 0.130985 0.0211021 0.0254021 0.0279248 0.0637422 0.0661967 0.0928315 0.0228514 0.0228512 0.0106478 0.0274745 0.00962234 0.0446903 0.00855943 0.120269 0.0116497 0.00654181 0.0329732 0.0611368 0.0060305 
0.0211469 0.0729079 0.0510043 0.104641 0.0883382 0.0286314 0.0267459 0.0328154 0.0485865 0.0211058 0.0395272 0.0511857 0.0334503 0.00686498 0.0403703 0.0493493 0.0282324 0.0335823 0.0269257 0.104273 0.0416251 0.0128914 0.035799 
0.0210497 0.0806901 0.0594534 0.0268613 0.0156891 0.0180686 0.0402739 0.0525625 0.0436741 0.0474296 0.0375293 0.0422191 0.0241075 0.159183 0.0191008 0.0497936 0.0233448 0.0122487 0.037257 0.0352508 0.0984244 0.0166525 0.0391364 
0.0198158 0.0557641 0.0278856 0.0238214 0.0637857 0.0852037 0.028058 0.0454372 0.0324459 0.0855466 0.0470476 0.0378258 0.0785344 0.0399304 0.0162025 0.120811 0.00875078 0.0234165 0.048473 0.0137628 0.017728 0.0224716 0.0572817 
0.0330676 0.0293551 0.0229836 0.0414707 0.0537883 0.0651529 0.0989787 0.0816069 0.0622823 0.0495588 0.0665216 0.0872232 0.0604989 0.0707884 0.0222976 0.0409959 0.0097053 0.0144012 0.00597065 0.0157795 0.0208326 0.0237822 0.0229579 
0.0295343 0.0210902 0.0647493 0.0096032 0.0336384 0.0338498 0.0588924 0.0714198 0.0211999 0.0459863 0.123816 0.0996466 0.0539348 0.0264063 0.0799084 0.0611859 0.00796733 0.019565 0.00847919 0.00444085 0.0326275 0.0287782 0.0632801 
0.0441501 0.0121597 0.054683 0.0452339 0.0336336 0.0431719 0.018104 0.065158 0.0496029 0.0589664 0.0408277 0.078899 0.034191 0.0309255 0.0456452 0.0756457 0.00405527 0.0315499 0.0646372 0.0540517 0.0417603 0.0344709 0.0384772 
0.0444088 0.0284861 0.0658483 0.0389655 0.0650648 0.034562 0.09929 0.0862563 0.0601188 0.0268594 0.0284276 0.0442889 0.0509913 0.0391374 0.0395798 0.103286 0.00689036 0.0142526 0.0138275 0.010577 0.0230941 0.0439657 0.0318217 
0.0218393 0.0574581 0.0346934 0.0585016 0.0753549 0.0214203 0.0574027 0.0395124 0.0144214 0.0472603 0.0322842 0.0716871 0.108898 0.0434295 0.0750698 0.0308952 0.00708666 0.0329741 0.00836404 0.0270752 0.0172809 0.0371533 0.0799381 
0.00395731 0.00600436 0.0106442 0.0541125 0.0142677 0.0219511 0.237695 0.0652722 0.0123376 0.033737 0.0280131 0.13735 0.0294821 0.0554863 0.110899 0.0610334 0.00269369 0.00841017 0.0120236 0.0188342 0.0155221 0.0306455 0.0296289 
0.0175791 0.0530397 0.0147822 0.0284633 0.0687641 0.0170988 0.0581502 0.086624 0.0571964 0.0749283 0.0667103 0.00850355 0.0645495 0.073565 0.0193559 0.0758561 0.0454469 0.00910843 0.063039 0.0458009 0.0374353 0.00853643 0.00546652 
0.0469018 0.0425864 0.0160425 0.0429683 0.0701967 0.0439369 0.0722533 0.10958 0.0377727 0.0881907 0.0328145 0.0807478 0.0438663 0.0859947 0.0207299 0.0490669 0.00382337 0.0186509 0.0210657 0.0197727 0.0129673 0.0252088 0.0148619 
0.0526016 0.0147358 0.0324686 0.00678149 0.0439182 0.0026647 0.0376334 0.0568096 0.00977926 0.176832 0.0100175 0.0503891 0.053273 0.0459536 0.045517 0.244898 0.00602932 0.014212 0.0344806 0.0180287 0.00957961 0.0149399 0.0184577 
0.0214432 0.0518648 0.0232137 0.0407352 0.0681823 0.0911297 0.0827005 0.0622902 0.0128333 0.0566191 0.041192 0.0839068 0.0362884 0.0475176 0.0325867 0.0713908 0.0076209 0.0532461 0.0217965 0.0194575 0.0204554 0.0308669 0.0226623 
0.0106055 0.0284693 0.050299 0.0404787 0.119086 0.0348054 0.0657293 0.0624482 0.0325628 0.0303984 0.021411 0.0589873 0.0421911 0.0227619 0.0434134 0.0447796 0.0341642 0.0582678 0.0300811 0.0366955 0.0303991 0.0734523 0.0285131 
0.0605398 0.0396885 0.00836033 0.0719987 0.00521431 0.00598492 0.0876317 0.0809762 0.0186316 0.027338 0.00626017 0.046194 0.0370274 0.0567305 0.0413341 0.0216374 0.0226224 0.0366892 0.0422812 0.0382115 0.147571 0.0391908 0.057886 
0.0152905 0.0121677 0.0667982 0.00942669 0.184794 0.00565403 0.00792504 0.0134245 0.059535 0.0659253 0.0210874 0.0236665 0.0342792 0.0183613 0.0364837 0.0518687 0.00368388 0.151792 0.0246468 0.0852928 0.011492 0.00278031 0.093624 
0.0138584 0.0435616 0.0493856 0.0587097 0.0488872 0.06422 0.0715988 0.0641029 0.0776939 0.0289715 0.022234 0.0604942 0.123175 0.0280959 0.0427403 0.0156233 0.00675136 0.0522127 0.0232956 0.0434088 0.0259839 0.0239519 0.0110427 
0.0160554 0.00114161 0.109661 0.00114407 0.253883 0.00668075 0.19146 0.00100558 0.00111225 0.00104836 0.00100165 0.0971661 0.00108693 0.0332001 0.00689271 0.0846852 0.0308989 0.00107094 0.00111765 0.00104737 0.0398391 0.0142242 0.104577 
0.0167881 0.164805 0.0390571 0.0256939 0.0533899 0.010928 0.053566 0.0218876 0.0641476 0.0347116 0.0222023 0.0613038 0.0374457 0.0777784 0.0819459 0.0613889 0.056881 0.0168635 0.0342027 0.00718146 0.0101384 0.0252866 0.0224061 
0.00396828 0.0322708 0.0249436 0.00916756 0.0279375 0.149986 0.016785 0.0659519 0.0362467 0.0350031 0.0114345 0.125384 0.15425 0.123085 0.00484164 0.0312055 0.00466559 0.0215172 0.00489205 0.0516919 0.00790666 0.0262286 0.0306365 
0.0226332 0.0538101 0.0220539 0.019738 0.03434 0.0636532 0.0251074 0.0725721 0.0674909 0.0689116 0.0204856 0.0350689 0.0298618 0.0545952 0.0836662 0.0306189 0.0902342 0.0463012 0.0443571 0.015472 0.0304183 0.0326144 0.0359958 
0.0155709 0.0175368 0.115693 0.117637 0.0143159 0.0126817 0.00818026 0.0373992 0.0158092 0.014728 0.0155131 0.00455313 0.0255011 0.0319246 0.0227237 0.00897794 0.0483108 0.165262 0.0486628 0.0970094 0.0332159 0.0166582 0.112135 
0.0336997 0.0279611 0.0627601 0.0391769 0.0361874 0.0825102 0.134072 0.0319191 0.00683576 0.139948 0.0186309 0.069142 0.0442065 0.0730041 0.00716508 0.077621 0.00722909 0.0494827 0.00735048 0.0149329 0.00662755 0.0165141 0.0130233 
0.0336997 0.0279611 0.0627601 0.0391769 0.0361874 0.0825102 0.134072 0.0319191 0.00683576 0.139948 0.0186309 0.069142 0.0442065 0.0730041 0.00716508 0.077621 0.00722909 0.0494827 0.00735048 0.0149329 0.00662755 0.0165141 0.0130233 
0.0231336 0.0336731 0.0267539 0.0127753 0.0506554 0.0407195 0.120273 0.0677279 0.0465889 0.041103 0.0596574 0.116595 0.0933252 0.0644327 0.010384 0.0610941 0.00264039 0.0248913 0.016427 0.00868207 0.0172989 0.0519732 0.00919532 
0.0262795 0.0325723 0.0325577 0.0850523 0.0256345 0.0171631 0.0486738 0.0378763 0.0953377 0.099319 0.0183699 0.0259313 0.0409853 0.0944275 0.029551 0.164515 0.00946049 0.0295528 0.0240562 0.0232852 0.00937929 0.0182743 0.0117456 
0.0132004 0.0203289 0.0451548 0.0074836 0.0422946 0.0819893 0.132269 0.0724395 0.0133531 0.106377 0.0202283 0.105674 0.04744 0.0597751 0.0113145 0.0375084 0.0118733 0.0189754 0.0220073 0.01161 0.0583842 0.045386 0.0149329 
0.028798 0.0346147 0.000296583 0.0786368 0.011206 0.00106453 0.0143402 0.105684 0.383501 0.00449245 0.0021547 0.0112492 0.00215257 0.0741605 0.000804121 0.00251674 0.148436 0.00888583 0.0555454 0.000286098 0.00455326 0.00995661 0.0166637 
0.0709931 0.0178429 0.0491241 0.13073 0.151052 0.0138524 0.0449093 0.0227612 0.0143551 0.0239122 0.0573298 0.0319126 0.0761948 0.102679 0.036148 0.0360501 0.00641954 0.00969392 0.00668223 0.0149029 0.0623322 0.00989645 0.0102256 
0.00225518 0.0897182 0.017175 0.0663236 0.0140579 0.0369026 0.225418 0.0239699 0.03191 0.0176942 0.0624342 0.0397965 0.0184769 0.104088 0.0157959 0.0925703 0.00364135 0.0251073 0.0532868 0.00986902 0.00361476 0.0424028 0.0034919 
0.0704355 0.102887 0.0526543 0.0315622 0.0185098 0.0318382 0.035625 0.114343 0.0210418 0.0320665 0.0305556 0.0300004 0.0963401 0.049233 0.0219978 0.0292743 0.00723839 0.0555674 0.0517676 0.0278703 0.0492878 0.00883322 0.031071 
0.0932413 0.0154518 0.0304672 0.0810025 0.0412183 0.0382561 0.0157402 0.0999424 0.121262 0.00217834 0.00126772 0.0996599 0.0534459 0.00874337 0.0227066 0.0869778 0.00952928 0.0103856 0.0350504 0.00759986 0.0774754 0.0141048 0.0342929 
0.0561602 0.0342801 0.0173848 0.0163097 0.0455649 0.0330056 0.0592657 0.0283231 0.105464 0.0302821 0.038675 0.125762 0.0285959 0.0721903 0.0323393 0.0378468 0.0226124 0.0280415 0.0239915 0.01825 0.0191242 0.086508 0.0400224 
0.0132057 0.0257953 0.038222 0.0283413 0.0389196 0.113615 0.039276 0.0855785 0.0288007 0.0768679 0.0288601 0.0806913 0.0297002 0.0619133 0.0138759 0.129873 0.00917553 0.0473612 0.0107137 0.010592 0.0165348 0.0269406 0.0451464 
0.0483548 0.0303372 0.0281388 0.103916 0.00837987 0.0594728 0.0062182 0.0601494 0.0177187 0.030938 0.0101167 0.00768192 0.0625304 0.059058 0.0204023 0.0256876 0.112547 0.0113051 0.131812 0.0472749 0.0485212 0.0100845 0.0593552 
0.0533605 0.0384431 0.0686707 0.0143718 0.00906472 0.0220803 0.162313 0.0935397 0.00316035 0.0562154 0.012524 0.01245 0.0122685 0.0341248 0.0206907 0.0231303 0.00908487 0.0654133 0.233439 0.0179641 0.00414464 0.0204392 0.0131071 
0.0231718 0.0178447 0.0240504 0.0278271 0.12085 0.0167756 0.0104112 0.0244475 0.0217712 0.016387 0.0513099 0.00839779 0.0375136 0.00967617 0.0431463 0.00862292 0.00470049 0.0366388 0.174806 0.0478065 0.23484 0.00600801 0.0329978 
0.00951911 0.0349664 0.00660182 0.00735925 0.0161079 0.00505455 0.00219399 0.00954005 0.0112139 0.00312245 0.235976 0.000889381 0.00257596 0.0582056 0.0285762 0.00340397 0.00248995 0.00628993 0.21224 0.275232 0.031147 0.00611868 0.0311761 
0.0210647 0.0729879 0.0383971 0.0511035 0.0285624 0.0267274 0.0125535 0.0277919 0.0104304 0.021401 0.0256091 0.0069151 0.020772 0.01343 0.0620521 0.00489446 0.0267848 0.0612617 0.148206 0.0210222 0.0529663 0.0236633 0.221403 
0.0321267 0.0229018 0.0108992 0.0422128 0.20689 0.0191761 0.0406261 0.00844411 0.0257203 0.0147704 0.0375079 0.011284 0.00540411 0.0175829 0.132833 0.0468034 0.00980055 0.0301775 0.0360642 0.0167106 0.0989627 0.00988881 0.123213 
0.0478973 0.0711409 0.0273025 0.0330209 0.0246193 0.0207532 0.0199889 0.0370735 0.0716327 0.0235721 0.0189928 0.0109681 0.0211997 0.0100557 0.0649534 0.0175751 0.0555306 0.0571226 0.105891 0.0382644 0.0412472 0.0238514 0.157347 
0.0089 0.0582462 0.0361665 0.0198295 0.144201 0.0156065 0.0857213 0.0258936 0.0286732 0.0293743 0.0470283 0.134542 0.0201762 0.0651977 0.0270134 0.0147558 0.0200427 0.0377783 0.0539161 0.0057319 0.0398428 0.0531752 0.028188 
0.0789762 0.00593074 0.0486901 0.0111984 0.0667582 0.099463 0.00387152 0.0888744 0.0654026 0.101203 0.0111211 0.0044961 0.0206191 0.126464 0.0327005 0.0238986 0.0611489 0.0147617 0.0152944 0.034611 0.0515705 0.00344135 0.0295053 
0.0145311 0.0131997 0.0163296 0.14162 0.0199113 0.00162188 0.00845686 0.0134941 0.0601728 0.00403624 0.0295919 0.00614919 0.0194613 0.00904715 0.0358543 0.0104939 0.0163223 0.0146139 0.138253 0.147584 0.22009 0.00551667 0.0536495 
0.151979 0.0442494 0.102717 0.0669097 0.015654 0.0118952 0.0176451 0.0408327 0.136628 0.0229461 0.0645185 0.0278579 0.00529931 0.0141848 0.0184407 0.0194645 0.0260111 0.080207 0.0227857 0.0684192 0.0101109 0.0204156 0.0108291 
0.0771238 0.0469604 0.0617407 0.0205918 0.0289431 0.00869546 0.0270997 0.147704 0.0135297 0.00935283 0.0853138 0.0406372 0.00490253 0.00201359 0.00621667 0.00832827 0.0200477 0.0983413 0.104099 0.0808457 0.0814947 0.00946707 0.0165507 
0.096847 0.038563 0.110637 0.0243087 0.0396583 0.00764652 0.0226011 0.118005 0.0167839 0.0330679 0.0694524 0.0333153 0.00443963 0.00195442 0.00562542 0.00726916 0.0168667 0.0951883 0.0838871 0.0654708 0.066193 0.0227454 0.0194738 
0.0048445 0.0677708 0.0019465 0.00113589 0.007532 0.0296336 0.000319677 0.00163717 0.0560053 0.000720222 0.023076 4.7626e-06 0.000439847 0.000408192 0.000356767 0.000300092 0.000117433 0.0367662 0.0917763 0.629426 0.0441367 0.000949211 0.000697117 
0.0370954 0.043704 0.012704 0.0171872 0.0570494 0.0248865 0.0416228 0.129649 0.026239 0.0315968 0.0413408 0.0163444 0.0280232 0.0132955 0.0335946 0.0354508 0.0323782 0.0995109 0.0408438 0.0555517 0.0264308 0.0290389 0.126463 
0.0066313 0.0185555 0.169539 0.0279664 0.0790538 0.108108 0.0280669 0.0391947 0.00840691 0.07207 0.0150782 0.00776397 0.0265587 0.0937913 0.0121214 0.0359208 0.0375436 0.0158446 0.0257529 0.0126556 0.11287 0.0267177 0.0197887 
0.0410939 0.00339104 0.026969 0.490077 0.00317445 0.0119799 0.08475 0.00392081 0.026019 0.013896 0.0416183 0.0110357 0.00343891 0.0183557 0.0213149 0.00344941 0.0193726 0.0287038 0.0718714 0.0239491 0.00961484 0.00786848 0.0341355 
0.00808681 0.0935734 0.0805923 0.0332675 0.0490992 0.0208869 0.0115949 0.0132722 0.0538812 0.0154827 0.110053 0.0260702 0.0696252 0.0163429 0.0251076 0.0183499 0.0237753 0.018575 0.034129 0.0198574 0.233922 0.00790482 0.0165508 
0.030324 0.013973 0.0416779 0.0378535 0.0240646 0.058393 0.0869324 0.059258 0.0328356 0.0543435 0.0435529 0.0725093 0.0707987 0.112095 0.0228798 0.0516794 0.00976485 0.0188815 0.0479163 0.0412733 0.018812 0.0335529 0.0166288 
0.0289493 0.0452242 0.0190142 0.0184782 0.0167955 0.00283338 0.0337255 0.0871536 0.00103392 0.0233392 0.125625 0.0396352 0.0162459 0.00926257 0.00634505 0.0135954 0.0113861 0.00513192 0.130339 0.218648 0.109069 0.0286028 0.00956712 
0.04322 0.0122048 0.232771 0.0941923 0.0278121 0.00996934 0.013143 0.0989603 0.0537747 0.0243501 0.0758278 0.0128325 0.00682838 0.00998293 0.033013 0.0358359 0.0640161 0.0341856 0.0356068 0.0318189 0.0212122 0.008288 0.0201547 
0.10236 0.0175187 0.0392642 0.0458964 0.0849618 0.00913844 0.0344032 0.0675674 0.0911251 0.0557123 0.0901052 0.0238743 0.00547008 0.0508306 0.018629 0.0632863 0.012524 0.0312457 0.036322 0.0196336 0.0860992 0.00559254 0.0084407 
0.177837 0.00726902 0.081326 0.00940717 0.0120874 0.0624131 0.0502666 0.063929 0.0817213 0.0469132 0.063768 0.0114983 0.0447383 0.063376 0.0207632 0.130345 0.00862396 0.0132104 0.0121205 0.00350722 0.0119849 0.00987203 0.013022 
0.0884442 0.0317345 0.0765662 0.0157198 0.0383502 0.0152776 0.0197168 0.0253326 0.0499268 0.0370968 0.099009 0.0234728 0.0282791 0.0438584 0.0764675 0.0864197 0.025025 0.0226733 0.0336462 0.0177062 0.0936415 0.030554 0.0210818 
0.00950949 0.0950288 0.114477 0.0052699 0.0325589 0.09268 0.04062 0.020765 0.0659042 0.0854756 0.0744051 0.0709564 0.0637259 0.026082 0.00620937 0.0318248 0.0229298 0.0389753 0.00384999 0.00542531 0.0305487 0.00602633 0.0567519 
0.0620133 0.0412166 0.0361419 0.0755748 0.0473979 0.0271224 0.0713946 0.0352447 0.0210235 0.0420695 0.036083 0.0320108 0.056618 0.0527635 0.0275102 0.0778555 0.00995372 0.0789654 0.0267296 0.031366 0.022421 0.00932156 0.0792025 
0.0430437 0.0175254 0.0376768 0.124489 0.0564278 0.0349831 0.0533627 0.0669002 0.0290954 0.0183544 0.210592 0.0124744 0.0164266 0.0775088 0.017495 0.0742717 0.00705666 0.0107136 0.0212125 0.0211294 0.0122038 0.0248516 0.0122055 
0.026126 0.0593839 0.0611692 0.0465151 0.0438937 0.0229746 0.0360216 0.0634809 0.0731462 0.0236149 0.0414036 0.019792 0.0476992 0.0270853 0.0184243 0.0379433 0.0202318 0.119879 0.0457723 0.0249504 0.0277285 0.0830094 0.0297547 
0.0203447 0.0410094 0.0233882 0.0262651 0.0223261 0.0310847 0.0862389 0.0937195 0.0264227 0.0223242 0.0384965 0.131761 0.0186329 0.0448055 0.0209838 0.0416788 0.00990406 0.0572714 0.0369402 0.048514 0.0703231 0.0554413 0.0321241 
0.1708 0.0548935 0.0458719 0.0381696 0.0274886 0.0179262 0.0213633 0.00692407 0.146253 0.0206688 0.0340028 0.00731012 0.0166472 0.00770955 0.0245037 0.00544988 0.0078799 0.0376303 0.0758924 0.0927181 0.108597 0.00694001 0.0243604 
0.1131 0.0544597 0.0669921 0.0421912 0.0357619 0.0224744 0.0301564 0.0088398 0.169812 0.0165309 0.0411356 0.00654627 0.0188601 0.0121315 0.017434 0.00290461 0.0028481 0.0187683 0.0879639 0.0966572 0.0855033 0.00883012 0.0400978 
0.0746123 0.0291012 0.0627955 0.0163372 0.0235799 0.0166711 0.0798137 0.0175042 0.113668 0.0566552 0.0148156 0.037991 0.0390489 0.0489864 0.0317603 0.0864084 0.0195035 0.0203063 0.038168 0.0118667 0.0363632 0.102784 0.0212597 
0.0140187 0.0702898 0.0665515 0.118708 0.0218779 0.0332547 0.0171687 0.0514412 0.0446804 0.0231706 0.0258917 0.0261172 0.0168372 0.0262241 0.0442818 0.0536286 0.0364841 0.0791323 0.0306144 0.0277501 0.0761699 0.0496981 0.0460089 
0.0481121 0.0198164 0.0312067 0.0829205 0.00806988 0.0228861 0.01388 0.0291281 0.0555696 0.0410708 0.0437726 0.0636888 0.0236609 0.0427263 0.0542471 0.0335645 0.0247906 0.0518459 0.029465 0.184977 0.0516788 0.0117087 0.0312131 
0.0486898 0.035498 0.0291072 0.0161694 0.010212 0.0207171 0.00305089 0.0632989 0.0238387 0.366745 0.0409164 0.0460955 0.0439807 0.00974471 0.00662105 0.0197755 0.0370839 0.0340323 0.0591286 0.0263058 0.0262659 0.00537819 0.0273449 
0.00971944 0.0355167 0.0139556 0.0283028 0.105704 0.188572 0.0957288 0.0334772 0.0437139 0.0368132 0.10668 0.0241573 0.038989 0.0125762 0.0130613 0.0150623 0.00111762 0.00529432 0.0382445 0.0289367 0.109442 0.00908329 0.00585191 
0.00370582 0.051381 0.00754346 0.000476211 0.0169158 0.000857906 0.00132869 0.0486535 0.00117711 0.0571767 0.521712 0.00172104 0.0232181 0.043459 0.180047 0.0103888 0.000777524 0.0193672 0.0026057 0.000766403 0.0049322 0.00119674 0.000592113 
0.0659339 0.031869 0.0367386 0.0373137 0.0367083 0.0226104 0.0376948 0.0156355 0.041689 0.0407934 0.0760558 0.0758468 0.0214366 0.0152731 0.0783799 0.0243373 0.026996 0.0784199 0.0550449 0.0393005 0.057736 0.0213338 0.0628528 
0.0401459 0.0456729 0.0434379 0.0457714 0.0412893 0.0445464 0.0411819 0.0402305 0.0444982 0.0419422 0.0400735 0.0404932 0.0434852 0.0428467 0.0459599 0.0418275 0.0475454 0.0428454 0.0447144 0.0419023 0.0442739 0.0517341 0.0435817 
0.0122799 0.0232002 0.0255876 0.0513443 0.0131361 0.0214394 0.0543604 0.0484199 0.0288241 0.030509 0.0624093 0.100412 0.0367527 0.0150406 0.0580331 0.0388752 0.0464983 0.0247828 0.0757593 0.0444374 0.0456118 0.0184434 0.123843 
0.105809 0.0117867 0.0166241 0.0282378 0.0236966 0.138103 0.0262483 0.0271149 0.0671564 0.0184309 0.0213087 0.0337838 0.0641527 0.0556026 0.0274361 0.0462721 0.0459051 0.0922867 0.0258626 0.0197571 0.0246429 0.0307003 0.0490806 
0.0359892 0.0269432 0.0413877 0.0157661 0.0277999 0.0466054 0.108555 0.018425 0.0640673 0.0326762 0.0825428 0.0346161 0.0344781 0.0251408 0.00747625 0.165698 0.0216992 0.011132 0.0498085 0.0333902 0.0180476 0.0234727 0.0742828 
0.0437941 0.0292289 0.0908424 0.0471097 0.044338 0.0603319 0.130996 0.0378279 0.0487752 0.0342035 0.0598659 0.0790453 0.0389118 0.0435105 0.0232989 0.0272177 0.0298857 0.0120869 0.0325107 0.00955778 0.0172559 0.0249745 0.0344304 
0.0147703 0.0295391 0.029672 0.0183342 0.0526806 0.0157991 0.0253956 0.139628 0.10233 0.0282721 0.0588899 0.00718673 0.0442249 0.0136342 0.00220564 0.0201853 0.0290945 0.0758685 0.112204 0.0645884 0.0763712 0.0221098 0.0170161 
0.037169 0.0112786 0.0330477 0.0262855 0.0367214 0.00961185 0.0534439 0.0150479 0.0818233 0.0414357 0.00408458 0.0139825 0.171397 0.0311372 0.0231147 0.00733401 0.00802664 0.0131557 0.0363362 0.0199247 0.307287 0.00430827 0.0140467 
0.0277811 0.0329765 0.0390662 0.0610842 0.0663393 0.0174791 0.0143446 0.0104666 0.0178311 0.0168367 0.0313966 0.00996749 0.0775103 0.0200743 0.0861666 0.033227 0.0243703 0.135162 0.0798073 0.0413264 0.0618007 0.0134707 0.0815152 
0.0585769 0.0178821 0.0657145 0.0183971 0.116785 0.0495165 0.063362 0.0112274 0.0575617 0.0159931 0.062383 0.0631114 0.0977193 0.0813397 0.0522535 0.0225328 0.0343663 0.0207816 0.0164364 0.00661627 0.0143636 0.00595634 0.0471237 
0.123783 0.0283834 0.0309657 0.0175654 0.0116832 0.0118966 0.0677011 0.0642832 0.0404546 0.0599071 0.039289 0.0276609 0.0320966 0.0228671 0.0212569 0.0429487 0.0093517 0.111577 0.0186972 0.0925247 0.0400278 0.032339 0.0527409 
0.0427357 0.0433739 0.0713569 0.0138581 0.0379595 0.0210069 0.0329554 0.0558198 0.0420253 0.0414823 0.0757578 0.110747 0.0159759 0.0209099 0.0278385 0.0305798 0.0184336 0.058518 0.0960381 0.0769098 0.0415809 0.0110655 0.0130713 
0.0436269 0.00974939 0.0345604 0.0142115 0.0168261 0.160787 0.00879073 0.106175 0.169248 0.00895305 0.0746543 0.00471477 0.0135017 0.0299326 0.143592 0.000811686 0.000922645 0.00914582 0.0789615 0.000813138 0.0137465 0.0512003 0.00507436 
0.0263824 0.0173902 0.0123368 0.0107855 0.0361214 0.015576 0.03432 0.019627 0.0192491 0.0226358 0.0205196 0.0263308 0.0129513 0.0238641 0.016229 0.0150589 0.0070967 0.0570232 0.0215055 0.199677 0.019152 0.0184467 0.347721 
0.0180483 0.0153836 0.00896195 0.0107724 0.048713 0.0743953 0.207627 0.0383914 0.00398891 0.0822674 0.0533503 0.0197397 0.138883 0.0336684 0.00737732 0.0614532 0.00145822 0.0103371 0.00430483 0.0130959 0.0357975 0.0312301 0.0807554 
0.013904 0.00655586 0.0386051 0.0155517 0.0113609 0.00398328 0.00225178 0.0166169 0.0573462 0.021016 0.0187306 0.00348146 0.0101482 0.00324978 0.0383717 0.0345377 0.0279836 0.00716487 0.158593 0.210349 0.235892 0.0024598 0.0618467 
0.0510877 0.0364867 0.0163344 0.0417782 0.0402094 0.0549255 0.0195249 0.0197006 0.0111378 0.00970101 0.0366927 0.0561617 0.0276511 0.0404247 0.0544895 0.0472163 0.0343283 0.0145849 0.142722 0.19489 0.0102606 0.0142343 0.0254571 
0.0325655 0.0321324 0.0375216 0.0239644 0.0249678 0.0392072 0.0198511 0.0382703 0.0463484 0.0810664 0.0229489 0.118284 0.0254923 0.0575475 0.10459 0.0235293 0.0203808 0.0376773 0.0460673 0.0441487 0.0339243 0.038956 0.0505594 
0.0303585 0.023287 0.041437 0.0417135 0.0469474 0.049844 0.0124176 0.0367103 0.0379758 0.0355356 0.0383989 0.0270918 0.0499794 0.0243849 0.0627042 0.0182699 0.135634 0.0345326 0.0249464 0.164979 0.0315399 0.0169526 0.0143595 
0.0235173 0.0432256 0.0478231 0.15962 0.011935 0.0179042 0.0213515 0.0610244 0.0683239 0.0284806 0.0533785 0.0287914 0.0445912 0.0198996 0.0198569 0.014227 0.0220222 0.101003 0.0451852 0.0861495 0.0467572 0.0110313 0.0239015 
0.0120194 0.00499379 0.0460283 0.00626702 0.0724468 0.0208989 0.0542247 0.0442754 0.0393868 0.0379053 0.0177355 0.0925247 0.0612533 0.217801 0.0482362 0.0906607 0.0160833 0.043256 0.00533525 0.017731 0.00574388 0.0350172 0.0101756 
0.0610616 0.0198241 0.0432139 0.0118999 0.0994648 0.0246379 0.0321678 0.0327594 0.0145791 0.0448776 0.040241 0.0471558 0.0037287 0.0293775 0.0351297 0.0387862 0.0465824 0.0229493 0.0470055 0.0283475 0.253913 0.00481081 0.0174861 
0.0277609 0.0151458 0.0378094 0.0318446 0.0125577 0.0368167 0.0444284 0.0601651 0.0287962 0.0328027 0.0312065 0.0333703 0.0456488 0.0157268 0.0229534 0.174725 0.0945227 0.0372427 0.0109542 0.0332845 0.0281742 0.012265 0.131799 
0.0942496 0.0205178 0.028381 0.0930873 0.0201635 0.0296947 0.0268594 0.0178935 0.0137151 0.0228678 0.157909 0.0272918 0.0314221 0.0170842 0.0371437 0.0156796 0.0443795 0.0576008 0.0591486 0.0768736 0.0574743 0.0114919 0.0390714 
0.0937174 0.0216731 0.0292867 0.0944633 0.0449846 0.0119268 0.0231703 0.0472322 0.0639184 0.0744357 0.0265749 0.0363379 0.0276196 0.0506212 0.0415259 0.0732557 0.0124801 0.0684531 0.0487682 0.0154913 0.0436897 0.0135997 0.0367744 
0.047855 0.030577 0.0203404 0.0369186 0.0471392 0.0195463 0.0170389 0.0647267 0.0791101 0.0416122 0.0614159 0.0216024 0.0241805 0.0167691 0.0389873 0.0296232 0.0201083 0.0770018 0.101885 0.101245 0.036302 0.0532959 0.0127191 
0.0434445 0.0296939 0.0721343 0.0430179 0.0235747 0.0391852 0.034709 0.0348093 0.0545257 0.0563043 0.0517909 0.0451412 0.0349579 0.0469216 0.0192905 0.0747247 0.0116876 0.0910723 0.0468642 0.0510256 0.0455477 0.0320813 0.0174955 
0.0646709 0.0138815 0.0522582 0.0196037 0.174193 0.0221781 0.0300437 0.00400533 0.00830189 0.0053773 0.0971086 0.0968997 0.0496879 0.00990171 0.0264264 0.013718 0.00467954 0.101907 0.00437618 0.019361 0.0349862 0.0655079 0.080927 
0.0788341 0.0625781 0.110077 0.0444722 0.061296 0.025231 0.0286721 0.00789085 0.0635086 0.00448707 0.108126 0.050691 0.0191339 0.0602631 0.019058 0.0104777 0.0212013 0.0235817 0.0674514 0.044055 0.0343592 0.0414606 0.0130947 
0.0346825 0.072733 0.0363202 0.0284094 0.0719647 0.0329853 0.0273367 0.0762842 0.0374566 0.0523933 0.0305416 0.063329 0.0492395 0.0302481 0.017716 0.0269158 0.0107755 0.0865231 0.0343999 0.0475751 0.0444341 0.0444284 0.0433082 
0.0424056 0.0102974 0.0678087 0.0561766 0.0192674 0.0240389 0.00944271 0.0667492 0.08193 0.00954163 0.00473643 0.0130909 0.0193058 0.0429547 0.0112086 0.135892 0.00710906 0.0615322 0.225205 0.0331088 0.0364244 0.00172504 0.0200483 
0.0319578 0.0230241 0.0428975 0.0349393 0.018108 0.0538344 0.0211754 0.0284373 0.0895922 0.0272867 0.0412035 0.0264809 0.046694 0.0187389 0.031737 0.021065 0.0243003 0.132887 0.0817478 0.0535454 0.102214 0.0264532 0.0216804 
0.0656205 0.120521 0.0205891 0.0239526 0.0235782 0.025499 0.0893577 0.0350564 0.0594484 0.0445407 0.049385 0.0388356 0.0272372 0.0614633 0.0480229 0.0269357 0.014865 0.0602769 0.0402308 0.0520888 0.035659 0.0213156 0.0155205 
0.0155315 0.091215 0.00892644 0.0350521 0.0180418 0.017234 0.0527978 0.0195677 0.0115155 0.01902 0.0846455 0.0197268 0.127289 0.0241351 0.011984 0.0128941 0.0197791 0.0125364 0.0588489 0.01515 0.290023 0.0193511 0.0147351 
0.0275161 0.0288731 0.0105869 0.0578903 0.0928106 0.0596601 0.0353226 0.0243171 0.0289356 0.00810288 0.0714905 0.0139276 0.00689359 0.0263991 0.0671204 0.0239464 0.0167718 0.0577586 0.0562995 0.164956 0.0581485 0.0107974 0.0514753 
0.0359877 0.0196935 0.0223965 0.0470671 0.0227762 0.0875325 0.0233689 0.0326559 0.0416742 0.00751278 0.0352262 0.0360748 0.0388383 0.00651721 0.0401048 0.0120184 0.022859 0.0841944 0.184518 0.0352765 0.111086 0.027863 0.0247575 
0.0402089 0.0152283 0.0098309 0.142897 0.0724427 0.106315 0.011225 0.026233 0.000376364 0.0165698 0.00553227 0.0828506 0.00302217 0.0162844 0.00929462 0.000294199 0.199963 0.0392209 0.0376598 0.110119 0.0386739 0.00855345 0.00720488 
0.0231023 0.0177018 0.0329611 0.069623 0.00937483 0.0481555 0.0103684 0.0202645 0.0673185 0.011777 0.0465264 0.042949 0.0606194 0.0106428 0.127497 0.0108154 0.0114142 0.1265 0.123538 0.0676588 0.0359393 0.0111117 0.0141408 
0.0290379 0.0222182 0.0265412 0.0323081 0.0205548 0.0817697 0.0116968 0.0527267 0.0474193 0.00788351 0.0239686 0.0559371 0.0420817 0.0108655 0.0321285 0.00792139 0.0231474 0.0841526 0.264935 0.0237543 0.0657512 0.0174278 0.0157727 
0.0220234 0.0093958 0.00893602 0.00493221 0.0934339 0.140079 0.0286431 0.0240403 0.0897977 0.0887485 0.0514261 0.0341143 0.0302452 0.0193077 0.0139571 0.0352384 0.0610149 0.00041972 0.0223395 0.0291442 0.0503108 0.0993317 0.0431203 
0.0544283 0.0202212 0.0617404 0.0244568 0.146652 0.0535177 0.107754 0.099148 0.0487556 0.0271251 0.064919 0.022105 0.0256309 0.0646061 0.0252644 0.025438 0.00774612 0.0127477 0.0323023 0.0176011 0.033241 0.0152808 0.00931817 
0.0678756 0.0130117 0.0282846 0.0369941 0.0414022 0.0244683 0.0236374 0.0135744 0.0273752 0.0177667 0.132063 0.0551901 0.0267929 0.0542342 0.0396973 0.00652026 0.0319001 0.127994 0.0987213 0.0419536 0.06776 0.0107969 0.0119855 
0.0343494 0.0408782 0.0713965 0.0149893 0.0600755 0.0151157 0.0219723 0.0620276 0.0509666 0.0443048 0.0579449 0.0267169 0.0207129 0.0719188 0.0299179 0.0248786 0.0240834 0.0268374 0.152612 0.0216706 0.0361497 0.0418917 0.0485889 
0.0411797 0.00107522 0.0672953 0.0328563 0.064071 0.0329156 0.0317927 0.0201438 0.0152649 0.0109898 0.276977 0.0120446 0.00495335 0.0232071 0.0280639 0.0260858 0.0297217 0.118071 0.0306965 0.0346338 0.0251283 0.0274935 0.045339 
0.0143406 0.0133248 0.0282309 0.0461791 0.0358084 0.0176378 0.0181849 0.0163306 0.0291794 0.0421116 0.0118306 0.0141494 0.120549 0.0180312 0.129743 0.166252 0.0433385 0.0189039 0.0271772 0.111267 0.037156 0.00794526 0.0323292 
0.0300749 0.0463962 0.0213442 0.062816 0.0200969 0.106395 0.0480268 0.0201741 0.0349027 0.02333 0.0989606 0.0165127 0.0165438 0.0422861 0.062243 0.0324386 0.0221701 0.0447198 0.0465824 0.0488684 0.0341468 0.0878611 0.033109 
0.0474265 0.0353852 0.0191645 0.0533107 0.0120828 0.0229992 0.0412234 0.014541 0.0289924 0.0431613 0.0817921 0.0609286 0.082086 0.0396846 0.0872451 0.0182281 0.0241313 0.042476 0.0260352 0.151908 0.00962216 0.0119195 0.0456564 
0.0313402 0.0455699 0.00976172 0.0512593 0.00202885 0.0101766 0.009796 0.0376762 0.010909 0.0262561 0.109936 0.030467 0.0265399 0.0131681 0.00968779 0.0055422 0.037 0.336556 0.0973834 0.0423514 0.041025 0.00802702 0.00754271 
0.088993 0.0162707 0.0164419 0.0396123 0.0307859 0.0132426 0.0588086 0.0129807 0.0106166 0.00799444 0.0419238 0.0316601 0.0601812 0.0215708 0.0475878 0.155025 0.0414867 0.0207685 0.165108 0.0423368 0.0292858 0.0203051 0.0270141 
0.0774314 0.0931993 0.0320684 0.0204898 0.0182718 0.126735 0.087161 0.0296343 0.00926823 0.0378085 0.0657456 0.0527231 0.0411163 0.0389103 0.0440067 0.0395199 0.0354817 0.024163 0.0335502 0.0145875 0.031143 0.00723824 0.0397466 
0.0841137 0.0279216 0.0318744 0.0677004 0.0239484 0.0209352 0.0110564 0.0687525 0.0645765 0.0108002 0.0106511 0.0104388 0.0264322 0.047423 0.0210449 0.0942167 0.0044901 0.0481597 0.136358 0.101478 0.0505867 0.000621183 0.0364199 
0.0147293 0.0210378 0.0383841 0.0559876 0.0216323 0.0198457 0.0650607 0.156796 0.0297228 0.0784036 0.0088697 0.0100124 0.0401713 0.0479561 0.00503068 0.0354922 0.0302884 0.0714363 0.0803418 0.0430874 0.0224855 0.00394918 0.0992792 
0.0135836 0.0699265 0.033976 0.0183705 0.0229837 0.0267164 0.0926842 0.0343313 0.0892102 0.044235 0.0847139 0.0233682 0.0288036 0.0175378 0.035652 0.025134 0.0555786 0.0472894 0.0401575 0.101667 0.0499521 0.00921364 0.0349148 
0.0197557 0.0178991 0.0447914 0.129492 0.138336 0.013006 0.0408674 0.0492323 0.0388903 0.00692291 0.0453503 0.00699695 0.0391414 0.00961286 0.0122324 0.0064798 0.00953954 0.0232054 0.0234788 0.158815 0.135929 0.00702985 0.0229963 
0.0165195 0.00525295 0.130252 0.0454537 0.0587998 0.0695977 0.0258287 0.00604286 0.0559374 0.0182923 0.0238709 0.00479775 0.014071 0.0619312 0.0487079 0.0166573 0.0119686 0.0391112 0.0333463 0.210523 0.0328879 0.00384774 0.0663028 
0.0445942 0.00427336 0.00363871 0.0195825 0.041954 0.00858827 0.00305021 0.0093142 0.208732 0.0186617 0.0187371 0.00783962 0.00342277 0.00768087 0.00785789 0.0281775 0.0219181 0.0175766 0.00628951 0.304283 0.200031 0.000849448 0.0129476 
0.0231921 0.0270126 0.0316944 0.034267 0.0197818 0.00418765 0.0135397 0.0639241 0.0290113 0.0110709 0.125656 0.0388633 0.00573777 0.0349387 0.0222962 0.0183634 0.0190507 0.0901492 0.167337 0.0355287 0.149311 0.0150812 0.0200044 
0.0326668 0.0361966 0.041556 0.0621412 0.0436109 0.03365 0.0368122 0.0390699 0.0790851 0.0674885 0.0394487 0.0267084 0.0243232 0.0613354 0.0514882 0.0464 0.0147259 0.0683654 0.0465069 0.0626243 0.0269726 0.0213066 0.0375171 
0.125129 0.0341481 0.0516065 0.0335863 0.0408424 0.0164024 0.0205562 0.028988 0.0448333 0.0302932 0.0251997 0.0785459 0.0766411 0.0428933 0.0198598 0.152644 0.00520566 0.0380776 0.0566965 0.0198439 0.0329149 0.0167328 0.00835852 
0.0475665 0.0581211 0.0442439 0.0190446 0.0244103 0.0550318 0.131947 0.0981513 0.0529297 0.0491612 0.108654 0.00924829 0.0286507 0.0113317 0.0234441 0.024055 0.0193822 0.0201252 0.0465598 0.0428853 0.0205899 0.0437517 0.0207142 
0.0183605 0.040232 0.0203778 0.0416609 0.0144636 0.0155557 0.016492 0.0182611 0.082807 0.0216099 0.0411399 0.0894702 0.0510193 0.0193598 0.0385875 0.0118344 0.0071398 0.0820493 0.0368813 0.0481896 0.0434367 0.0185541 0.222518 
0.0520823 0.0172441 0.033245 0.0294565 0.0479101 0.059819 0.0449713 0.0345432 0.0196394 0.027588 0.0691476 0.0277864 0.0293065 0.110965 0.0605418 0.0293245 0.00489209 0.0608689 0.0462764 0.0456443 0.0269801 0.106241 0.0155271 
0.0282207 0.0408702 0.0249459 0.0380642 0.023712 0.0370456 0.0236503 0.0746885 0.0255548 0.024087 0.0230138 0.0232548 0.050602 0.0301192 0.0625894 0.0401662 0.0834706 0.0246057 0.0601979 0.0887599 0.0368189 0.0628777 0.0726847 
0.0147679 0.0256164 0.0359078 0.0160385 0.0155261 0.0552399 0.0460439 0.00438453 0.141807 0.0197184 0.0164991 0.147992 0.00621259 0.0283959 0.0250734 0.00671042 0.0138148 0.0498611 0.0677129 0.0466591 0.0329476 0.00536249 0.177707 
0.138495 0.0364259 0.0406317 0.0310638 0.0706219 0.00601717 0.0158145 0.0690409 0.0879566 0.00879863 0.00573746 0.00892469 0.0289015 0.00120895 0.0670937 0.0347637 0.0213062 0.113236 0.0816385 0.0185147 0.0255853 0.0297612 0.0584615 
0.0387886 0.0219304 0.0246494 0.0673743 0.0584818 0.0489169 0.0546825 0.0235317 0.0273673 0.0326417 0.0418693 0.0725876 0.048025 0.0357386 0.0447214 0.0407957 0.0290554 0.0448658 0.0201951 0.0514916 0.0941406 0.0107761 0.0673734 
0.0348156 0.00984914 0.0428852 0.0112777 0.0295912 0.0702834 0.0172582 0.0518294 0.076823 0.0133601 0.0489114 0.0446653 0.0110349 0.0815982 0.0801107 0.0130677 0.0450799 0.0141919 0.0654748 0.0209273 0.0377328 0.0375394 0.141693 
0.113659 0.0674339 0.0533474 0.0214074 0.0510626 0.0173056 0.0127501 0.0241112 0.004938 0.0342322 0.0669918 0.019598 0.0213224 0.0503968 0.0110908 0.0660999 0.0564999 0.0609841 0.0118662 0.0620034 0.0340511 0.00616173 0.132687 
0.0415741 0.0539748 0.0199426 0.00587338 0.00878092 0.0252932 0.0153989 0.193244 0.0327801 0.0463472 0.0195913 0.0110358 0.0979267 0.0106278 0.0874981 0.0173157 0.0188806 0.0240478 0.0250508 0.0691272 0.071308 0.0758051 0.0285764 
0.0333325 0.0330191 0.0302024 0.0541761 0.0581773 0.055921 0.0335203 0.0725048 0.039252 0.0792171 0.0402955 0.0321047 0.0248701 0.0330903 0.0286451 0.0270525 0.167235 0.0504345 0.0200271 0.0205034 0.0218058 0.021538 0.0230753 
0.0388825 0.0077755 0.0692472 0.118411 0.0324861 0.00590807 0.0114488 0.0303101 0.0286064 0.0178914 0.0584052 0.0164989 0.0251075 0.0181366 0.0561371 0.0294878 0.17765 0.0662993 0.0233981 0.0856771 0.0235983 0.0123907 0.0462467 
0.055824 0.0375211 0.0134164 0.022121 0.0395016 0.0356178 0.0423362 0.0409467 0.0631745 0.034505 0.123671 0.013277 0.0115211 0.0420919 0.107568 0.0116757 0.0146153 0.0362265 0.153677 0.0364348 0.0123186 0.042877 0.00908168 
0.0405735 0.0634724 0.0239075 0.0517945 0.0381303 0.0355493 0.0122419 0.0476424 0.000467797 0.0756938 0.137308 0.170201 0.0145307 0.204623 0.000466443 0.000470251 0.000464962 0.0262819 0.000467598 0.00987388 0.00280803 0.00507102 0.0379601 
0.0278497 0.0231481 0.018501 0.0421196 0.0427711 0.031923 0.0959088 0.0604173 0.0490557 0.0186504 0.0498691 0.0224492 0.0385674 0.0618393 0.0375009 0.062912 0.0165778 0.0767778 0.0320062 0.0765246 0.0254226 0.0626475 0.026561 
0.0654646 0.004234 0.0393467 0.0720037 0.0162071 0.0734906 0.0198119 0.0112097 0.00750684 0.111988 0.0263119 0.0131508 0.020192 0.0170824 0.0449302 0.0694632 0.0117435 0.0866121 0.0809695 0.112153 0.0551139 0.00692367 0.0340903 
0.0456002 0.0182516 0.0142777 0.0161802 0.0557361 0.0226305 0.0703246 0.0729442 0.0334416 0.0270436 0.0425565 0.0370164 0.0339911 0.0511589 0.0218057 0.0828779 0.0053588 0.0205103 0.0145964 0.0111542 0.00771537 0.286741 0.00808742 
0.00612274 0.022124 0.0412318 0.0353598 0.137792 0.0336285 0.0401272 0.00719116 0.0261076 0.0272872 0.034287 0.0455067 0.0326532 0.00678561 0.0377487 0.0265704 0.023765 0.15074 0.122808 0.0519483 0.0671137 0.0109356 0.0121659 
0.0807965 0.00726567 0.0303741 0.0305894 0.0575735 0.0159979 0.00874005 0.0338499 0.0298517 0.0168814 0.0481994 0.0396837 0.0273089 0.0133286 0.033135 0.12746 0.0354507 0.140736 0.0287276 0.0419577 0.0806839 0.00630602 0.0651019 
0.045448 0.0127304 0.0106948 0.01754 0.0110891 0.0314989 0.0548815 0.032766 0.174637 0.168362 0.00475068 0.0372541 0.196844 0.0176147 0.00577284 0.0722757 0.00517634 0.0256086 0.0275573 0.0208713 0.0105107 0.00566102 0.0104546 
0.0722228 0.0122518 0.00297473 0.0484807 0.102653 0.00670693 0.0106446 0.0205262 0.00494763 0.0597872 0.028666 0.111694 0.00642273 0.00339539 0.0889821 0.026332 0.0129326 0.0794264 0.026777 0.0445339 0.103268 0.00578562 0.120588 
0.0564121 0.026736 0.027789 0.042539 0.0808386 0.0471972 0.0307622 0.0274705 0.066565 0.124794 0.0283737 0.0670756 0.0271125 0.0269219 0.0293225 0.0193104 0.0249508 0.0184351 0.0553595 0.0193981 0.0550256 0.0219705 0.07564 
0.0669024 0.0181221 0.0766574 0.247099 0.00851644 0.017053 0.00947785 0.203802 0.022735 0.0289525 0.0427022 0.0134728 0.00969494 0.01267 0.00692762 0.019488 0.0447673 0.00707381 0.00435601 0.0816803 0.00712948 0.010979 0.0397409 
0.0281686 0.058783 0.0324574 0.0367006 0.093377 0.0241694 0.0953364 0.0824697 0.0319831 0.0325036 0.0335568 0.0177367 0.0416892 0.0463974 0.0852667 0.0219239 0.0166383 0.0293839 0.0189506 0.0701368 0.0140675 0.0666752 0.0216281 
