0.0633199 0.0555234 0.0588691 0.03485 0.0175693 0.00451033 0.034991 0.0303467 0.0950685 0.0128455 0.0411918 0.0121377 0.0409525 0.0158339 0.062849 0.0495357 0.0589285 0.0813304 0.0188809 0.0409061 0.0373523 0.0885061 0.0163202 0.0273811 
0.0552929 0.0263457 0.068533 0.0377081 0.0524517 0.0215809 0.0708947 0.0373618 0.0223404 0.0271069 0.0487232 0.0160475 0.0223954 0.122381 0.0233851 0.0419451 0.0387167 0.034287 0.0151516 0.0240111 0.0185144 0.131171 0.0180323 0.0256218 
0.0582163 0.018656 0.0837915 0.0289298 0.02678 0.0351488 0.0330827 0.023772 0.0469441 0.0265993 0.0427984 0.0489338 0.047242 0.0230198 0.0575271 0.0251055 0.0700174 0.0736734 0.0333702 0.0336924 0.0675127 0.0388174 0.0320035 0.0243661 
0.0196852 0.0281477 0.0117838 0.0407421 0.0337188 0.0453135 0.0109481 0.0214674 0.0350746 0.0393417 0.035185 0.0722297 0.0674459 0.0322383 0.0118164 0.0347612 0.0978865 0.0592581 0.00888243 0.0298526 0.0296163 0.131445 0.0400557 0.0631038 
0.0375819 0.058145 0.0401721 0.0205937 0.0799289 0.0222502 0.0140881 0.0300964 0.0623338 0.0191849 0.0421486 0.0325033 0.0361533 0.085424 0.0400588 0.0314964 0.0292528 0.080146 0.011441 0.0520444 0.0235799 0.0820232 0.0354325 0.0339211 
0.0914169 0.0260503 0.0486796 0.0329475 0.0188927 0.0239987 0.052532 0.0189607 0.161903 0.0489881 0.033199 0.00359414 0.0687902 0.00680504 0.0150234 0.0977652 0.0330785 0.0678681 0.0349508 0.055858 0.0138408 0.0135965 0.0115812 0.0196797 
0.0479212 0.033332 0.0412394 0.0241544 0.0180211 0.00675811 0.0231601 0.042636 0.0684165 0.00944836 0.0325204 0.00748497 0.118512 0.0281157 0.0465801 0.0714897 0.0375412 0.147702 0.0348785 0.0792077 0.0178484 0.0259172 0.00684655 0.0302689 
0.154015 0.00536814 0.0570316 0.033076 0.0156942 0.0122847 0.0249825 0.0607978 0.027136 0.018854 0.0524139 0.022401 0.055266 0.0178121 0.0459741 0.0529596 0.0438102 0.0636748 0.0163374 0.0253669 0.0546288 0.0421598 0.0229322 0.0750232 
0.0642931 0.0164992 0.0608152 0.0191901 0.0420388 0.00387357 0.0065641 0.0184156 0.0539937 0.0186456 0.119597 0.0100639 0.0708633 0.0188856 0.0821515 0.0342886 0.045468 0.0269854 0.011684 0.0843742 0.0393673 0.113303 0.0156701 0.0229684 
0.0355162 0.00342199 0.0386339 0.0117277 0.0408934 0.0108411 0.0162473 0.0139699 0.0308537 0.0238503 0.130453 0.0229821 0.111375 0.0609529 0.0335791 0.0879121 0.0290001 0.028658 0.0121215 0.0071073 0.0151418 0.0196224 0.140164 0.0749747 
0.00688383 0.1108 0.287783 0.00710828 0.106054 0.00637568 0.0409925 0.00645279 0.0060101 0.00675745 0.070247 0.00652303 0.0370464 0.00669747 0.00689693 0.100185 0.00669677 0.0395729 0.0086306 0.00716134 0.00663174 0.0368658 0.00697815 0.0746494 
0.0366988 0.0176972 0.0270435 0.00905473 0.0368793 0.00721302 0.0309598 0.0195635 0.0168138 0.0648872 0.0761711 0.0110508 0.0993521 0.0232316 0.0559185 0.0573801 0.0205719 0.0488288 0.00825625 0.0267764 0.132656 0.0696318 0.0345915 0.0687724 
0.0808357 0.00354664 0.0704013 0.0144178 0.0104162 0.00606918 0.0127429 0.11215 0.0743548 0.0100004 0.0969377 0.00765069 0.020642 0.0164916 0.0744652 0.047432 0.0472039 0.0407335 0.00829053 0.0579502 0.080007 0.0622764 0.00692079 0.0380637 
0.0111811 0.0246269 0.0362088 0.0471244 0.0571886 0.01771 0.0414772 0.0363719 0.0313942 0.130772 0.00812107 0.0545704 0.0362703 0.036722 0.0222124 0.0317693 0.0237288 0.0160889 0.013531 0.0207619 0.161432 0.0282966 0.0259294 0.0865111 
0.000909841 0.0293426 0.138757 0.00114574 0.0096066 0.00441524 0.0485039 0.0102694 0.00995473 0.00140004 0.00307394 0.00727228 0.00175015 0.0899538 0.00671266 0.000931405 0.126472 0.00130911 0.0125013 0.00460479 0.0087038 0.249914 0.0186213 0.213875 
0.00919587 0.00689613 0.0937183 0.00803398 0.0498313 0.000664678 0.00569463 0.0301896 0.030875 0.0195132 0.0883657 0.0497239 0.0146163 0.0019028 0.117238 0.236887 0.0352773 0.00668146 0.00199042 0.0338564 0.0615077 0.039842 0.0195561 0.0379426 
0.0150077 0.0238593 0.0570767 0.00368807 0.00504942 0.0030945 0.00317915 0.010464 0.0537331 0.0102537 0.00501098 0.0375421 0.0102552 0.227868 0.132451 0.0778938 0.0239152 0.0437075 0.00139475 0.155609 0.0206175 0.0556848 0.00753517 0.0151099 
0.0183798 0.0202003 0.0305055 0.0595209 0.0371366 0.00876801 0.014717 0.164775 0.068272 0.017824 0.071562 0.0269588 0.0233111 0.0266671 0.0267798 0.0201001 0.0352758 0.0619331 0.0426754 0.0250093 0.0383702 0.0412418 0.104043 0.0159733 
0.0408247 0.0377433 0.040364 0.0157466 0.0511651 0.00462345 0.00425878 0.0617159 0.0421581 0.00632162 0.0333733 0.0169459 0.0556622 0.0398662 0.0430222 0.0322966 0.0352263 0.0485568 0.211342 0.0146664 0.0592764 0.0368313 0.037335 0.0306782 
0.0277204 0.00443883 0.0262193 0.0155955 0.0893533 0.0118662 0.00686251 0.00520223 0.0388443 0.00522457 0.0431308 0.0188378 0.0121314 0.064072 0.0053324 0.0867319 0.0224374 0.377606 0.0676963 0.0133456 0.0132352 0.0102321 0.0106985 0.0231859 
0.0136529 0.0266984 0.0225919 0.028252 0.0157102 0.0178442 0.0391376 0.0223246 0.0177944 0.0366651 0.127827 0.0494463 0.076137 0.0214175 0.0361905 0.0552302 0.0364722 0.0477609 0.0384066 0.101472 0.0571801 0.0122171 0.0676736 0.0318976 
0.0295436 0.0140409 0.0235051 0.0153183 0.0114972 0.105661 0.0205772 0.0247147 0.0304082 0.0387651 0.0598397 0.046285 0.0581247 0.0363177 0.0683728 0.10958 0.104591 0.0190982 0.0315242 0.0587256 0.01301 0.032726 0.0213906 0.0263843 
0.0335738 0.0607284 0.0824851 0.023134 0.0125709 0.0111822 0.0311262 0.0151947 0.0466234 0.0726591 0.0438757 0.0674881 0.0215287 0.0145251 0.0884324 0.0768192 0.0241939 0.0536196 0.0188008 0.0330767 0.0361679 0.0457349 0.0179173 0.0685418 
0.0415073 0.0110445 0.0407525 0.0236738 0.0360872 0.0140414 0.0103888 0.0203025 0.0584344 0.0166699 0.0379429 0.0270003 0.0706897 0.0321531 0.0838021 0.0569112 0.0942935 0.0369405 0.0160185 0.0805517 0.036653 0.0825268 0.0285325 0.0430817 
0.00798109 0.00975619 0.0949757 0.0433971 0.0245501 0.0202758 0.0209673 0.0142719 0.0376542 0.0113626 0.011463 0.058604 0.082172 0.0397068 0.0785694 0.124016 0.0729951 0.0172673 0.0944794 0.0210578 0.0234328 0.0578767 0.00798593 0.0251817 
0.0922506 0.0401261 0.0529722 0.0709978 0.0640715 0.0139795 0.0135192 0.0351921 0.0753493 0.0339913 0.0350418 0.016066 0.0206079 0.012717 0.0417534 0.10701 0.0319616 0.0368894 0.0053744 0.0121465 0.0486943 0.100425 0.0227387 0.0161247 
0.0220203 0.0506267 0.0683326 0.0448282 0.0270842 0.0137618 0.0270065 0.0665063 0.0856043 0.0250463 0.057253 0.0425233 0.0562348 0.0248166 0.0266784 0.0319519 0.0377313 0.0560342 0.0151475 0.0346391 0.0892384 0.057494 0.0149693 0.0244711 
0.0275598 0.0244571 0.0298958 0.0339339 0.0175822 0.00665803 0.0326312 0.0583144 0.182449 0.00956947 0.134316 0.0142662 0.0794885 0.0124318 0.0473256 0.0258933 0.0312217 0.0353791 0.011818 0.0227035 0.0606695 0.0397584 0.0269687 0.0347086 
0.0297105 0.0169029 0.00559603 0.00807401 0.228513 0.00136236 0.0373666 0.00699293 0.0190156 0.0152349 0.0561993 0.0167043 0.0799818 0.0249245 0.0282068 0.02298 0.0203273 0.0463102 0.102591 0.0464674 0.00632175 0.138741 0.0275197 0.013956 
0.096853 0.0401745 0.0454145 0.038376 0.0266899 0.0170283 0.0186308 0.0353299 0.00927076 0.227645 0.0419457 0.0565695 0.0259717 0.0158472 0.0136366 0.0181439 0.0283514 0.0809647 0.0236353 0.0413662 0.0125422 0.0172573 0.0257267 0.0426293 
0.0412217 0.0250637 0.0571725 0.0129563 0.0230955 0.0072399 0.0286846 0.0152985 0.0650074 0.0135062 0.16235 0.0227517 0.0469006 0.0443551 0.0368428 0.0328501 0.0245123 0.0913025 0.0193053 0.0651204 0.0104365 0.0721527 0.0398657 0.0420079 
0.0414024 0.019884 0.00690948 0.00873274 0.00733373 0.00255951 0.00622965 0.0619082 0.00632471 0.0685849 0.0902063 0.0279025 0.0648127 0.175241 0.0161216 0.0861633 0.0464165 0.0985892 0.0185611 0.00860715 0.0713454 0.0446448 0.0136784 0.00784097 
0.092469 0.0109206 0.0578868 0.0241717 0.0434201 0.00771707 0.0169181 0.0224716 0.059448 0.0112175 0.10184 0.0475778 0.0472481 0.0341155 0.0457099 0.0513051 0.0365682 0.047532 0.0271072 0.0458171 0.0406909 0.0478156 0.0361588 0.0438729 
0.0762671 0.0177634 0.0915495 0.0775062 0.0347111 0.011567 0.0155046 0.116134 0.019864 0.0913935 0.018363 0.0340871 0.0115954 0.0262589 0.0436182 0.0829749 0.0126028 0.0120876 0.00230401 0.0329384 0.0229974 0.0527071 0.07479 0.0204149 
0.0817957 0.00597482 0.00807496 0.0370308 0.055917 0.0412342 0.0159661 0.0123474 0.0461062 0.00630968 0.0368485 0.14109 0.0142704 0.0610023 0.00810597 0.0757834 0.0940671 0.0573565 0.00656794 0.0139798 0.107815 0.00649823 0.0237999 0.0420584 
0.0523619 0.0125559 0.0242283 0.0227272 0.032884 0.0110705 0.0310515 0.0512281 0.0211555 0.251001 0.0411578 0.00571783 0.0404519 0.0753826 0.0257698 0.00934628 0.0772223 0.0092552 0.00655043 0.00354906 0.0564952 0.0713372 0.0184094 0.0490912 
0.0334843 0.00345991 0.0366511 0.0233111 0.0551499 0.0122708 0.00439166 0.0173202 0.0597231 0.0197635 0.0462268 0.0319955 0.0604804 0.0373807 0.136464 0.0896753 0.0255203 0.0650128 0.0239074 0.043977 0.106529 0.0311937 0.011321 0.0247908 
0.000557709 0.000561045 0.00304113 0.000575893 0.0166474 0.00309923 0.00608867 0.0188203 0.0102254 0.00602217 0.463575 0.122079 0.00550257 0.000542611 0.0396727 0.000507294 0.00868086 0.270381 0.00419537 0.000580193 0.000537286 0.000497794 0.000565351 0.0170441 
0.140846 0.0112359 0.0207383 0.0119827 0.00537024 0.00463287 0.00997966 0.0621451 0.0542357 0.0174905 0.0520087 0.0441449 0.0534902 0.0130892 0.123451 0.0410898 0.0224199 0.0760577 0.0367841 0.00827852 0.123082 0.0307498 0.0125457 0.0241508 
0.174689 0.011556 0.017057 0.0180232 0.0122801 0.00617333 0.00831852 0.0287061 0.0255444 0.00541508 0.0185954 0.0257988 0.135762 0.0321953 0.0456098 0.0774555 0.0289932 0.043806 0.0119148 0.0314188 0.0109957 0.174658 0.0105888 0.0444449 
0.0368894 0.0167752 0.0720189 0.0498644 0.0421709 0.0893847 0.0155513 0.0613606 0.0480737 0.0306947 0.026534 0.071823 0.028035 0.0242874 0.0576892 0.0460485 0.0318536 0.0609894 0.00722462 0.0421402 0.0537535 0.0369462 0.0123185 0.0375729 
0.043428 0.0709034 0.00656171 0.00749284 0.0135971 0.0494572 0.0148684 0.0601554 0.120082 0.017673 0.101694 0.0862788 0.0167275 0.0113612 0.023266 0.0716229 0.0816028 0.0516271 0.061772 0.0344851 0.0105982 0.0210041 0.00926536 0.0144754 
0.0734814 0.0124996 0.0404735 0.044265 0.0726574 0.00676211 0.0107671 0.0241181 0.0422788 0.0109982 0.0170391 0.0327171 0.0356043 0.0227177 0.106596 0.0733373 0.0155426 0.0306828 0.0205952 0.063064 0.013272 0.0857773 0.0143321 0.130421 
0.0734814 0.0124996 0.0404735 0.044265 0.0726574 0.00676211 0.0107671 0.0241181 0.0422788 0.0109982 0.0170391 0.0327171 0.0356043 0.0227177 0.106596 0.0733373 0.0155426 0.0306828 0.0205952 0.063064 0.013272 0.0857773 0.0143321 0.130421 
0.0235085 0.00385317 0.0470661 0.0358064 0.0810738 0.0108257 0.0137818 0.0502697 0.0743584 0.0256736 0.0586371 0.0439426 0.0885643 0.0465293 0.0614685 0.035022 0.0280777 0.0612335 0.0049555 0.0252152 0.0144909 0.0759478 0.0105345 0.0791641 
0.0205548 0.0140375 0.020627 0.00991225 0.0168784 0.0087703 0.0128842 0.0104146 0.0350826 0.00624636 0.0210448 0.0202185 0.0323316 0.0537453 0.213724 0.041206 0.0234656 0.111998 0.0068075 0.0095421 0.018355 0.0950805 0.175858 0.0212154 
0.0485795 0.0125927 0.0291837 0.00845742 0.0501923 0.0112663 0.00704802 0.0169634 0.0244025 0.0175005 0.0502277 0.0386979 0.0641976 0.0218279 0.0291298 0.0169825 0.0644638 0.104512 0.142591 0.0480448 0.0137381 0.120927 0.00609059 0.052382 
3.31609e-05 3.33592e-05 0.0670853 0.0099644 0.00338462 0.00863035 0.0841217 0.00407206 0.036798 0.113476 0.122929 0.13515 2.97434e-05 0.002452 0.00617966 0.0897659 0.120039 0.0352986 0.0127221 0.00106943 0.108012 0.00106554 0.0188581 0.0188301 
0.0124859 0.0585348 0.0834727 0.0155789 0.10014 0.0076377 0.0983726 0.108776 0.0179468 0.00481815 0.0197143 0.043686 0.0405052 0.0447817 0.0407036 0.115106 0.0145057 0.0738526 0.0150022 0.0144696 0.0150222 0.0137741 0.0157679 0.0253462 
0.0303461 0.0043741 0.0296369 0.00841537 0.0428767 0.00502383 0.0478358 0.0578507 0.0228517 0.00395497 0.048733 0.0456127 0.0367391 0.0838905 0.0264713 0.0420504 0.0549012 0.035273 0.0337322 0.0271119 0.190615 0.0735613 0.0389459 0.00919605 
0.0304053 0.0477232 0.0466497 0.0157914 0.0202993 0.00662871 0.0317587 0.0228561 0.0549797 0.0136004 0.052544 0.0542971 0.0585092 0.041921 0.15189 0.0301422 0.0725934 0.0220893 0.00694989 0.101505 0.0262122 0.0200635 0.02084 0.0497507 
0.187838 0.00916112 0.026224 0.067164 0.0258567 0.00226355 0.00311985 0.0329048 0.00666374 0.0150156 0.0917263 0.0409453 0.030054 0.0476148 0.0720676 0.020481 0.076644 0.0731695 0.00163844 0.0319195 0.0144172 0.0497393 0.0488995 0.024472 
0.0219769 0.0267735 0.0935876 0.0470978 0.0667941 0.0131544 0.053174 0.0359614 0.014289 0.0443848 0.0273244 0.0233633 0.117178 0.0178526 0.0964563 0.0401958 0.0181381 0.0692068 0.0249085 0.0493449 0.0169066 0.0241418 0.0295667 0.028223 
0.0267838 0.005657 0.0160965 0.0227055 0.0437835 0.0110284 0.00882186 0.00947752 0.0194396 0.0315704 0.0963423 0.0282371 0.0368172 0.0687854 0.125228 0.0304571 0.0847194 0.0876907 0.0219682 0.0630291 0.06157 0.0575089 0.0111142 0.0311688 
0.053221 0.0558522 0.0796105 0.0271033 0.0823938 0.103473 0.0208581 0.0304087 0.0108609 0.0459292 0.0166769 0.0403051 0.0103796 0.0602544 0.0271133 0.0172381 0.00954128 0.0258337 0.0102153 0.0324483 0.0369024 0.0710723 0.00875016 0.123559 
0.061416 0.00916633 0.0154948 0.0280021 0.0852485 0.00952009 0.00427519 0.0215963 0.0454039 0.0664995 0.0329986 0.0628408 0.0352048 0.0852976 0.0250036 0.00840501 0.032123 0.038097 0.0121892 0.227358 0.00418011 0.0537242 0.0220208 0.0139349 
0.0231233 0.068266 0.00934561 0.052684 0.0444578 0.0535784 0.0448704 0.0195357 0.0245862 0.114531 0.0452147 0.0575442 0.00415298 0.0926799 0.0446347 0.0739681 0.0275543 0.0217032 0.0177091 0.0356629 0.0536346 0.0312276 0.020509 0.0188262 
0.028445 0.0106737 0.000631694 0.0147784 0.0695586 0.0913267 0.00857926 0.0125533 0.00425798 0.214101 0.0272604 0.109057 0.00964293 0.116068 0.020223 0.0733851 0.0360634 0.00728169 0.00293419 0.013135 0.0469317 0.0121979 0.0325454 0.0383687 
0.100708 0.00805784 0.00638314 0.0168073 0.0526627 0.0259612 0.067798 0.0436262 0.0335638 0.0435898 0.0219731 0.0322597 0.025692 0.321822 0.00677322 0.00720785 0.0089658 0.00655023 0.0136796 0.025191 0.0927809 0.0174349 0.0131852 0.00732669 
0.0522345 0.0217745 0.023744 0.0472954 0.0560457 0.0181076 0.0313627 0.0185261 0.0158899 0.0203356 0.00546304 0.130647 0.0126968 0.0138554 0.05703 0.0285829 0.0280351 0.0182931 0.0426633 0.0209709 0.156746 0.0119051 0.0836253 0.08417 
0.079296 0.0529008 0.00422805 0.0131385 0.0920718 0.0242979 0.0798866 0.0577266 0.0291081 0.0754925 0.0175691 0.0228999 0.0392003 0.19668 0.0345334 0.0075149 0.00906038 0.0112263 0.0202864 0.02358 0.074526 0.0134324 0.00989569 0.011448 
0.134969 0.00200997 0.0439119 0.061652 0.0100916 0.0115453 0.01422 0.0258484 0.0406886 0.0477057 0.0231569 0.0395988 0.154398 0.0225543 0.0136046 0.0551006 0.0137715 0.087252 0.00301437 0.0167871 0.0326006 0.0533915 0.0850649 0.00706259 
0.167272 0.039963 0.0216967 0.021519 0.0391826 0.0878454 0.142427 0.0375537 0.0857526 0.00330697 0.0229275 0.02741 0.0898927 0.00712188 0.0159524 0.0204885 0.00995409 0.0130109 0.00240733 0.0370664 0.0166581 0.00664083 0.0722653 0.0116858 
0.0160749 0.0222198 0.00266177 0.00904892 0.0133571 0.0810135 0.0391207 0.0227678 0.0155769 0.117193 0.00115519 0.203138 0.0352998 0.1178 0.00166996 0.0393664 0.00847994 0.0480323 0.00706782 0.004336 0.0125693 0.101956 0.0672508 0.0128443 
0.019944 0.0121402 0.0213314 0.0543819 0.035759 0.042438 0.0532298 0.0583058 0.100141 0.107484 0.0181107 0.0489347 0.0236743 0.01178 0.0305821 0.134583 0.0255872 0.0405532 0.0104332 0.0891884 0.0066477 0.0204785 0.016001 0.0182909 
0.0183355 0.00843457 0.0121028 0.016497 0.0231067 0.0341647 0.0217231 0.105621 0.0408871 0.018749 0.168264 0.0989439 0.00206889 0.0226173 0.00888487 0.0117289 0.00972805 0.250613 0.00477363 0.0117481 0.0186127 0.0327985 0.0466889 0.0129079 
0.0154286 0.00741474 0.0103237 0.0302965 0.0438235 0.0281159 0.0374307 0.156366 0.0334429 0.0333878 0.140931 0.0803499 0.00203237 0.0187774 0.00770659 0.01001 0.0178177 0.201417 0.00443636 0.0284053 0.0156196 0.0269743 0.0384714 0.0110205 
0.0398134 0.0272487 0.00441931 0.00423668 0.000201191 0.00775843 0.00228111 0.38524 0.0448765 0.00729068 0.0368467 0.0127075 0.000102224 0.253943 0.00449134 0.000794781 0.00131199 0.0113018 0.00097641 0.00318148 0.00422715 0.00239055 0.141064 0.00329575 
0.0354891 0.0623855 0.0671445 0.0195004 0.0527024 0.0526377 0.0335364 0.0413684 0.081979 0.0223393 0.0425672 0.012236 0.0345423 0.0319515 0.0487498 0.0263994 0.0220892 0.0188633 0.0579284 0.0388187 0.0480243 0.0475206 0.0907444 0.0104824 
0.0772549 0.0413101 0.00774041 0.0130855 0.146023 0.0475921 0.00653525 0.0913738 0.00738497 0.0322994 0.0934274 0.145607 0.0248448 0.00454652 0.011969 0.0128325 0.01493 0.0576149 0.0151142 0.046066 0.0286179 0.0153491 0.0450864 0.0133938 
0.16069 0.0175015 0.0259748 0.185673 0.0305613 0.122551 0.0140552 0.00261593 0.0112247 0.115005 0.00351991 0.0144311 0.00730951 0.0549352 0.00409017 0.0228057 0.128382 0.0156265 0.00757658 0.0335149 0.0033107 0.00518014 0.00784241 0.00562273 
0.0406003 0.0442592 0.0204156 0.0480362 0.0184673 0.0350927 0.0160237 0.030458 0.0470542 0.0721766 0.00496951 0.122439 0.0493668 0.0668433 0.0153281 0.0170753 0.0438415 0.0582554 0.0281144 0.00662103 0.0414571 0.0652879 0.0946069 0.0132095 
0.0333346 0.012869 0.0964258 0.0304937 0.0094956 0.0100033 0.0386855 0.0050174 0.106428 0.0236471 0.0725509 0.0265764 0.0804577 0.0749672 0.114916 0.0304795 0.041123 0.0367248 0.0139453 0.0232143 0.0351289 0.0566332 0.018272 0.00861109 
0.0207145 0.0348794 0.00664883 0.0102673 0.0256539 0.0724773 0.118604 0.0443574 0.0110027 0.079943 0.00941811 0.10248 0.0018422 0.112649 0.100506 0.0366646 0.0223866 0.0621859 0.00423785 0.0160756 0.0559595 0.00476795 0.0367914 0.00948696 
0.0040083 0.0246928 0.0135102 0.0878775 0.0474116 0.0491176 0.0745112 0.210248 0.0195533 0.0270173 0.0173671 0.0623858 0.00428639 0.0455171 0.0190217 0.0346095 0.0855503 0.0276689 0.0567919 0.0179779 0.0110296 0.0396695 0.0066952 0.0134818 
0.0188903 0.0798308 0.0896556 0.0531944 0.0343514 0.0102867 0.0743111 0.0271641 0.0874095 0.0441563 0.012016 0.0910531 0.0434559 0.0178005 0.0554131 0.0264921 0.0448408 0.0935093 0.008574 0.0105022 0.0229157 0.00738814 0.017925 0.0288639 
0.00966275 0.00284392 0.0164794 0.0191797 0.0845654 0.00871699 0.0927559 0.108821 0.00756875 0.0377354 0.020458 0.0905769 0.162589 0.0104542 0.0403475 0.0124362 0.0303025 0.0427638 0.00795351 0.00927143 0.0595462 0.0399928 0.0355933 0.0493857 
0.0328274 0.0559139 0.0343575 0.0279474 0.0871733 0.0203895 0.0475199 0.0478733 0.0308089 0.0123223 0.0189186 0.0898122 0.0949919 0.0194152 0.0393576 0.0395663 0.0479194 0.0386524 0.0139942 0.0240765 0.0417422 0.0782137 0.0284419 0.0277643 
0.019003 0.0109388 0.0295684 0.011198 0.0796034 0.0187004 0.0507059 0.0209362 0.0186036 0.0267291 0.0672015 0.112484 0.0446963 0.0175965 0.0686927 0.0546786 0.0303128 0.085621 0.00497017 0.0326086 0.0527403 0.0660449 0.00757684 0.0687888 
0.0140743 0.0221909 0.0629708 0.0550637 0.0299895 0.0308025 0.0472113 0.052086 0.0290698 0.0230232 0.100727 0.0205666 0.0698149 0.0187501 0.0901184 0.0648231 0.0107754 0.0291355 0.018959 0.0154926 0.0709933 0.0644795 0.0264616 0.0324212 
0.0323596 0.0132798 0.0220369 0.0458727 0.0586474 0.00914148 0.0401549 0.0788666 0.0295984 0.0134876 0.0565216 0.0202251 0.0759827 0.101486 0.0656539 0.045683 0.0119101 0.0110164 0.00889001 0.0121283 0.0750993 0.0636894 0.0876661 0.0206026 
0.0449721 0.0173954 0.0587085 0.0240985 0.0268521 0.0218553 0.0287883 0.0278539 0.0968508 0.0833719 0.0265806 0.0605171 0.0442114 0.0260394 0.0426801 0.0311678 0.040084 0.0450386 0.0935421 0.0514607 0.0169089 0.0488614 0.008935 0.033226 
0.0841416 0.0302634 0.0439241 0.0303565 0.0228816 0.0294987 0.0461168 0.0168269 0.0822753 0.0186923 0.0245292 0.0295401 0.0197213 0.0781405 0.0520989 0.0486221 0.113097 0.087306 0.00696898 0.023004 0.0300078 0.0335367 0.0320635 0.0163868 
0.0452131 0.0862503 0.11712 0.019274 0.0219943 0.0612912 0.067706 0.00604486 0.0270054 0.221674 0.00960905 0.010692 0.00589101 0.0325876 0.00661535 0.0316962 0.0120509 0.0100042 0.0154024 0.00377498 0.127194 0.0211629 0.0299559 0.00979013 
0.0448175 0.0904688 0.0957674 0.0149683 0.0107783 0.0814262 0.0857433 0.00766415 0.0293216 0.182834 0.00852057 0.0154203 0.00725576 0.0364334 0.00422497 0.0461461 0.0107144 0.0159789 0.0206545 0.00249357 0.126771 0.0271594 0.0252258 0.00921191 
0.0213461 0.0144889 0.105719 0.0605389 0.0641708 0.0214342 0.0738348 0.0263307 0.0473058 0.0397353 0.0645998 0.0210684 0.0606459 0.0324088 0.0293916 0.0963954 0.0295605 0.0133635 0.02166 0.021903 0.0458763 0.0610323 0.013014 0.0141761 
0.0487014 0.0302331 0.0223812 0.0142167 0.0149933 0.0157616 0.0280621 0.0623314 0.0568322 0.0293872 0.0556202 0.0215326 0.0307525 0.0414682 0.0302988 0.0124762 0.0234794 0.165164 0.0233181 0.0685515 0.0351604 0.0785144 0.0426409 0.0481221 
0.086888 0.073328 0.0458877 0.0382436 0.0301546 0.0258857 0.0594895 0.0193786 0.0215632 0.0985903 0.0707307 0.0511404 0.0189389 0.0204449 0.0187953 0.0238438 0.0236567 0.081404 0.0349117 0.0110201 0.0262042 0.0127098 0.0739235 0.032867 
0.0386106 0.00605403 0.00658503 0.0442421 0.00354725 0.00708912 0.0802627 0.146838 0.0449049 0.00916637 0.00633112 0.107337 0.0122781 0.0584753 0.0590161 0.0347712 0.0075943 0.0676004 0.0200636 0.0057314 0.0212801 0.0502945 0.00811234 0.153814 
0.114866 0.0108507 0.0103164 0.0893841 0.0294589 0.00414297 0.0384128 0.00639444 0.192103 0.027576 0.0223079 0.0681077 0.0113128 0.0904851 0.00405647 0.00890571 0.0112805 0.0136962 0.00117941 0.0281661 0.0876372 0.00448521 0.119486 0.00538821 
0.0191974 0.0145636 0.00857428 0.0241624 0.0911867 0.0149796 0.0988061 0.0331546 0.00238774 0.00606937 0.0027047 0.0365149 0.00181898 0.0011707 0.00962564 0.00183037 0.0179957 0.00191293 0.339509 0.00648118 0.0168752 0.00216764 0.192815 0.0554958 
0.0112719 0.0316134 0.030004 0.0658367 0.0521343 0.0240064 0.0801542 0.0531525 0.0274051 0.0767964 0.0117633 0.0579898 0.0396251 0.0336897 0.0358414 0.0570199 0.0531039 0.0284199 0.00931826 0.0272426 0.0478716 0.0252129 0.0713657 0.0491608 
0.0428115 0.0430676 0.0389078 0.0442074 0.0412229 0.0396513 0.0424896 0.0401308 0.0373777 0.0420256 0.039716 0.0405676 0.0383995 0.0416525 0.042893 0.0389415 0.0416482 0.0410182 0.0536749 0.0445374 0.0412438 0.0382122 0.0433981 0.042205 
0.045705 0.0645789 0.0670618 0.0424235 0.0207902 0.0219515 0.022738 0.0163534 0.0314079 0.102979 0.0295076 0.0662686 0.0250081 0.0476182 0.0408445 0.0685157 0.0719231 0.0379683 0.0125979 0.00905084 0.0438496 0.023975 0.071075 0.0158084 
0.0346999 0.112509 0.0330142 0.145121 0.0134835 0.0262238 0.0211883 0.0283242 0.119582 0.0317034 0.0391074 0.0096411 0.0302948 0.0369628 0.021349 0.0202337 0.0170719 0.017069 0.0365517 0.0378957 0.0503121 0.0460303 0.0407286 0.0309017 
0.0639212 0.0050236 0.0403996 0.0356679 0.0398962 0.0251911 0.00419841 0.193111 0.0211623 0.021942 0.0264389 0.0194002 0.0362669 0.0903963 0.0113231 0.0138919 0.0225156 0.0447107 0.0274871 0.0667901 0.055091 0.100964 0.0241535 0.010057 
0.0307409 0.0218678 0.0313154 0.0183804 0.0578777 0.0130755 0.0353894 0.0429247 0.0517122 0.0134621 0.0226383 0.0363912 0.158109 0.0405527 0.0425747 0.0405158 0.0642456 0.0404736 0.0203078 0.0375542 0.0168477 0.047653 0.0660335 0.0493571 
0.0112082 0.0265909 0.00394854 0.0199566 0.0780717 0.233449 0.0149213 0.0561245 0.00496323 0.0609914 0.0707713 0.0559155 0.00653585 0.0845028 0.0285638 0.0105144 0.0347159 0.0524387 0.0259188 0.0039399 0.00632213 0.0055369 0.0912048 0.0128937 
0.0166918 0.109704 0.0246453 0.0402473 0.00685041 0.106042 0.110025 0.0351111 0.0279321 0.0194313 0.00874503 0.00666117 0.0108947 0.0619939 0.0664085 0.0709027 0.0651846 0.0443241 0.00263087 0.0469106 0.0140662 0.0377895 0.0480999 0.0187084 
0.0248574 0.0753962 0.0216804 0.0410236 0.101333 0.0546421 0.0266788 0.113494 0.00809237 0.0138157 0.0112933 0.0546596 0.023523 0.0280099 0.020117 0.0301682 0.0363809 0.0145401 0.00663484 0.2055 0.00530885 0.02721 0.0174844 0.0381554 
0.00678001 0.0177388 0.10704 0.0137801 0.0539528 0.00440291 0.0230906 0.0224172 0.00924582 0.0712373 0.0560903 0.0374357 0.0414135 0.0539921 0.0927031 0.0395864 0.0293413 0.0295624 0.00307113 0.147326 0.0459381 0.052036 0.0099736 0.031845 
0.00984154 0.0305529 0.0352409 0.00676582 0.0247716 0.0203117 0.043921 0.0608197 0.179786 0.0287721 0.057923 0.0112965 0.0895701 0.00981474 0.0419348 0.148949 0.0622955 0.0172833 0.0277496 0.020272 0.00790406 0.0209785 0.0196903 0.0235558 
0.0161353 0.0192298 0.0449555 0.0456393 0.0345409 0.0566383 0.0520792 0.0496758 0.0538075 0.0360764 0.0205564 0.0939152 0.0191279 0.0165617 0.0185694 0.0222501 0.0221025 0.148021 0.0296629 0.0287085 0.0222984 0.06129 0.0480119 0.0401462 
0.000853991 0.000859099 0.105552 0.212522 0.0748294 0.0284741 0.000847569 0.000800517 0.000745599 0.000838313 0.0166371 0.0169938 0.000765981 0.150387 0.0179679 0.00854471 0.0257542 0.000818218 0.0278379 0.0497514 0.00493632 0.000762245 0.243259 0.00926081 
0.00990033 0.0123408 0.0154512 0.00746013 0.010623 0.00259263 0.00778313 0.0227862 0.0207738 0.0498253 0.012908 0.0120145 0.0192186 0.00292374 0.661678 0.0545939 0.00572673 0.0114577 0.0103481 0.0112631 0.0102318 0.0125111 0.00461114 0.0109776 
0.0326943 0.00902161 0.0207892 0.00450456 0.00917852 0.116012 0.0237675 0.0270773 0.0337163 0.0344064 0.0196884 0.0218528 0.0875723 0.0159657 0.00466481 0.187534 0.0855276 0.00884284 0.0107224 0.00323259 0.0124427 0.0113599 0.197846 0.0215808 
0.020373 0.0259222 0.00240294 0.0365247 0.0520181 0.0756684 0.0149828 0.00727969 0.0164848 0.125388 0.000174595 0.207575 0.0185086 0.185635 0.00467248 0.0293029 0.00277183 0.0179096 0.0134172 0.00479341 0.0176795 0.0562349 0.0501904 0.0140901 
0.0363024 0.0209421 0.00801315 0.0173135 0.0331025 0.0457698 0.009932 0.0131407 0.074122 0.0945931 0.0682487 0.0178271 0.0298263 0.0330958 0.0776033 0.0251714 0.0769767 0.0225447 0.0265663 0.0712362 0.0378735 0.0262716 0.00592965 0.127598 
0.0663013 0.0322991 0.0194578 0.0179283 0.0517478 0.0679388 0.0740193 0.0752843 0.0257632 0.0312771 0.0156757 0.036526 0.0232194 0.0185359 0.0575032 0.0394261 0.0328997 0.073535 0.0316209 0.0181332 0.0682117 0.0523751 0.053326 0.0169951 
0.0382593 0.115364 0.0160474 0.0632152 0.0143628 0.123056 0.0271563 0.0257833 0.0235047 0.0334032 0.0418462 0.0241958 0.0369871 0.031148 0.0472165 0.0347123 0.0381962 0.118779 0.0138453 0.0215262 0.0255625 0.0531295 0.0212769 0.011427 
0.0618494 0.027513 0.0462045 0.0300299 0.02164 0.0523882 0.0685281 0.0248826 0.02692 0.16186 0.00941425 0.0666192 0.012625 0.044782 0.00949454 0.0334028 0.0404381 0.0563596 0.0100096 0.0174097 0.0230774 0.0433106 0.0899918 0.0212502 
0.0569356 0.0153954 0.042005 0.0412847 0.0218258 0.0034945 0.00994145 0.0324271 0.122069 0.00274018 0.147407 0.0101127 0.0689563 0.0263327 0.0142867 0.0688507 0.0243079 0.0713946 0.00774697 0.0209664 0.0125298 0.0984048 0.0198166 0.060768 
0.00363303 0.188699 0.036583 0.0354927 0.00601883 0.0172691 0.0238757 0.0466851 0.0325365 0.0372652 0.0197467 0.0632566 0.0349854 0.0870687 0.0530948 0.0494663 0.0409615 0.00693263 0.00758256 0.0343947 0.068482 0.0490644 0.0148674 0.0420379 
0.0906764 0.0100223 0.0847939 0.038903 0.00975346 0.0386802 0.0165056 0.0289974 0.0376857 0.0231367 0.0335954 0.0266547 0.0313066 0.0273385 0.118842 0.0335239 0.0146683 0.0331038 0.0204155 0.12055 0.0685054 0.0339925 0.0367752 0.0215736 
0.0258131 0.0294127 0.0236046 0.0468016 0.0146247 0.0900578 0.0193432 0.186193 0.00798471 0.041252 0.0218543 0.0214373 0.0779217 0.0433691 0.0229453 0.0743622 0.098347 0.0385047 0.0123945 0.0160835 0.0113753 0.0298289 0.0383515 0.00813706 
0.0116207 0.0801402 0.0148153 0.0508104 0.0204892 0.0159364 0.0622313 0.0393253 0.0391435 0.121466 0.0254856 0.0475547 0.0247342 0.0253678 0.0824403 0.081841 0.017112 0.0182365 0.0168582 0.0653067 0.049364 0.0571701 0.0092935 0.0232568 
0.0656414 0.0101181 0.0499375 0.0342123 0.0358685 0.0180894 0.0417884 0.0195159 0.0610761 0.0693387 0.0144553 0.101913 0.0190012 0.0318155 0.107361 0.0448766 0.0321864 0.0287207 0.0127525 0.0548196 0.0299078 0.0193539 0.0423751 0.0548748 
0.0235235 0.00876614 0.044087 0.0198766 0.0504912 0.0434183 0.0288667 0.036549 0.0631106 0.019907 0.0202235 0.0624836 0.037586 0.0196765 0.0767198 0.0214959 0.0318995 0.0525626 0.0106584 0.0316798 0.12053 0.083625 0.0308461 0.0614174 
0.0173188 0.00749749 0.0211847 0.0172646 0.0303053 0.0915696 0.0703884 0.00230391 0.0110158 0.0131384 0.0488258 0.00908859 0.0141225 0.140657 0.0357659 0.0149389 0.191783 0.0155819 0.018167 0.0809538 0.0840476 0.00894615 0.0376187 0.017517 
0.0623169 0.109545 0.0240911 0.056384 0.0784676 0.0183794 0.026466 0.0517174 0.0508901 0.0291319 0.0425272 0.00807139 0.0127093 0.00889744 0.0441979 0.0619821 0.0281351 0.010586 0.016288 0.054097 0.0986166 0.00915342 0.030437 0.0669127 
0.0470501 0.0591481 0.0915233 0.0229881 0.0198137 0.017511 0.0673607 0.021557 0.0296876 0.0208438 0.0377954 0.0297559 0.0265378 0.0592555 0.0532395 0.0802013 0.0496351 0.0471489 0.00986983 0.016269 0.0334759 0.0689142 0.0403395 0.0500786 
0.0265015 0.00838716 0.0292473 0.0220338 0.0525618 0.0470015 0.0737662 0.0124018 0.0380474 0.0234453 0.0113139 0.0238856 0.0777363 0.0645916 0.00959854 0.0103364 0.106862 0.0646438 0.0215395 0.0448098 0.0809967 0.0301501 0.100928 0.0192141 
0.0286292 0.0556759 0.0278211 0.0091754 0.0102346 0.0313792 0.0413478 0.026828 0.0403145 0.0495795 0.0221524 0.0407015 0.038033 0.0460526 0.023516 0.0215293 0.100405 0.00861424 0.00950125 0.162981 0.0251447 0.0306905 0.0602725 0.089421 
0.0341565 0.141451 0.0171045 0.0397397 0.0607988 0.0182551 0.0383916 0.021574 0.0993144 0.0211483 0.0158894 0.014567 0.0611582 0.0628501 0.0410647 0.0496203 0.0958484 0.0182817 0.0152626 0.0559249 0.0120988 0.0177529 0.0122339 0.0355128 
0.0224847 0.180804 0.051239 0.031895 0.00991726 0.0760897 0.028596 0.0209131 0.0173939 0.00876088 0.0137824 0.039747 0.0145266 0.0073456 0.0215266 0.0768235 0.0832148 0.0160378 0.0145094 0.0517821 0.0082668 0.0118004 0.117799 0.0747443 
0.0781262 0.0667231 0.0176277 0.0155944 0.0558191 0.0183766 0.0320567 0.0557759 0.0558748 0.0854696 0.0698639 0.0268436 0.0215346 0.062342 0.0281477 0.0437431 0.03647 0.0191413 0.0169303 0.0804341 0.0179766 0.0401841 0.0257176 0.0292269 
0.074555 0.0319169 0.0393461 0.0187538 0.0543187 0.052992 0.0401776 0.152968 0.0295672 0.0499361 0.0129387 0.04771 0.0126743 0.0206685 0.00781419 0.0282639 0.0348896 0.0977289 0.00914703 0.0237554 0.0332489 0.0281177 0.0459791 0.0525328 
0.00104263 0.00824835 0.00508936 0.0270671 0.0532279 0.014321 0.00883019 0.0565646 0.0627094 0.000926707 0.0853563 0.0729963 0.00306474 0.00281109 0.0154083 0.0330462 0.17035 0.0257011 0.017687 0.0128124 0.00459733 0.0255463 0.282908 0.00968796 
0.0906498 0.0474377 0.0588943 0.0154736 0.0818801 0.0383442 0.0492248 0.168302 0.0190439 0.0192747 0.015431 0.0691645 0.020521 0.0140252 0.0132935 0.0178896 0.0165377 0.0529137 0.0120986 0.0307658 0.0424851 0.043489 0.0418658 0.0209938 
0.0552076 0.0318913 0.0296083 0.0215797 0.0516144 0.0381782 0.0334696 0.199762 0.0164539 0.0268256 0.0165615 0.0595485 0.0173153 0.0270158 0.0098304 0.0285715 0.0467665 0.0970676 0.0122135 0.0271709 0.0326425 0.0191365 0.0560177 0.0455508 
0.140094 0.0371783 0.000390551 0.073662 0.0128275 0.000398014 0.0153541 0.0205442 0.0472743 0.000421847 0.034285 0.0655612 0.0100217 0.127939 0.0413331 0.000390889 0.119565 0.0930521 0.105601 0.00715297 0.00662399 0.000383569 0.0352855 0.00466013 
0.022689 0.0226145 0.0594139 0.0462754 0.0735072 0.0164904 0.0394886 0.055975 0.0567254 0.0736608 0.0287265 0.0126581 0.0102827 0.0703207 0.052681 0.125238 0.0227207 0.0453363 0.0127319 0.014841 0.00936108 0.00897268 0.0936801 0.0256093 
0.032636 0.00496188 0.0208617 0.0337632 0.0147241 0.0824433 0.0244952 0.0484579 0.0209407 0.0171434 0.0114585 0.184972 0.0475805 0.0707348 0.0264247 0.112614 0.0678466 0.0441421 0.00710849 0.00742322 0.00523326 0.0132811 0.077602 0.0231514 
0.0273923 0.0552384 0.020005 0.0311393 0.0195963 0.0938281 0.055357 0.0279884 0.0519399 0.0753329 0.0527026 0.0219873 0.017832 0.0439496 0.0207873 0.051047 0.0458659 0.036562 0.0422051 0.0251724 0.0348838 0.0935162 0.0363677 0.0193034 
0.0388359 0.0922021 0.0264462 0.00959344 0.0112555 0.0218509 0.198539 0.0293776 0.0164043 0.0207429 0.0185078 0.0683951 0.0451244 0.0276866 0.00032481 0.00960797 0.0127655 0.0487139 0.0193275 0.152683 0.0215581 0.0456479 0.0613066 0.00310281 
0.00801196 0.0243112 0.0182407 0.0200257 0.0114624 0.0287523 0.00999679 0.0310537 0.00562887 0.0374745 0.0186416 0.00598458 0.0267023 0.00936795 0.0160867 0.0427456 0.0149872 0.0195224 0.017017 0.220436 0.136994 0.0379831 0.0248351 0.213738 
0.029744 0.0645073 0.0808893 0.0207222 0.026095 0.052576 0.0284112 0.0512467 0.0702421 0.0468281 0.02234 0.0187407 0.0309588 0.020224 0.0158226 0.0323572 0.0214158 0.0867154 0.0344441 0.0949729 0.0515646 0.0395511 0.0346264 0.0250043 
0.0292105 0.0646277 0.0404924 0.0638814 0.0120888 0.0323795 0.0464091 0.0327476 0.0659081 0.0443191 0.0343419 0.0479157 0.0344611 0.0158347 0.0212861 0.0264121 0.0159236 0.129248 0.0147646 0.0111466 0.0378198 0.0690902 0.0349986 0.0746929 
0.00461969 0.0322128 0.00903311 0.0281709 0.0157174 0.101519 0.00958378 0.113459 0.0538088 0.013571 0.0319668 0.196488 0.0633351 0.0580511 0.00558794 0.0482069 0.0347592 0.0992698 0.0043169 0.00234381 0.0130974 0.00935363 0.0375973 0.0139307 
0.0702437 0.0282692 0.0228651 0.0112943 0.00598426 0.387414 0.0145703 0.0158586 0.01662 0.0489004 0.00951571 0.0808083 0.0506502 0.0101969 0.0295285 0.0500394 0.0222623 0.0240527 0.0176944 0.0139093 0.0113054 0.0166075 0.019556 0.0218531 
0.0234188 0.0529602 0.0233973 0.0545862 0.0367306 0.0275523 0.035252 0.00556841 0.0229226 0.0778493 0.023172 0.0239412 0.0651809 0.00632379 0.0477596 0.0540154 0.0282422 0.035982 0.0118713 0.0822866 0.0356004 0.0609292 0.0598415 0.104616 
0.0214722 0.0207395 0.0187084 0.0162157 0.065297 0.0480659 0.0367973 0.0440545 0.0236252 0.0305916 0.00635273 0.0910184 0.0315879 0.115896 0.010669 0.00974889 0.0520361 0.0554063 0.0291346 0.0522471 0.0921839 0.0251296 0.0637367 0.0392857 
0.0798668 0.01882 0.00814226 0.0068953 0.00298162 0.320549 0.0250531 0.0389071 0.00917624 0.0837535 0.00319306 0.0274939 0.0122499 0.0242971 0.00776139 0.0319827 0.00750558 0.0127415 0.0112362 0.0674363 0.0688796 0.106441 0.00432661 0.0203099 
0.0442592 0.0836966 0.0228343 0.100235 0.0317797 0.0436309 0.0430903 0.0801317 0.0183221 0.0386081 0.00993357 0.0822413 0.0196158 0.0148133 0.0333823 0.0521517 0.0363305 0.0296706 0.0229427 0.0610057 0.00781141 0.0467917 0.0476546 0.0290675 
0.0154735 0.108811 0.0181885 0.03029 0.012405 0.176259 0.0695491 0.0972941 0.0269247 0.0656569 0.008307 0.0868301 0.0171562 0.0753857 0.0109333 0.0223105 0.0169503 0.0343085 0.0234867 0.0068098 0.0125173 0.0356054 0.00641106 0.0221361 
0.0803918 0.0202609 0.0233971 0.074367 0.0123381 0.232781 0.0380792 0.0359997 0.0253431 0.0324026 0.0086798 0.0334752 0.00446924 0.0935118 0.0211477 0.0313729 0.0176023 0.00670219 0.0132322 0.0330365 0.00621514 0.0139988 0.107374 0.0338212 
0.0235525 0.0192866 0.00852965 0.0141099 0.0407304 0.0740961 0.0114208 0.0735097 0.0745274 0.00434689 0.0291391 0.310266 0.0490998 0.0468435 0.00556512 0.018459 0.0390111 0.047879 0.00299505 0.00166851 0.00702464 0.00813143 0.0836808 0.00612717 
0.0245827 0.0463997 0.0183904 0.018154 0.0178752 0.0436096 0.085806 0.0641574 0.00732021 0.0136806 0.0229068 0.0552877 0.00415215 0.0559021 0.00657646 0.097615 0.0277005 0.11245 0.00494545 0.0193681 0.123698 0.0197653 0.0795515 0.0301049 
0.0403299 0.0467941 0.0408964 0.0261722 0.0448283 0.0199564 0.053332 0.0377256 0.0280083 0.0569633 0.0418019 0.0918542 0.0347678 0.033208 0.0298715 0.047397 0.037406 0.0280532 0.0385092 0.0315008 0.0406683 0.0282251 0.092803 0.0289276 
0.0351352 0.00324752 0.0598634 0.0158292 0.0388264 0.0118368 0.029843 0.121639 0.0712494 0.0223705 0.0108809 0.0308353 0.0613765 0.0134337 0.0511019 0.0716233 0.00201262 0.00816325 0.0289683 0.0845801 0.0513356 0.0434464 0.0177567 0.114645 
0.0194839 0.0722949 0.0266513 0.0210615 0.0316827 0.029608 0.0550297 0.0252318 0.0683422 0.0978781 0.0624793 0.0730279 0.0217231 0.0251181 0.0192333 0.0468558 0.0156364 0.0539399 0.0301596 0.0454712 0.0220325 0.0428786 0.0429413 0.0512388 
0.0183933 0.0439441 0.141139 0.0333073 0.018243 0.0583015 0.0293712 0.0271401 0.0306455 0.023147 0.0824591 0.0628886 0.00930174 0.0489734 0.0103331 0.0245606 0.123603 0.0244541 0.0132913 0.0137864 0.070827 0.0243073 0.0482198 0.0193624 
0.0320201 0.0464187 0.0451423 0.0145907 0.0498954 0.00741568 0.0278849 0.0381242 0.0513499 0.0501814 0.0394217 0.0165565 0.0608668 0.0363632 0.0355271 0.0762638 0.0273539 0.0473858 0.0495628 0.0614187 0.0666369 0.0416834 0.021497 0.0564389 
0.0388089 0.120861 0.0225487 0.1268 0.0455242 0.0281944 0.0246245 0.0390913 0.0659045 0.0464641 0.0230171 0.0235107 0.0374049 0.0241394 0.0599263 0.0225683 0.0241369 0.0237718 0.0311069 0.0258113 0.0239025 0.0377662 0.025151 0.0589651 
0.0170464 0.0805623 0.351001 0.0199079 0.00400464 0.056798 0.0167882 0.0354603 0.0188329 0.00549989 0.159333 0.0236929 0.00478287 0.0469761 0.00501157 0.0520918 0.0519298 0.00850256 0.00526142 0.00768344 0.00763917 0.00866503 0.00814998 0.00437871 
0.030892 0.0239075 0.064382 0.0583545 0.0314193 0.0506763 0.155226 0.0609109 0.0244943 0.171204 0.00376107 0.0247536 0.0109988 0.0237545 0.0152898 0.0555173 0.00925866 0.0193883 0.0312165 0.0159411 0.0672308 0.00930489 0.0176168 0.0245015 
0.047189 0.0793804 0.0308793 0.050522 0.0235499 0.0619322 0.0175301 0.0234795 0.0102802 0.0497761 0.0149127 0.0804717 0.0254092 0.0413927 0.0781941 0.0520169 0.033252 0.0525227 0.0103342 0.0565009 0.0338003 0.0146482 0.0676955 0.0443303 
0.0195278 0.00641397 0.0672777 0.0112576 0.0184997 0.0611761 0.0341596 0.0725677 0.0217653 0.109289 0.0455262 0.0101245 0.0726489 0.115214 0.0569138 0.0127992 0.0205673 0.0633482 0.00965627 0.0340494 0.0401941 0.0237497 0.0157353 0.0575382 
0.00786841 0.0146136 0.0490251 0.0058417 0.105907 0.0594297 0.0188981 0.00124498 0.00627357 0.16485 0.016414 0.00876036 0.0220942 0.119908 0.0587059 0.0298969 0.139037 0.0110542 0.0685949 0.0143302 0.0459187 0.00467734 0.0129219 0.0137334 
0.0112346 0.00910161 0.0661944 0.02386 0.0902693 0.00583794 0.06457 0.017748 0.0267768 0.114103 0.00756507 0.0121116 0.0569902 0.0867607 0.130015 0.0277358 0.0187365 0.0719666 0.005342 0.0331163 0.0405148 0.0413564 0.0142611 0.0238321 
0.02374 0.0242928 0.0594993 0.0380802 0.0320331 0.154757 0.0153427 0.0310773 0.0588753 0.0252603 0.0340658 0.00668463 0.0655854 0.0166844 0.0361878 0.0315393 0.0447754 0.0520228 0.0109399 0.0374749 0.057906 0.0549617 0.0384343 0.0497796 
0.0416062 0.0256971 0.0207723 0.0584224 0.0207721 0.141385 0.0538437 0.0827144 0.0250969 0.0249874 0.047247 0.0267284 0.0326265 0.0262036 0.00848819 0.0421467 0.0225743 0.0470027 0.0531734 0.0378323 0.0173547 0.0603072 0.0596187 0.0233986 
0.0384334 0.0123146 0.0185704 0.00974342 0.0178721 0.117709 0.0254137 0.0845233 0.0214525 0.0528918 0.0337118 0.0721164 0.0146617 0.0576089 0.0129633 0.0244857 0.0999643 0.0423688 0.010256 0.0281453 0.0638848 0.0147624 0.0691016 0.0570448 
0.0028083 0.119754 0.0335101 0.0821268 0.0427386 0.026389 0.0964855 0.00517827 0.0620274 0.000468847 0.0640787 0.000470314 0.0831562 0.0567759 0.014507 0.106658 0.000469227 0.000469861 0.000456736 0.00746069 0.033344 0.00283599 0.0425384 0.115292 
0.0304038 0.0283236 0.0113806 0.0163391 0.0315775 0.0927473 0.0401176 0.0164479 0.0302234 0.0786599 0.0112992 0.0461001 0.0847448 0.0479907 0.0287937 0.058035 0.0256143 0.0444535 0.0390001 0.0184015 0.0972381 0.0688796 0.0365854 0.0166432 
0.0252811 0.0701803 0.0296513 0.0393098 0.0370045 0.0903073 0.0869514 0.029207 0.0249496 0.169066 0.00873455 0.0139646 0.0392551 0.0813629 0.00476312 0.0375194 0.006852 0.0390959 0.00716804 0.02118 0.0618498 0.00968512 0.0552885 0.0113725 
