0.0700009 0.0179028 0.0634243 0.0476958 0.0372316 0.104448 0.0391486 0.0390578 0.00983265 0.00995175 0.00222358 0.151361 0.0865123 0.0134718 0.00644936 0.00712721 0.056997 0.02406 0.0187174 0.0366367 0.0512306 0.0187916 0.026169 0.0164622 0.0450962 
0.0655658 0.0488151 0.0369415 0.0338432 0.0966269 0.0259776 0.0193519 0.0749394 0.0743328 0.0290915 0.0395226 0.0403681 0.0240986 0.0251253 0.031429 0.0175088 0.0306966 0.0596367 0.0215007 0.0446294 0.035895 0.0420589 0.0354501 0.0196452 0.0269492 
0.0584143 0.0479697 0.0400335 0.0229971 0.0160599 0.0686209 0.0486874 0.0199316 0.0278466 0.0160442 0.00501472 0.0954458 0.0429064 0.0784387 0.00967764 0.0213363 0.0622393 0.071894 0.0698133 0.0518407 0.0276129 0.0297864 0.0158704 0.0231452 0.0283729 
0.0464332 0.03766 0.0781002 0.0193914 0.0467227 0.0259345 0.0814831 0.0262041 0.0917622 0.0152849 0.0166946 0.0164158 0.0219533 0.0206015 0.00821881 0.0244357 0.0222824 0.066579 0.0971389 0.04676 0.0311235 0.0146213 0.0795997 0.0392483 0.0253511 
0.0953782 0.0461507 0.0315181 0.0320914 0.114092 0.0276217 0.0362604 0.0138401 0.017827 0.0127379 0.00561673 0.0434059 0.0451113 0.0248385 0.0118087 0.0203531 0.0698455 0.0262462 0.0113861 0.0467715 0.0813607 0.0177111 0.0425678 0.0811643 0.0442954 
0.049296 0.0120482 0.00867723 0.0459904 0.0243468 0.0603268 0.0374564 0.0173775 0.0191257 0.0782107 0.0866451 0.0350625 0.0558393 0.047929 0.0272841 0.014609 0.0271583 0.0699004 0.00681719 0.00470201 0.0152034 0.0350027 0.0376036 0.151785 0.0316033 
0.0420229 0.0236343 0.0113679 0.0685194 0.0181227 0.0705203 0.039118 0.0298965 0.0111027 0.0832131 0.0541043 0.0472136 0.0214429 0.0212587 0.0224471 0.0184943 0.0232869 0.120726 0.0234198 0.00909571 0.0743843 0.016876 0.0270165 0.0795849 0.0431317 
0.0682821 0.0353373 0.025508 0.0389492 0.0191572 0.023741 0.0458547 0.033897 0.0424963 0.021346 0.0202152 0.0247075 0.0226957 0.178946 0.00649036 0.0304923 0.031753 0.103364 0.0356139 0.0488399 0.0302841 0.062195 0.0247469 0.00901282 0.0160746 
0.0854761 0.0412398 0.0420373 0.0214052 0.00607126 0.0492879 0.075958 0.0202215 0.0257525 0.0359585 0.00671287 0.0916461 0.0254449 0.0309607 0.0121543 0.00808328 0.0368391 0.0918369 0.0129811 0.141347 0.0401437 0.0357626 0.0455878 0.00819927 0.00889227 
0.028071 0.0808228 0.0771033 0.060379 0.0527145 0.0186424 0.0351974 0.0275324 0.0937798 0.0161203 0.0106003 0.0374309 0.0312589 0.0498345 0.0277542 0.0122658 0.0223236 0.0119392 0.0128884 0.0628044 0.00587437 0.0620266 0.0234118 0.0268326 0.112392 
0.00636747 0.00707989 0.00644456 0.00643879 0.00680762 0.00635339 0.00620274 0.109057 0.0068805 0.00682502 0.0082105 0.00620708 0.00654958 0.006407 0.00617771 0.00664883 0.0392797 0.00614256 0.00706278 0.00646488 0.0385836 0.00688427 0.673668 0.00686937 0.00638707 
0.153998 0.0144306 0.0305586 0.0176058 0.0209178 0.0401245 0.0495684 0.0518476 0.023779 0.0406983 0.0166592 0.0933833 0.0138187 0.0323373 0.00611941 0.0327392 0.0336834 0.0165052 0.00569955 0.0412396 0.0473499 0.0177815 0.11999 0.0536467 0.0255189 
0.0385552 0.00665751 0.0583579 0.037438 0.0394801 0.0257756 0.09192 0.0506964 0.053859 0.0263057 0.065932 0.0192207 0.0179197 0.0589621 0.0206395 0.0226166 0.0327828 0.0290649 0.0125674 0.0795477 0.109901 0.0341195 0.039993 0.00515701 0.0225306 
0.079627 0.111595 0.0268684 0.0502657 0.0344572 0.0137038 0.0128706 0.0170911 0.0601023 0.0161452 0.0215903 0.0225652 0.0176435 0.0214094 0.0144929 0.102939 0.026523 0.0243889 0.0107868 0.103167 0.0299277 0.0169974 0.0906494 0.0558137 0.0183799 
0.0150265 0.00644983 0.0451029 0.00388509 0.0605483 0.00171544 0.0866732 0.349469 0.00934727 0.01907 0.00106765 0.00262444 0.0669737 0.0370413 0.012196 0.0402329 0.0528651 0.00592173 0.00120863 0.0441205 0.0150204 0.0314447 0.00138137 0.00630163 0.0843126 
0.0412191 0.0133682 0.0329415 0.0553918 0.0042496 0.00191535 0.0170789 0.269029 0.0334168 0.00377685 0.00417006 0.0599125 0.0724432 0.0280738 0.00187405 0.00536725 0.0138161 0.0161773 0.128603 0.0297423 0.0798532 0.00760889 0.0611587 0.00610348 0.0127093 
0.0063109 0.0118378 0.0344642 0.0254353 0.188799 0.0105454 0.0185011 0.0510923 0.0182332 0.0590631 0.00558928 0.0275425 0.190727 0.0417747 0.0130108 0.00343162 0.0216174 0.0461339 0.00805829 0.0421052 0.0283742 0.0306825 0.0162477 0.0950598 0.0053631 
0.123025 0.0216039 0.0143639 0.0407402 0.0765792 0.0181662 0.0421828 0.0469977 0.106709 0.0425434 0.0378861 0.0456325 0.0340789 0.018327 0.0183246 0.0411043 0.032333 0.0243138 0.0366823 0.0374613 0.0194123 0.0269797 0.0559033 0.014813 0.0238363 
0.0424031 0.0311542 0.0176167 0.0120961 0.0190085 0.0120739 0.0238263 0.206936 0.0443129 0.0317905 0.0111129 0.0741033 0.0200417 0.0526205 0.0132736 0.0096787 0.0399445 0.0258683 0.118602 0.018574 0.0338823 0.0334015 0.0779759 0.00498591 0.0247164 
0.0618579 0.0114194 0.0287416 0.0336139 0.00760203 0.0225664 0.00766627 0.028745 0.00604239 0.00680755 0.00916862 0.0708338 0.0371849 0.00791871 0.0154935 0.0815501 0.0161585 0.00930109 0.0632055 0.159869 0.245313 0.0219178 0.0309359 0.0114939 0.0045935 
0.0499856 0.0633369 0.17325 0.035903 0.0168443 0.0482775 0.0388767 0.0140673 0.0588397 0.015801 0.0322473 0.00992188 0.0436801 0.0400144 0.0096955 0.0194475 0.0100457 0.0824111 0.0573393 0.0362604 0.0479555 0.0148573 0.0350644 0.0326514 0.0132263 
0.0426637 0.00630324 0.0388095 0.114523 0.161508 0.0233723 0.0433614 0.0266328 0.0179072 0.00949447 0.0165761 0.10876 0.0311733 0.0109025 0.0326611 0.009517 0.0589087 0.0279901 0.0353355 0.0493416 0.0359454 0.0296056 0.0437071 0.012199 0.012802 
0.0493011 0.0705259 0.0334818 0.0322047 0.0200265 0.0251752 0.0277531 0.0582721 0.0316136 0.0200523 0.0212363 0.0718786 0.0406113 0.0248738 0.0455189 0.0363986 0.0365346 0.0373379 0.130844 0.0553433 0.0181484 0.0156034 0.0267 0.0246041 0.0459609 
0.0606801 0.029054 0.0307528 0.0187645 0.0293386 0.0974704 0.0548123 0.045378 0.0234243 0.0268655 0.0215837 0.0221039 0.0716359 0.0469345 0.0102577 0.0164397 0.0618141 0.0361655 0.042 0.0308122 0.0408822 0.0532631 0.0298601 0.0564877 0.0432194 
0.0893791 0.0129283 0.0446983 0.00815354 0.043589 0.0208535 0.0411363 0.0347398 0.0222673 0.00876804 0.0703464 0.103634 0.0290553 0.0484093 0.0335312 0.0128612 0.0324434 0.0256685 0.0405154 0.0437081 0.0215649 0.0632704 0.104528 0.0109264 0.0330246 
0.011918 0.0110932 0.0501596 0.0163411 0.0932083 0.0463455 0.0595528 0.0391732 0.0169272 0.0755335 0.0129746 0.0192656 0.0231045 0.0182115 0.0640074 0.0285913 0.0798932 0.0779779 0.0117859 0.0252786 0.0461297 0.0392733 0.0444788 0.0756973 0.013078 
0.0500608 0.023523 0.0535214 0.0376064 0.0737487 0.0263404 0.0887245 0.0698532 0.013768 0.0158239 0.0248989 0.0224422 0.0957998 0.0666109 0.0204951 0.0305259 0.0211632 0.046865 0.0164522 0.0344391 0.0222121 0.0661754 0.0472229 0.0195889 0.012138 
0.0502867 0.0403099 0.0809435 0.0204096 0.0455945 0.0250182 0.110107 0.0193114 0.0464525 0.0154537 0.0134281 0.0166745 0.0267842 0.0189526 0.0762143 0.0193761 0.0466323 0.0616683 0.0430879 0.0422726 0.0300904 0.019632 0.0651751 0.0166361 0.0494891 
0.0102849 0.00968069 0.00483418 0.0580877 0.00634823 0.0383964 0.122891 0.129359 0.0106801 0.0304917 0.00962949 0.149433 0.0160361 0.0116645 0.00619816 0.00885774 0.132036 0.0138534 0.00369412 0.020492 0.00649567 0.0519462 0.089748 0.0140222 0.0448386 
0.0127389 0.0267983 0.00472125 0.0292098 0.0154858 0.0400971 0.0179544 0.0282451 0.0382163 0.0241316 0.0131157 0.0503779 0.0195215 0.10279 0.0256675 0.064003 0.034821 0.0628372 0.0623721 0.117138 0.0575635 0.0250995 0.0267305 0.0540879 0.046276 
0.0747371 0.0199377 0.0681583 0.0471299 0.0193177 0.0283702 0.0565196 0.0515348 0.0365254 0.0289508 0.0197623 0.0802583 0.0269913 0.0350697 0.0260426 0.0380539 0.0226567 0.0340153 0.0056764 0.0432824 0.0386629 0.0467772 0.0385937 0.068133 0.0448426 
0.136551 0.0157039 0.0183622 0.0355574 0.057798 0.0415191 0.0908644 0.00653495 0.00612316 0.0189713 0.00222463 0.021962 0.0681314 0.0396752 0.054176 0.00249496 0.0252428 0.00663961 0.0629351 0.0822914 0.0545651 0.0742041 0.00701379 0.0268559 0.0436029 
0.156321 0.0197968 0.0317109 0.0379907 0.0163446 0.053611 0.0581046 0.0266585 0.0448058 0.0258407 0.00723403 0.0441371 0.0134069 0.0404649 0.0181332 0.0308035 0.0412032 0.0485613 0.0208836 0.0914499 0.0442729 0.037752 0.0388547 0.0103623 0.0412956 
0.0271519 0.073262 0.00751759 0.0114988 0.0355407 0.110175 0.0608315 0.0294674 0.0252133 0.0329742 0.00604418 0.0603765 0.0701993 0.0583528 0.0145878 0.0607822 0.039539 0.0111766 0.00925667 0.038252 0.0560227 0.0456095 0.0637389 0.0445011 0.00792883 
0.0146594 0.0354274 0.0326749 0.00845757 0.00793172 0.0197427 0.191355 0.0115145 0.00505861 0.00900081 0.00504787 0.0532046 0.0577664 0.00543094 0.0199421 0.0784478 0.0118183 0.0239949 0.0385395 0.0908443 0.0978052 0.0102168 0.0656631 0.100539 0.00491676 
0.0840914 0.0114032 0.00709589 0.00937356 0.0689056 0.0518521 0.0482136 0.0203426 0.0515844 0.0167215 0.00466563 0.0125843 0.0645398 0.0137835 0.188196 0.022106 0.0619919 0.0340949 0.0274624 0.0391078 0.0557078 0.0139244 0.0384523 0.0374211 0.0163783 
0.0576485 0.00952552 0.028394 0.024849 0.0343841 0.0834837 0.0467718 0.0698582 0.0368532 0.0140232 0.00269558 0.0318942 0.0682929 0.0111377 0.0116337 0.0151914 0.0332551 0.137216 0.0220471 0.0330874 0.0830255 0.0364784 0.0818301 0.00394629 0.0224769 
0.0288292 0.205685 0.0615987 0.00485869 0.000856167 0.0167799 0.000780094 0.000857226 0.0657653 0.000858355 0.0113586 0.508196 0.017298 0.00886361 0.000776947 0.000836197 0.0131735 0.000772526 0.00532956 0.00487837 0.0210275 0.00519484 0.000799289 0.0138229 0.000803277 
0.0263124 0.0242079 0.0915864 0.0076561 0.034177 0.16676 0.0461403 0.00553863 0.0430456 0.0164847 0.0154222 0.0179362 0.00918066 0.0318967 0.025672 0.034042 0.018832 0.0486299 0.00511109 0.00449315 0.0517499 0.0643535 0.0891487 0.114824 0.00679971 
0.0818732 0.0157409 0.0520793 0.00910367 0.128392 0.0146474 0.0164325 0.0790043 0.0541482 0.11772 0.00751434 0.0407199 0.088493 0.00306629 0.0114583 0.00521375 0.00744737 0.0229133 0.0179219 0.0508311 0.0200836 0.0828889 0.0274838 0.00699152 0.0378321 
0.0218734 0.0563111 0.0469477 0.0211513 0.0285012 0.0448752 0.0571237 0.041237 0.0375035 0.0903675 0.0191311 0.081269 0.068563 0.018167 0.0208124 0.0689089 0.0393149 0.0548473 0.0130713 0.0279893 0.0328828 0.0236201 0.0336038 0.0151961 0.0367316 
0.0178445 0.0285809 0.022751 0.00729894 0.159592 0.0295243 0.00829113 0.0426848 0.0515984 0.0247624 0.0178715 0.0116498 0.0389623 0.0913966 0.0506313 0.0197332 0.0197554 0.0441661 0.0719945 0.0155752 0.134864 0.0273515 0.0156509 0.0265695 0.0208995 
0.0565255 0.0140005 0.0329423 0.0273283 0.0232065 0.0670704 0.0907001 0.0264113 0.0609092 0.0207094 0.0209977 0.0465647 0.0213045 0.0130793 0.0161285 0.014307 0.0417605 0.02464 0.0460585 0.10007 0.0468679 0.137387 0.0175361 0.00750054 0.0259945 
0.0565255 0.0140005 0.0329423 0.0273283 0.0232065 0.0670704 0.0907001 0.0264113 0.0609092 0.0207094 0.0209977 0.0465647 0.0213045 0.0130793 0.0161285 0.014307 0.0417605 0.02464 0.0460585 0.10007 0.0468679 0.137387 0.0175361 0.00750054 0.0259945 
0.0847167 0.0304516 0.12235 0.0261089 0.0675867 0.0266768 0.0450343 0.0247871 0.0125278 0.0377677 0.0102845 0.0569105 0.0110324 0.0228125 0.0617686 0.00844983 0.0676714 0.037173 0.0156153 0.0409967 0.0153221 0.0727529 0.0388035 0.0473739 0.0150254 
0.0541828 0.0135015 0.0248006 0.0161268 0.0262692 0.0286299 0.0541221 0.0839298 0.0260172 0.0141081 0.00641637 0.0332707 0.0538056 0.0152539 0.0377414 0.0162797 0.0718461 0.132954 0.0270674 0.0321437 0.0669947 0.0217808 0.117032 0.0145149 0.0112105 
0.0492766 0.00608325 0.0210174 0.0453982 0.00597163 0.0337859 0.109488 0.167509 0.0216225 0.0320407 0.0164279 0.0657812 0.0768793 0.0256134 0.0100148 0.00983232 0.0770345 0.0296566 0.0166054 0.0344174 0.0359028 0.0377638 0.03491 0.0101185 0.0268485 
0.0745055 0.000880884 0.000801835 0.000104494 0.000662875 1.71846e-05 0.129117 0.00674756 0.186308 0.00343361 0.00102156 1.67889e-05 0.00134636 0.0012304 1.67094e-05 0.00190627 0.245175 0.000930403 0.0415689 0.00124152 0.00175674 0.00197378 0.00568988 0.280487 0.0130605 
0.0196355 0.0453861 0.0388559 0.0252927 0.0236179 0.0896249 0.0706806 0.00939735 0.0517315 0.0359471 0.0237253 0.00819352 0.0519171 0.0270612 0.0377232 0.0086625 0.0613981 0.0284514 0.060396 0.0408506 0.0182347 0.0477011 0.0804214 0.0156046 0.0794897 
0.0127582 0.0213012 0.106722 0.0589263 0.0253649 0.0522731 0.0422937 0.0503774 0.00624269 0.00360672 0.0222407 0.0314899 0.0121126 0.107628 0.00370903 0.00451268 0.137645 0.0364429 0.0195353 0.0111462 0.00758418 0.0215875 0.0452245 0.0178776 0.141397 
0.123611 0.0125873 0.0221864 0.105657 0.0289209 0.0163356 0.0615823 0.0417428 0.0332422 0.0153943 0.0100091 0.0514192 0.0220708 0.0602896 0.0440572 0.0191328 0.023019 0.0329869 0.0377785 0.0271186 0.0346931 0.0444446 0.0566576 0.0465394 0.0285244 
0.070678 0.00857276 0.117215 0.0198943 0.0155936 0.0900005 0.013679 0.0301886 0.0711449 0.00194909 0.00747039 0.0783387 0.0827491 0.0330625 0.00633116 0.0146149 0.011212 0.0546668 0.0095163 0.0775433 0.0530231 0.0622157 0.0300762 0.0226755 0.0175887 
0.0378275 0.00622087 0.0272999 0.0461533 0.0063355 0.0197414 0.0449155 0.0552237 0.0212126 0.0378349 0.0173786 0.125465 0.0663003 0.0128352 0.0151279 0.0644262 0.0475921 0.107342 0.0255531 0.0360118 0.109894 0.0260843 0.0257577 0.00755721 0.00990975 
0.226499 0.0139487 0.0331984 0.035958 0.0211925 0.0225231 0.0315333 0.0514527 0.0411984 0.0157351 0.00290401 0.0282804 0.036408 0.047145 0.0394761 0.00998815 0.0348407 0.0205292 0.00928552 0.0456912 0.0425046 0.0880443 0.0523442 0.0231717 0.0261474 
0.0400132 0.0118341 0.0139586 0.198395 0.0723069 0.00884872 0.0407446 0.0113492 0.0184457 0.0132699 0.0147072 0.0274473 0.01743 0.0177487 0.13146 0.0495724 0.0487377 0.0227096 0.0459636 0.0452364 0.0145335 0.0391689 0.0632094 0.0156234 0.0172855 
0.0589916 0.0805204 0.127531 0.0625151 0.0128899 0.0164906 0.0711063 0.0296045 0.00572732 0.0377768 0.00504419 0.0126528 0.0227649 0.00855925 0.119878 0.00471475 0.0134101 0.0116776 0.0820958 0.00505076 0.00600251 0.0991726 0.0796985 0.00596457 0.0201606 
0.0039453 0.0280487 0.0576722 0.0167121 0.00620542 0.0158559 0.0438559 0.031203 0.0609527 0.0217643 0.035448 0.0210596 0.0309121 0.0336138 0.197918 0.0346207 0.0310098 0.0529048 0.124224 0.00961875 0.0173508 0.0280752 0.0229154 0.0221786 0.0519348 
0.0278893 0.00034933 0.0377395 0.0167903 0.0110752 0.0124276 0.128157 0.00744756 0.00364801 0.00298682 0.00267156 0.00298094 0.0496392 0.0188255 0.386247 0.000950977 0.0105933 0.00238315 0.194122 0.00124028 0.0099993 0.0106698 0.00738476 0.0107393 0.0430425 
0.0123952 0.0164544 0.0252572 0.0874255 0.0140909 0.0119032 0.0248571 0.182454 0.010604 0.0160325 0.00663311 0.0324753 0.010594 0.0453064 0.0284669 0.0285747 0.170511 0.0378504 0.00944329 0.0216849 0.0187323 0.0169087 0.0166182 0.0556861 0.099041 
0.0585528 0.121233 0.0206264 0.0216802 0.0447676 0.0137448 0.0406374 0.0190605 0.0820341 0.0670788 0.00501402 0.00487287 0.0164122 0.0247327 0.0329398 0.00943032 0.176856 0.0556184 0.0231559 0.0240773 0.0211365 0.00676397 0.0130139 0.0230667 0.0734945 
0.012224 0.0115064 0.0578817 0.158744 0.0268603 0.0331367 0.0201843 0.109014 0.0093507 0.0154011 0.0334218 0.0226142 0.00901498 0.0308911 0.0292434 0.0496602 0.109057 0.0247065 0.00991245 0.0222001 0.019104 0.0183785 0.0137274 0.0770064 0.0767592 
0.037251 0.0260919 0.0159825 0.102136 0.00834342 0.0443789 0.0241097 0.0812714 0.0115374 0.0171478 0.00102024 0.00638233 0.00578561 0.00534872 0.0159591 0.0472936 0.057345 0.124437 0.0957037 0.106502 0.0883671 0.0219337 0.0314038 0.00921865 0.0150496 
0.0405701 0.0912268 0.0121703 0.0148572 0.0987722 0.0128372 0.0116562 0.0201861 0.0890117 0.0266076 0.0189971 0.0853518 0.0314038 0.0188861 0.0497676 0.0141093 0.0543929 0.0484988 0.0139773 0.0201501 0.0805849 0.0350923 0.00823843 0.0561667 0.0464873 
0.00193389 0.00892651 0.149802 0.00653346 0.00441561 0.00348356 0.0107665 0.00113826 0.0102649 0.00820884 0.00699081 0.117274 0.0248658 0.0207854 0.168065 0.000638315 0.0227452 0.00837941 0.0510506 0.00540965 0.118952 0.0593607 0.0147073 0.017836 0.157467 
0.046642 0.0210555 0.158777 0.00583251 0.00418667 0.0339044 0.0338399 0.0053307 0.0613216 0.0160663 0.0376489 0.0580263 0.0666882 0.0271069 0.0791198 0.00871455 0.0336137 0.00956115 0.0238547 0.0132741 0.0501144 0.0463021 0.0864282 0.0273845 0.0452059 
0.0147181 0.00389647 0.0234527 0.0203805 0.0433394 0.0461048 0.0546573 0.0176243 0.0198959 0.0448298 0.0176704 0.0378379 0.00786869 0.0496396 0.114314 0.00737925 0.0436855 0.0200328 0.029193 0.0247564 0.135237 0.0209478 0.038564 0.0564106 0.107564 
0.0299816 0.0166786 0.0200008 0.0438667 0.0870674 0.0382644 0.0456769 0.0465758 0.0169567 0.0374046 0.0152923 0.0315223 0.00702039 0.0415213 0.0964707 0.00663231 0.0362815 0.0169469 0.0245612 0.0208173 0.108697 0.01781 0.0604799 0.0463476 0.0871259 
0.0550179 0.000769623 0.00717543 0.104523 0.00253403 0.0019987 0.00164482 0.0351498 0.00273114 0.0229994 0.0029886 0.000981445 0.0010356 0.0743539 0.0247864 0.00291297 0.00642644 0.017361 0.0560235 6.38879e-05 0.00440609 0.00108852 0.000586185 0.187036 0.385406 
0.0314777 0.0254511 0.120606 0.0685848 0.0111131 0.0265109 0.0362014 0.0430089 0.0211153 0.0215122 0.00618693 0.0415676 0.0154433 0.0210367 0.0806375 0.0359039 0.0360701 0.0298844 0.037148 0.0096096 0.0236434 0.0730954 0.0167481 0.0598335 0.10761 
0.00937173 0.00439353 0.0146748 0.0182191 0.0494132 0.0304358 0.0518328 0.0663126 0.0613674 0.0676261 0.0123575 0.0114028 0.00823862 0.104232 0.0253735 0.0124092 0.0190069 0.00534455 0.097604 0.0168919 0.0457893 0.0854098 0.0324253 0.0332966 0.116571 
0.00290851 0.00573523 0.00607388 0.0149107 0.00256187 0.0412555 0.0119019 0.00690009 0.0178648 0.0541684 0.11214 0.030708 0.00685763 0.00881975 0.19158 0.00252352 0.0194139 0.116257 0.013204 0.0530802 0.00421109 0.00214432 0.26389 0.00152401 0.00936662 
0.0616041 0.0283201 0.051412 0.0579197 0.0126935 0.083197 0.0198277 0.00671306 0.00855666 0.00972892 0.0122408 0.0300586 0.0794054 0.036454 0.0251452 0.0182144 0.0106195 0.0313432 0.203622 0.0110505 0.0422609 0.0829885 0.00943134 0.027192 0.0400006 
0.0123982 0.0250928 0.0218299 0.0600073 0.024974 0.065321 0.0525284 0.0374468 0.0375888 0.039617 0.0043559 0.0473665 0.0352161 0.0181794 0.0365204 0.0297759 0.0267382 0.144372 0.0234261 0.0542146 0.0376297 0.0180058 0.05085 0.0278824 0.0686626 
0.0120881 0.0143283 0.00780052 0.0306714 0.0170271 0.0188973 0.0194406 0.0490068 0.00565999 0.111712 0.00709471 0.0521513 0.00688099 0.00284355 0.187524 0.0330798 0.0271008 0.0121265 0.0427746 0.0032713 0.118565 0.0174866 0.0565715 0.0901673 0.0557295 
0.0292419 0.0124373 0.0864301 0.0431368 0.00539001 0.0517632 0.0352422 0.00778691 0.0518629 0.0178033 0.0131057 0.00801383 0.04456 0.0564419 0.103207 0.00505011 0.00335175 0.0592867 0.09965 0.0153319 0.0289838 0.028969 0.130992 0.0430903 0.0188716 
0.0335568 0.0452268 0.0217841 0.0197168 0.0265191 0.0537952 0.0334627 0.00701037 0.0099684 0.00760086 0.0257769 0.0340498 0.0632104 0.0177034 0.139449 0.0314221 0.0618756 0.0483544 0.0529618 0.0602969 0.0296093 0.0127213 0.0550848 0.0786255 0.0302183 
0.0189915 0.0930452 0.0122809 0.0120135 0.0357309 0.0961354 0.0505379 0.0755029 0.00605585 0.015643 0.00286517 0.0246328 0.0230287 0.030446 0.136975 0.0222085 0.0151177 0.0138244 0.0299145 0.0964367 0.034946 0.0459565 0.0225954 0.0693865 0.0157295 
0.015877 0.0591082 0.0207911 0.0317428 0.013071 0.0438873 0.0370525 0.110066 0.0157815 0.0179471 0.0056621 0.037931 0.0298497 0.0451172 0.0758242 0.027974 0.0314921 0.10224 0.0260617 0.0452857 0.0321514 0.0218589 0.0681127 0.0452595 0.0398555 
0.115583 0.00661193 0.0155188 0.0180536 0.0392156 0.128725 0.0235706 0.053281 0.0243402 0.00912151 0.00464161 0.0440004 0.0384643 0.0600556 0.00675514 0.0116061 0.0146133 0.171099 0.00306433 0.0778369 0.0322776 0.046203 0.0256499 0.0226549 0.00705674 
0.0283239 0.0126689 0.0313487 0.038395 0.0255721 0.0343171 0.0276963 0.0950517 0.0639729 0.0208876 0.0110786 0.0504487 0.0199426 0.18591 0.0250382 0.0138372 0.020692 0.03477 0.0732573 0.0114635 0.0515732 0.0232602 0.0252284 0.0328242 0.0424418 
0.023356 0.0917827 0.0195906 0.0207053 0.0761067 0.0725362 0.0176096 0.0494417 0.013863 0.0285717 0.0144097 0.149226 0.0781834 0.0450153 0.0331465 0.0227579 0.0356886 0.0127969 0.0430246 0.0184098 0.0234205 0.0398035 0.0346602 0.0316244 0.00426896 
0.0494682 0.00955423 0.0426845 0.033728 0.0332945 0.0373293 0.0427606 0.0670627 0.028309 0.0705118 0.053688 0.0156802 0.0580877 0.0339688 0.0394559 0.0281973 0.0537224 0.0269012 0.0267079 0.0611484 0.0416033 0.0347637 0.0463465 0.015462 0.0495638 
0.0525597 0.0555909 0.0367249 0.0698831 0.0354435 0.0358753 0.0320165 0.0725834 0.0179628 0.00656438 0.0256977 0.0563027 0.0148629 0.0442098 0.0828447 0.0063938 0.0429322 0.0777385 0.0349492 0.053638 0.0295703 0.0304495 0.032386 0.00685527 0.045965 
0.00355276 0.124745 0.0123628 0.00912149 0.00634473 0.00242647 0.0102439 0.0075171 0.019537 0.22363 0.0155375 0.0190229 0.037861 0.0151354 0.0854988 0.0118245 0.13623 0.0249653 0.0380602 0.00549734 0.0236017 0.015004 0.0958482 0.0389121 0.0175202 
0.00275384 0.0754213 0.0177948 0.0088065 0.00311482 0.00280171 0.00874974 0.00627129 0.0161894 0.286302 0.0147709 0.00819942 0.0442463 0.0157368 0.0647168 0.0105104 0.113212 0.0229484 0.0249206 0.00396486 0.0136869 0.0178555 0.155572 0.0330313 0.028422 
0.0316458 0.025415 0.0129783 0.0355074 0.0205108 0.025979 0.130527 0.069651 0.0317977 0.0501343 0.0516336 0.0727348 0.0224508 0.084418 0.0160131 0.0329013 0.053368 0.0279247 0.037223 0.0298412 0.0140258 0.0330788 0.0330003 0.0461327 0.0111083 
0.0171194 0.0247897 0.03542 0.0298305 0.0371766 0.141699 0.0224631 0.036868 0.0230284 0.0982025 0.0212415 0.0629532 0.0146763 0.0327513 0.0704569 0.0116951 0.0218982 0.0270174 0.0598369 0.0319419 0.0159005 0.0194302 0.0187363 0.0954731 0.029394 
0.0461177 0.0654902 0.0403227 0.0501493 0.0107995 0.0165653 0.0122966 0.049424 0.0194985 0.0357194 0.0258393 0.0260674 0.149675 0.0175006 0.0416063 0.0385954 0.00952977 0.0155284 0.02902 0.0601011 0.0750099 0.0312335 0.0603512 0.033222 0.0403371 
0.0139134 0.0323204 0.0114936 0.129419 0.00348034 0.0917271 0.00999004 0.0114898 0.0414206 0.0472687 0.0301734 0.0405552 0.00981527 0.0133521 0.0268826 0.00804704 0.0265192 0.0557137 0.0523971 0.0370182 0.0165355 0.00661399 0.0276703 0.201879 0.0543037 
0.00674021 0.0259336 0.0621766 0.0263618 0.109384 0.0156073 0.0270721 0.0292869 0.0167445 0.147099 0.013907 0.0423777 0.0162921 0.00338799 0.0243461 0.012115 0.0947968 0.0116502 0.013872 0.144168 0.0164173 0.0685692 0.00786503 0.0449995 0.0188303 
0.00133044 0.000908935 0.0122286 0.000685538 0.000470334 0.0010982 0.00085229 0.158386 0.0328731 0.013949 0.00053551 0.060659 0.000224564 0.0166624 0.000315333 0.00316757 0.0045112 0.000460015 0.567152 0.000859142 0.000626644 0.000786211 0.0446918 0.0759766 0.00058947 
0.0373139 0.0697814 0.020012 0.037186 0.0113231 0.0184037 0.00703904 0.00809324 0.0368706 0.0562907 0.0054277 0.0276283 0.0347819 0.0357082 0.131238 0.0476009 0.0247419 0.0855832 0.0227863 0.0133775 0.109447 0.0263421 0.0591165 0.0267431 0.0471643 
0.0384601 0.0427632 0.0389258 0.0388909 0.0411187 0.0383751 0.0374652 0.0411695 0.0415589 0.0412238 0.0495922 0.0374914 0.0395601 0.0386989 0.037314 0.0401596 0.0395422 0.0371017 0.0426599 0.0390485 0.0388415 0.0415817 0.038387 0.0414917 0.0385786 
0.0397007 0.0360462 0.0386774 0.0395639 0.0472634 0.0263517 0.0128804 0.0322024 0.0470443 0.0328446 0.0175978 0.082349 0.0581337 0.022196 0.0579601 0.0208814 0.0533089 0.0207844 0.0201081 0.0415399 0.0283504 0.102379 0.0213789 0.0434199 0.0570376 
0.0277645 0.0270107 0.0147556 0.00891146 0.0466782 0.132985 0.0290683 0.0149502 0.0353772 0.009609 0.0195813 0.0831487 0.0563019 0.0218442 0.0106229 0.0460605 0.024369 0.0526952 0.0322508 0.106316 0.0136663 0.0541932 0.0367448 0.0362222 0.0588729 
0.0741274 0.00655322 0.0891779 0.0446457 0.0476227 0.0853274 0.0236717 0.0232845 0.0239602 0.0202308 0.0205328 0.114295 0.0174463 0.0185475 0.036576 0.0178212 0.0347668 0.0423656 0.0186011 0.0237371 0.0250198 0.0269374 0.111116 0.0402436 0.0133928 
0.0585783 0.0181863 0.0513659 0.0243458 0.0538864 0.0636282 0.0284004 0.0228928 0.0213533 0.0531514 0.0216741 0.0615172 0.0910336 0.0705928 0.0256152 0.0112457 0.0354411 0.0298381 0.0163363 0.054393 0.0212042 0.0329694 0.0763111 0.0400921 0.0159474 
0.0253426 0.0271336 0.0159356 0.0258634 0.00815561 0.00810389 0.108705 0.0824184 0.0205287 0.00316719 0.010976 0.0146976 0.00776003 0.00322265 0.0112109 0.0369252 0.0797959 0.00275299 0.0196166 0.0120479 0.00874266 0.0062235 0.0596578 0.214965 0.18605 
0.0155611 0.0340839 0.0620657 0.0243341 0.0230976 0.00837471 0.0376492 0.00934639 0.0038234 0.0629659 0.0633958 0.00687822 0.0149394 0.0130402 0.118619 0.0457524 0.102923 0.0829513 0.0210109 0.00780662 0.00698635 0.0489173 0.0818542 0.0373955 0.0662285 
0.00465743 0.0345487 0.0148916 0.0181253 0.0124737 0.073685 0.00714277 0.0154039 0.0707533 0.0745737 0.00694204 0.0270684 0.125138 0.0721856 0.0292702 0.009306 0.116171 0.0382663 0.041159 0.0108981 0.0770796 0.0276276 0.0216996 0.0227982 0.0481342 
0.0110993 0.0435804 0.0491712 0.057499 0.044198 0.0255776 0.0231271 0.00552795 0.0828546 0.0494948 0.00417491 0.00526686 0.0366227 0.096664 0.0328598 0.0196178 0.0361829 0.107287 0.0745422 0.052061 0.0516977 0.0183753 0.0166382 0.0403863 0.0154937 
0.0438536 0.109773 0.0335169 0.021608 0.0557516 0.0959736 0.0543541 0.0340109 0.0300829 0.0140182 0.0189298 0.0131533 0.0371208 0.0491911 0.0202625 0.0593845 0.0404771 0.0157435 0.101779 0.0100468 0.0356462 0.00735979 0.0149275 0.0186093 0.0644259 
0.0431778 0.0184415 0.0432354 0.012206 0.0587562 0.0356322 0.0331808 0.00612024 0.0593542 0.0495381 0.0101141 0.0413559 0.0439328 0.0294165 0.0301059 0.0253179 0.0479416 0.0586277 0.0292911 0.0314448 0.0403347 0.0351476 0.0723418 0.0435665 0.101418 
0.0456334 0.0552693 0.128661 0.087345 0.000871211 0.000813081 0.00873183 0.000872289 0.137364 0.000873438 0.0115582 0.0603712 0.000838189 0.0131191 0.000790598 0.132739 0.00502685 0.0007861 0.0958099 0.000827349 0.0913488 0.0361219 0.00488001 0.000879114 0.0784695 
0.0165034 0.0197354 0.019786 0.0183683 0.0209007 0.0109411 0.0187739 0.0144056 0.019778 0.0129404 0.00914052 0.0159528 0.0152665 0.00643618 0.0105043 0.628183 0.0111315 0.00804039 0.0052521 0.0131011 0.0257556 0.0280218 0.0244869 0.00809557 0.0184985 
0.0517698 0.267714 0.0120809 0.0622418 0.00549655 0.0143408 0.0509561 0.0337831 0.0131725 0.0380794 0.0764947 0.0422774 0.0122388 0.0030997 0.00729342 0.0047587 0.161901 0.0236874 0.00205966 0.0204242 0.0212353 0.0222055 0.0221972 0.0254348 0.00505742 
0.00737659 0.0143887 0.0334378 0.00233816 0.0077096 0.00300194 0.0057316 0.0036554 0.0246355 0.0290313 0.00743827 0.064041 0.138324 0.0442534 0.272895 0.0159329 0.0319663 0.00344291 0.0960265 0.0118632 0.0180072 0.045019 0.00702534 0.0522099 0.0602488 
0.0158172 0.0737156 0.012553 0.22755 0.0148582 0.0112233 0.0117573 0.0487798 0.148112 0.0200935 0.00506977 0.0113146 0.0202365 0.0722661 0.0252167 0.0153294 0.0153287 0.0749312 0.0215367 0.0347399 0.0384967 0.00984177 0.0354285 0.024553 0.011251 
0.0460687 0.0618326 0.0800466 0.0336837 0.0547399 0.0185947 0.035238 0.0181708 0.0406496 0.0266225 0.0380068 0.0149417 0.0215166 0.0197003 0.0209206 0.0302949 0.0359522 0.0455653 0.0395885 0.0847862 0.051148 0.0436491 0.0372148 0.0572272 0.0438407 
0.0153602 0.015761 0.0353579 0.0273281 0.0338558 0.0445392 0.0231882 0.0157984 0.0793794 0.0153044 0.0119043 0.0153504 0.0213003 0.0404994 0.0169308 0.103348 0.0262122 0.0350888 0.153027 0.0477808 0.0476793 0.040658 0.0406851 0.0642861 0.029377 
0.0179151 0.0187563 0.0691899 0.0217338 0.0216309 0.0660958 0.0177816 0.0312592 0.0430162 0.0198117 0.0398061 0.0278816 0.0242851 0.0186478 0.0325477 0.0126517 0.0371866 0.020299 0.0588537 0.0725203 0.0182929 0.0100299 0.122994 0.0374868 0.139326 
0.124662 0.0523297 0.0235956 0.0327316 0.0145722 0.0851265 0.0525171 0.0503794 0.00952303 0.0499403 0.015663 0.0405174 0.00345283 0.0759079 0.00721804 0.0055928 0.0387235 0.0154491 0.0685091 0.051201 0.0273841 0.0402651 0.0666056 0.0237362 0.0243966 
0.0148451 0.0314328 0.00835056 0.0135828 0.010824 0.0286383 0.0460793 0.0303253 0.0495359 0.0154359 0.0090694 0.00728989 0.0176783 0.0148502 0.0156717 0.010983 0.0699826 0.203798 0.0190581 0.0221927 0.0735696 0.194613 0.0507313 0.0218702 0.0195921 
0.0406471 0.0150777 0.0142382 0.0156125 0.031588 0.0598084 0.0212662 0.0218622 0.0667713 0.0244275 0.00972352 0.0451821 0.0700222 0.0413334 0.0106047 0.0445256 0.016912 0.12023 0.0102198 0.0951654 0.0255102 0.0661898 0.0417362 0.0608698 0.0304765 
0.00692181 0.0194603 0.0125848 0.0202259 0.0354821 0.0242027 0.033164 0.0526724 0.0801049 0.00820801 0.0374532 0.0158024 0.0213245 0.0668067 0.114083 0.00833595 0.0572728 0.0218504 0.0163522 0.00709413 0.0256912 0.0675507 0.0213559 0.151116 0.0748841 
0.0726205 0.0237888 0.0290482 0.0289451 0.0290161 0.0284464 0.0253404 0.0270793 0.027844 0.0187121 0.0176057 0.0246517 0.0752383 0.0639134 0.0965292 0.0233565 0.0980278 0.131377 0.0153487 0.0102027 0.0158821 0.0094019 0.0292921 0.0216201 0.056712 
0.0319274 0.0284019 0.0237682 0.0620003 0.049537 0.0267843 0.038858 0.027293 0.0643502 0.0334154 0.0217642 0.0179755 0.0449315 0.0214914 0.111666 0.0232524 0.0623967 0.037531 0.0255053 0.0402529 0.0370714 0.0278348 0.0190438 0.0162919 0.106656 
0.0287843 0.00974027 0.0183699 0.0309328 0.0993833 0.0681623 0.110462 0.0891503 0.0219653 0.0199208 0.0229102 0.0294649 0.0482453 0.0189133 0.0261427 0.0197192 0.0598893 0.0412912 0.018949 0.0367559 0.0417903 0.0259384 0.037501 0.0214249 0.0541931 
0.0308311 0.0119828 0.0593235 0.0638739 0.0154939 0.00856753 0.0735229 0.00678796 0.0327085 0.010395 0.0222086 0.0337309 0.177274 0.0245048 0.152584 0.00240078 0.0171999 0.00847444 0.012893 0.0169688 0.0109853 0.132776 0.00514405 0.02551 0.0438581 
0.0734094 0.0230269 0.073139 0.0834687 0.0773303 0.029285 0.00899525 0.13431 0.0127911 0.0151623 0.0477357 0.0100853 0.0817696 0.0130295 0.0138179 0.023047 0.0511374 0.0258468 0.0584224 0.0471962 0.0138854 0.0205796 0.0279272 0.0219227 0.0126796 
0.0265298 0.0127684 0.0321292 0.0302149 0.0174271 0.0559922 0.0379049 0.0318658 0.0132953 0.0381119 0.0148434 0.0350392 0.0190151 0.0490859 0.0652658 0.0157829 0.0440801 0.0475642 0.0141195 0.151436 0.0421269 0.0895196 0.0306159 0.0420263 0.0432393 
0.0142905 0.0202068 0.0702847 0.0375898 0.0510767 0.0460621 0.0191322 0.0493265 0.00495086 0.0753861 0.00528169 0.0491898 0.0209129 0.0438695 0.0351079 0.0116867 0.0833843 0.0207193 0.108324 0.0027481 0.0161585 0.055917 0.0161937 0.0878008 0.0544002 
0.0145985 0.0262885 0.0606559 0.0204093 0.0308198 0.029032 0.0352625 0.0265909 0.0138917 0.0725734 0.0127462 0.0804776 0.0341287 0.0109796 0.0228688 0.0216181 0.0293916 0.0555265 0.111259 0.00931673 0.10144 0.0371896 0.0498355 0.0361858 0.0569137 
0.0855552 0.0314354 0.0217912 0.136464 0.0458802 0.0212944 0.0130981 0.0124412 0.0118583 0.0182539 0.0302951 0.0997136 0.108326 0.0161652 0.0402077 0.00478689 0.0800084 0.0136952 0.0429479 0.0185521 0.0234346 0.0332709 0.0393982 0.0148771 0.0362493 
0.00748719 0.00989783 0.0401666 0.0277455 0.0120066 0.0325701 0.00855043 0.0240905 0.00931042 0.0305575 0.0340292 0.0269278 0.0128828 0.0587342 0.0972375 0.0253937 0.0292606 0.251821 0.145247 0.0145553 0.0190266 0.0165162 0.0193857 0.0132579 0.0333418 
0.0292358 0.030127 0.0229158 0.0661573 0.0181815 0.0221714 0.0725575 0.0467328 0.0444674 0.0168062 0.0123737 0.0330126 0.0209642 0.0284217 0.0904495 0.0502914 0.0456329 0.0147193 0.0670211 0.0161754 0.0352429 0.0290848 0.0305842 0.0614607 0.0952128 
0.034057 0.126635 0.0562735 0.0266994 0.0299776 0.0149217 0.0259492 0.0332506 0.0885335 0.0396526 0.0411309 0.0264924 0.0291929 0.0780616 0.0439674 0.0230863 0.0502109 0.00783997 0.026786 0.0348417 0.0414808 0.0209774 0.0271748 0.0175437 0.0552636 
0.00868169 0.00333059 0.0075939 0.030408 0.023713 0.00585672 0.00114987 0.0623297 0.011507 0.0807614 0.019414 0.172562 0.042672 0.0475135 0.0826042 0.016594 0.015846 0.0869248 0.0286491 0.0138919 0.026423 0.0986636 0.0050451 0.0421661 0.0656989 
0.0390133 0.122992 0.0282401 0.0303655 0.0110501 0.00752836 0.0313054 0.0290527 0.0441956 0.0353274 0.0671167 0.0258085 0.0458428 0.0452799 0.0230639 0.0312139 0.074141 0.0224968 0.0184117 0.0851471 0.042302 0.029119 0.0325653 0.028267 0.050154 
0.0534137 0.105474 0.0529047 0.0355556 0.0181701 0.00930827 0.043003 0.0293024 0.0742469 0.0503384 0.0430567 0.0314931 0.023119 0.0667396 0.0421515 0.0314288 0.0563052 0.00856283 0.0345511 0.0295606 0.0409917 0.0190308 0.0181122 0.0195359 0.0636438 
0.08791 0.0398395 0.00463847 0.00674082 0.0427617 0.0606942 0.036933 0.00267591 0.0342155 0.042871 0.0381431 0.101941 0.0132851 0.138762 0.0185941 0.04829 0.00899549 0.0184883 0.00970474 0.0850246 0.0782624 0.00495496 0.000415843 0.0566338 0.0192242 
0.0159755 0.0264578 0.0774847 0.0403001 0.00948762 0.122271 0.0485988 0.0122979 0.0277932 0.0622671 0.0201664 0.0185388 0.0697738 0.0699514 0.0258274 0.0531016 0.0228366 0.0340883 0.0339655 0.0212455 0.0264864 0.0896977 0.0371689 0.0106634 0.0235545 
0.0112267 0.0162267 0.0149885 0.00399192 0.070595 0.0211176 0.0534952 0.0603373 0.0261839 0.0180354 0.110233 0.0271772 0.0148666 0.0127813 0.116051 0.0117064 0.0701694 0.0289983 0.0221977 0.0326506 0.0146229 0.0623553 0.0399876 0.047434 0.0925698 
0.0403468 0.0210517 0.102781 0.0368341 0.0498098 0.0564882 0.0170932 0.0226319 0.06375 0.0311634 0.0581372 0.0113138 0.103299 0.0429229 0.0301168 0.0135041 0.0287698 0.0744493 0.040818 0.025255 0.0217914 0.0233506 0.0468949 0.00464006 0.0327873 
0.0391579 0.00998058 0.0791029 0.00448321 0.0544695 0.0584305 0.0262032 0.0334863 0.00471049 0.00373834 0.075642 0.201847 0.024071 0.0219663 0.0458199 0.0299294 0.0208068 0.0596123 0.05691 0.00424705 0.0277786 0.0247824 0.0301599 0.0383038 0.0243607 
0.00909464 0.0116222 0.00666348 0.0721446 0.0195456 0.0109606 0.013458 0.00325656 0.0399323 0.270158 0.00942766 0.0658279 0.143509 0.0271599 0.039285 0.00406629 0.037929 0.0122251 0.028092 0.00820275 0.010853 0.007123 0.112144 0.00286454 0.0344556 
0.0233162 0.0384907 0.0404609 0.0667305 0.0397662 0.022411 0.0460175 0.0157229 0.0393796 0.0235817 0.0172102 0.0129533 0.0327491 0.165056 0.0520317 0.0279684 0.0417309 0.0243798 0.0308117 0.0154687 0.0368678 0.0214409 0.0223861 0.0747499 0.0683179 
0.0220809 0.107276 0.0929515 0.00834769 0.0130422 0.0146052 0.0111166 0.00356494 0.0190586 0.0336873 0.0131892 0.0253386 0.0879181 0.0262419 0.0859425 0.0191426 0.00271726 0.0122432 0.0140503 0.0464521 0.155929 0.0290306 0.0578618 0.02906 0.0691517 
0.0161168 0.0256107 0.010106 0.0129615 0.0563538 0.0169043 0.107624 0.0757215 0.0419478 0.00238794 0.106303 0.0531053 0.00701721 0.0274289 0.101953 0.0370423 0.017423 0.00663575 0.0112473 0.0300493 0.0454441 0.0680368 0.0393142 0.0288176 0.0544479 
0.0273019 0.00900714 0.0340971 0.0341772 0.0265518 0.052426 0.0151338 0.0259977 0.0480603 0.055195 0.0102066 0.0580287 0.0165962 0.0376961 0.0245818 0.0218259 0.0703278 0.0356917 0.0230291 0.0410234 0.00866204 0.14851 0.0357711 0.041408 0.0986933 
0.025824 0.0426567 0.0784271 0.0267449 0.0157302 0.0479975 0.0409887 0.0673306 0.0621049 0.0168152 0.00535849 0.0210767 0.0194553 0.0595183 0.107778 0.03297 0.0416854 0.0128448 0.00787464 0.0364081 0.01858 0.0361165 0.0475511 0.0452043 0.0829588 
0.0077554 0.0131305 0.0369488 0.0179681 0.0693146 0.0535236 0.0362252 0.0273434 0.0219035 0.0867827 0.00330666 0.0587852 0.0144494 0.0521796 0.0726658 0.00816298 0.065107 0.0422059 0.110238 0.00252684 0.0216333 0.0654628 0.0168774 0.0603729 0.0351306 
0.0131694 0.0530974 0.0873767 0.0126767 0.0511139 0.0168957 0.00864003 0.00509177 0.0297069 0.00584811 0.00128843 0.0679815 0.00254398 0.0258015 0.0096789 0.00779623 0.00962377 0.0438136 0.084713 0.0498779 0.0241847 0.0230508 0.0338279 0.265034 0.0671674 
0.014494 0.033857 0.0142182 0.0357816 0.109413 0.0225953 0.0422538 0.0260158 0.0347939 0.021169 0.041917 0.0933932 0.0110277 0.0174185 0.0218909 0.0348463 0.0383205 0.0665097 0.0532863 0.0139326 0.0487309 0.0149202 0.0229887 0.119907 0.046319 
0.118611 0.0234077 0.056445 0.0107443 0.0285984 0.0489521 0.0222397 0.029669 0.0527717 0.02093 0.0150555 0.0523061 0.0737355 0.0163234 0.0185002 0.0158397 0.0473109 0.0125377 0.0203025 0.0130421 0.0447337 0.0564455 0.0346281 0.0829969 0.0838735 
0.0230251 0.133242 0.0466769 0.0240804 0.0323259 0.0319795 0.0261894 0.0154464 0.0241152 0.0142027 0.0304539 0.046785 0.0262866 0.0664873 0.13362 0.0287393 0.0102016 0.0574367 0.00530404 0.0242558 0.021145 0.0361709 0.0346477 0.00340409 0.103779 
0.102331 0.0169709 0.00798756 0.00727527 0.0030867 0.0160337 0.0100763 0.0277528 0.188554 0.00419105 0.00850352 0.111673 0.00178906 0.00928854 0.0317431 0.0343902 0.022202 0.0279533 0.00696156 0.0229023 0.0194441 0.0782096 0.148755 0.0689961 0.0229292 
0.0213685 0.0124667 0.00870499 0.164045 0.0042534 0.0171435 0.0370272 0.0268808 0.0345741 0.0157914 0.0172856 0.0309155 0.0102281 0.0397267 0.098946 0.00724854 0.0506012 0.0214293 0.0835976 0.0290558 0.0216434 0.0335046 0.047566 0.0456938 0.120303 
0.0290925 0.025359 0.0574975 0.0311977 0.0406147 0.03565 0.0334418 0.0269279 0.0446731 0.0371631 0.0306397 0.0334169 0.0267044 0.0224602 0.0384235 0.0513652 0.0459028 0.0394329 0.0633477 0.0591003 0.0286235 0.0207595 0.0740298 0.0585997 0.0455765 
0.0893234 0.019398 0.0767178 0.0387451 0.0531493 0.0556795 0.0196468 0.0325713 0.0284936 0.0122488 0.00830031 0.0113038 0.0503729 0.0247824 0.0209972 0.0175393 0.0495176 0.100261 0.0483387 0.0072099 0.0514282 0.0317593 0.0737796 0.0177212 0.0607145 
0.0388739 0.026969 0.0155878 0.0765619 0.111329 0.0709666 0.0321769 0.0330873 0.0401703 0.0228154 0.0121217 0.016169 0.0344844 0.0243508 0.0456892 0.0166359 0.056379 0.0221449 0.0971717 0.0333381 0.0131568 0.0392989 0.0248534 0.0756169 0.020051 
0.130451 0.0341249 0.0823088 0.049832 0.0218591 0.0259496 0.0148729 0.0350442 0.0609768 0.0357578 0.0115031 0.0177344 0.0067385 0.0385231 0.0158934 0.0105425 0.101184 0.0213002 0.0330726 0.0262813 0.0238491 0.0157575 0.0807773 0.0180727 0.0875931 
0.012249 0.020961 0.0323993 0.0437963 0.0211135 0.0209973 0.0417831 0.0096206 0.0273684 0.0540646 0.0261559 0.10733 0.0364642 0.0338624 0.043743 0.0701003 0.0326525 0.0352743 0.0270737 0.0619438 0.0817239 0.0168633 0.0763324 0.0273181 0.0388095 
0.0222356 0.0247235 0.0279149 0.0224847 0.0237727 0.0595209 0.0216604 0.0399448 0.0240272 0.0238334 0.0481169 0.0216756 0.0723556 0.0277522 0.021573 0.0455443 0.0228612 0.0317633 0.163669 0.0225758 0.0224561 0.0529361 0.0801373 0.0239883 0.0524773 
0.0105096 0.0915372 0.0068046 0.0534651 0.0052214 0.0261953 0.00428267 0.178817 0.0489578 0.0731204 0.00729939 0.00930007 0.00611825 0.054766 0.0164908 0.0233788 0.102484 0.0295334 0.0135051 0.00623254 0.0474091 0.0371072 0.0345683 0.0675476 0.0453485 
0.0227505 0.0760749 0.0460625 0.0284089 0.012048 0.0510287 0.0142363 0.00509609 0.033841 0.0555159 0.0462216 0.0554843 0.00826837 0.0947488 0.0278264 0.0377018 0.0365533 0.00431368 0.0327546 0.0528176 0.00578421 0.0311302 0.0180204 0.0127238 0.190588 
0.0418694 0.0160526 0.0159334 0.0150801 0.0451326 0.0252302 0.0434912 0.0209703 0.0662379 0.0236241 0.0424912 0.0596859 0.0162386 0.0664418 0.0181715 0.0262296 0.0373788 0.0529915 0.100997 0.0328851 0.0280038 0.0212815 0.103821 0.0166818 0.0630785 
0.0115541 0.0347202 0.0339483 0.0121549 0.0352277 0.0510982 0.0298458 0.0877492 0.00547766 0.0424778 0.0266019 0.00708091 0.125411 0.037384 0.0495746 0.0134485 0.0446331 0.0916515 0.0191353 0.0264471 0.0720856 0.0366817 0.0124127 0.0862586 0.00693975 
0.00934168 0.00305769 0.143411 0.0256219 0.00882747 0.0529298 0.00664231 0.00247888 0.00743194 0.010254 0.00109395 0.0376216 0.11381 0.0189004 0.220254 0.00825765 0.0192356 0.00126699 0.0219822 0.0207683 0.00587217 0.0695071 0.177792 0.0082092 0.00543207 
