0.0383644 0.0264727 0.0459172 0.0131038 0.0492299 0.0574601 0.0279419 0.0165175 0.041921 0.0341305 0.0343296 0.0625642 0.0525943 0.0412325 0.039174 0.0833009 0.00361849 0.0340882 0.00487234 0.00290257 0.0369954 0.00925914 0.158318 0.00845991 0.0638235 0.0134081 
0.0351526 0.0412833 0.0148893 0.0755795 0.0258279 0.041861 0.0327132 0.0372037 0.0256422 0.0187217 0.0612562 0.0316856 0.0314418 0.109034 0.0241831 0.0365066 0.0323006 0.056447 0.0147884 0.0164727 0.0425805 0.0223521 0.059932 0.0132963 0.0706489 0.0281996 
0.038049 0.0436494 0.0227733 0.0365947 0.0249549 0.0388055 0.0463607 0.0588439 0.0155288 0.0181234 0.0681762 0.0313381 0.0979035 0.0213618 0.0291798 0.019543 0.0565492 0.0423067 0.0114755 0.0127935 0.059399 0.0147953 0.0473907 0.0611365 0.0350244 0.0479432 
0.0199158 0.0180463 0.0435088 0.0140279 0.0488797 0.0547508 0.0612308 0.0180943 0.0315058 0.0145198 0.00814714 0.0331495 0.0897756 0.039621 0.0547809 0.0572991 0.0134534 0.0536087 0.0189625 0.0254897 0.0363429 0.012693 0.115116 0.0460957 0.0491691 0.021816 
0.0342537 0.0331721 0.0360314 0.0798261 0.0653385 0.0447616 0.0298316 0.0516175 0.0848612 0.0369866 0.0217729 0.0123048 0.0158915 0.0198717 0.0175225 0.100728 0.00626123 0.0755742 0.026046 0.0215213 0.0138849 0.0174825 0.0402422 0.0175833 0.0573331 0.0392991 
0.02632 0.00825222 0.00333392 0.0573493 0.0212911 0.013152 0.0158688 0.0152825 0.0541081 0.106333 0.0694936 0.0143441 0.165373 0.069197 0.0332173 0.0107498 0.00756567 0.023593 0.00882059 0.00565296 0.0157763 0.122118 0.00904008 0.0116417 0.098545 0.0135802 
0.0104703 0.0185349 0.00755743 0.0175476 0.00767593 0.0155285 0.0282598 0.0718818 0.0579179 0.088193 0.0246862 0.0105746 0.168663 0.0629252 0.0124959 0.0241846 0.00523996 0.0335696 0.00353996 0.0010784 0.00939645 0.149212 0.0602302 0.0283172 0.0752469 0.00707287 
0.0375161 0.0224455 0.0165989 0.0857254 0.0334487 0.0840988 0.0294681 0.0390754 0.0463886 0.0165943 0.0581653 0.0143401 0.0189896 0.0445034 0.0227595 0.0230801 0.0231145 0.0201629 0.048623 0.00482304 0.0386697 0.0061315 0.0196689 0.0395351 0.176663 0.0294105 
0.0085343 0.0279896 0.0354411 0.0388441 0.0461793 0.0853553 0.0360048 0.0885012 0.0167893 0.0217053 0.0429423 0.0334599 0.0718655 0.041912 0.00660627 0.0250716 0.0085776 0.0569859 0.00970565 0.00224585 0.0401989 0.0104334 0.130823 0.037916 0.0528945 0.0230177 
0.0190556 0.07609 0.0059185 0.0253318 0.0640046 0.0136014 0.0362754 0.100658 0.0155994 0.012803 0.0324912 0.01288 0.0556871 0.0888384 0.0140221 0.019257 0.0144251 0.0515387 0.0124951 0.00926825 0.0229439 0.0327731 0.0545705 0.0397543 0.152635 0.0170822 
0.35922 0.00628958 0.0378956 0.00695542 0.00616881 0.00660591 0.0412501 0.158062 0.00641969 0.00696834 0.0073654 0.00610788 0.00633087 0.00665687 0.00600694 0.00681942 0.00741856 0.0369 0.0061735 0.0073978 0.00654881 0.00649568 0.127057 0.00681839 0.0062665 0.113801 
0.0773015 0.0193803 0.0237157 0.0556862 0.029111 0.10731 0.0240885 0.0599479 0.0292451 0.0144948 0.0470189 0.0614715 0.0249408 0.0375865 0.0595661 0.0234417 0.0157115 0.0327557 0.00645101 0.0151221 0.0248637 0.0250923 0.0898054 0.0496275 0.0200199 0.0262444 
0.0181928 0.0792305 0.00631999 0.0570585 0.0115202 0.0245322 0.109068 0.0613297 0.0395146 0.0504348 0.0243227 0.0442058 0.0163374 0.0371199 0.00945228 0.0409547 0.038107 0.104398 0.0145641 0.0077318 0.0399711 0.0122033 0.0387671 0.0205624 0.0420344 0.0520673 
0.29801 0.025735 0.0165936 0.0709815 0.0192919 0.0324157 0.0108645 0.019133 0.017471 0.0159084 0.0474826 0.0340211 0.108927 0.0290595 0.0328149 0.0360348 0.0126851 0.0347278 0.00389874 0.00452032 0.0204911 0.03792 0.0221092 0.0108447 0.0224915 0.0155672 
0.00114792 0.00955808 0.0577388 0.00118205 0.00141883 0.0247159 0.0201463 0.0188888 0.00424826 0.0410581 0.00150304 0.013712 0.0231558 0.530318 0.000815884 0.136084 0.00164552 0.00246376 0.00143676 0.000459553 0.0268185 0.0458369 0.00148242 0.00248006 0.0209904 0.0106947 
0.055031 0.0109889 0.208082 0.0234461 0.0628771 0.0880905 0.0349379 0.0436267 0.0246004 0.00379208 0.102789 0.0644598 0.0597152 0.000751149 0.0133666 0.0614448 0.0450089 0.0559388 0.000975533 0.00572462 0.00451767 0.00958109 0.00316268 0.00316771 0.0066318 0.00729181 
0.0171297 0.00324318 0.0178701 0.0254003 0.115631 0.0402478 0.0372663 0.00857065 0.0246748 0.0708235 0.0811307 0.0159958 0.010205 0.029632 0.0165814 0.016012 0.00900949 0.24503 0.00408535 0.00730492 0.0235666 0.0189134 0.0555861 0.0168276 0.0044082 0.0848541 
0.0194493 0.0894244 0.0272906 0.0336769 0.0332032 0.0178288 0.0354051 0.0291919 0.0734125 0.0347537 0.0648228 0.0318509 0.0156268 0.0328988 0.0342722 0.102031 0.0582184 0.0215956 0.014532 0.0229559 0.030748 0.0328732 0.0573742 0.0397372 0.029686 0.0171401 
0.0213994 0.165345 0.0104845 0.0468414 0.0257844 0.0290587 0.0559916 0.0654994 0.0401226 0.0235105 0.0224087 0.0312342 0.0399996 0.0192292 0.0174857 0.0261317 0.0120442 0.0223446 0.00833113 0.0088811 0.0328603 0.00340337 0.0781964 0.0108336 0.160538 0.0220409 
0.0134115 0.0114767 0.0131691 0.0500516 0.278494 0.0143972 0.10002 0.0510722 0.013422 0.0425352 0.0193184 0.0173992 0.00630979 0.0502674 0.00936282 0.0601378 0.0348477 0.0556718 0.00387389 0.00923451 0.0536638 0.0107006 0.0515503 0.00427856 0.0202396 0.00509391 
0.00773072 0.0562951 0.0052176 0.061891 0.0286562 0.103364 0.023481 0.0139026 0.0247359 0.0124959 0.0195092 0.0311418 0.00976772 0.036178 0.0428516 0.0644543 0.0324998 0.0256009 0.0113931 0.0127297 0.0223265 0.0152842 0.101292 0.0719775 0.113358 0.0518664 
0.0503417 0.0537757 0.0312441 0.0536192 0.0310374 0.0525832 0.0207781 0.0220082 0.0174877 0.0430923 0.0653046 0.039508 0.0240434 0.038408 0.0144496 0.0298361 0.0301962 0.0237079 0.0565346 0.0360187 0.075984 0.0625352 0.0297267 0.0190577 0.0613424 0.0173795 
0.0198944 0.0458532 0.0172671 0.0343712 0.0109283 0.0272775 0.0467734 0.0479993 0.0390622 0.0788603 0.0252648 0.0133387 0.087469 0.0675486 0.0879461 0.0344004 0.0255822 0.0799513 0.0141116 0.00883992 0.0198324 0.0100091 0.0551153 0.0318124 0.0545741 0.0159171 
0.0108067 0.07111 0.0624183 0.0644816 0.0187132 0.0750894 0.0351621 0.0384636 0.0259677 0.053546 0.015424 0.0273165 0.0298303 0.0184368 0.0157501 0.0142136 0.00837626 0.0385334 0.010431 0.0144521 0.0278117 0.0225552 0.112592 0.025097 0.0784209 0.085001 
0.0140599 0.0486248 0.00923234 0.0300107 0.0212153 0.0421043 0.0195774 0.0527372 0.0392557 0.00408148 0.154003 0.0514026 0.0329779 0.0349886 0.0344999 0.149643 0.0419203 0.0544875 0.00348188 0.00424876 0.0194188 0.00596736 0.0188343 0.0424815 0.0269398 0.0438058 
0.0333707 0.0700914 0.0196161 0.0118403 0.0120885 0.0307583 0.0219413 0.0403384 0.0176547 0.0102508 0.0305044 0.0188523 0.076768 0.0482958 0.0794406 0.0335847 0.0209735 0.0135638 0.0633277 0.00625421 0.0198167 0.0239525 0.202483 0.0404368 0.035377 0.0184187 
0.0209553 0.0413661 0.0199413 0.0335926 0.0176725 0.0333337 0.0611915 0.0486834 0.00895452 0.0114644 0.0213707 0.061671 0.0276365 0.0576717 0.069972 0.0217648 0.00918678 0.038352 0.00924568 0.00610016 0.054813 0.0312104 0.160974 0.0945677 0.0224881 0.0158208 
0.0264061 0.0228296 0.0194009 0.0624199 0.0144915 0.0211034 0.0379527 0.0365983 0.0377167 0.0250753 0.017718 0.0848073 0.017142 0.0252496 0.0644517 0.0298503 0.0615535 0.0762267 0.00556073 0.0242945 0.0226651 0.0194072 0.09299 0.0337036 0.100308 0.0200772 
0.00353995 0.0358894 0.00678483 0.00602913 0.0460375 0.311257 0.0103533 0.030831 0.107115 0.0923975 0.108604 0.00517894 0.072061 0.00635725 0.010448 0.0146171 0.0122618 0.0137351 0.00307888 0.00716199 0.0252977 0.00426468 0.0173996 0.0190901 0.0206022 0.00960748 
0.0258438 0.0914275 0.0150117 0.022447 0.0453411 0.0213353 0.0593606 0.0223522 0.0295448 0.0278027 0.0231524 0.0879878 0.0386703 0.0749518 0.00726677 0.0857726 0.0712256 0.0368494 0.0582932 0.0148878 0.0273802 0.0246008 0.0049143 0.0336596 0.0250146 0.0249065 
0.0211062 0.0807966 0.0263807 0.0429161 0.039812 0.0621012 0.0648186 0.0620181 0.035835 0.0278361 0.056542 0.039386 0.0144142 0.0801647 0.0207112 0.0345627 0.00724149 0.0817214 0.0119896 0.0036384 0.0561872 0.0254732 0.0572913 0.0155451 0.015461 0.01605 
0.0333087 0.0190694 0.0379732 0.0153793 0.0224835 0.00664524 0.0359689 0.00975621 0.188317 0.00986409 0.0745157 0.119359 0.012738 0.0114612 0.0129297 0.033926 0.0209621 0.0223472 0.0164293 0.00114613 0.0125456 0.0564503 0.0680648 0.0923695 0.048947 0.017043 
0.0180909 0.0512514 0.00470716 0.0670099 0.0538102 0.057825 0.0570492 0.0783217 0.0653625 0.0230911 0.075211 0.0231134 0.0178395 0.0245609 0.0154498 0.0228714 0.00920526 0.0606836 0.0165095 0.0108237 0.049692 0.0156126 0.0459359 0.045961 0.0526381 0.0373732 
0.0169717 0.0101719 0.0214687 0.0122759 0.0122396 0.0406511 0.0240601 0.029619 0.0553854 0.0418435 0.0337783 0.0809294 0.0732369 0.0374794 0.0173461 0.0595083 0.079121 0.0338273 0.0106219 0.00403092 0.054099 0.0349813 0.0176562 0.0900664 0.0950991 0.0135317 
0.0338754 0.0100607 0.0292731 0.0281528 0.0598575 0.0850698 0.108422 0.0119749 0.0100636 0.0722581 0.021292 0.0415522 0.0199429 0.0116424 0.137117 0.0182517 0.00512019 0.0613938 0.058761 0.00188812 0.0321418 0.0376821 0.0136069 0.0105606 0.0251196 0.0549199 
0.0191963 0.0198264 0.0427576 0.0178356 0.00694352 0.0124227 0.215109 0.0608043 0.0493166 0.00626752 0.0757193 0.0361662 0.0823571 0.0245617 0.0124455 0.00612964 0.0590488 0.0122683 0.0607522 0.00270806 0.0766838 0.0453008 0.00881997 0.0227958 0.00944064 0.0143227 
0.0330763 0.0157959 0.00623219 0.0136803 0.0319095 0.0323214 0.0414408 0.0740035 0.0253283 0.0199987 0.0196282 0.0434925 0.0456904 0.0329737 0.105616 0.0213799 0.049587 0.187804 0.00324295 0.00546223 0.0467127 0.00456734 0.0425026 0.0397773 0.0281625 0.029614 
0.0190499 0.000406056 0.0187568 0.00493947 0.00836345 0.000426478 0.000443852 0.00824206 0.00248674 0.00269926 0.00285307 0.0063092 0.000408722 0.000429768 0.048864 0.000440262 0.00766308 0.000397045 0.000398562 0.000477602 0.799499 0.0109034 0.00039061 0.000440196 0.0267013 0.0280105 
0.0305683 0.0872653 0.00700982 0.0215187 0.033513 0.0406578 0.117884 0.0349169 0.0760169 0.0192837 0.0249504 0.0396188 0.0681163 0.0376168 0.0198508 0.0409765 0.0230396 0.0300039 0.00685744 0.00130931 0.0243408 0.0075131 0.0315939 0.0682663 0.035461 0.0718507 
0.0171816 0.0599194 0.0113442 0.039918 0.053312 0.0239181 0.0906382 0.0317652 0.0287608 0.05068 0.0828076 0.0102664 0.0810259 0.0372965 0.0196603 0.0176213 0.065633 0.0504386 0.00778428 0.0176385 0.059911 0.022826 0.0584589 0.0121114 0.028419 0.0206638 
0.0264087 0.0354949 0.0148064 0.026897 0.0438704 0.0211746 0.0137358 0.0294658 0.0406476 0.0244903 0.0961107 0.0118318 0.0379428 0.0187953 0.0412104 0.044912 0.0132169 0.0637733 0.133525 0.023983 0.0364357 0.0366974 0.029275 0.0245512 0.0527817 0.057966 
0.0154498 0.0171942 0.102323 0.00850278 0.0812768 0.0442344 0.00694318 0.0205153 0.0253308 0.0564366 0.00737398 0.0479981 0.00842096 0.116086 0.0628917 0.0149 0.0602688 0.0791652 0.0447869 0.0318429 0.00947019 0.0186984 0.0524528 0.0407832 0.0141515 0.0125023 
0.0237185 0.0597789 0.0115259 0.00705493 0.0306313 0.114095 0.0697503 0.013178 0.0203332 0.0115162 0.0311634 0.0492017 0.0196786 0.129478 0.0180515 0.0992985 0.0243981 0.0115262 0.0100908 0.0173595 0.0427376 0.0017032 0.0225641 0.0597357 0.0341633 0.0672675 
0.0237185 0.0597789 0.0115259 0.00705493 0.0306313 0.114095 0.0697503 0.013178 0.0203332 0.0115162 0.0311634 0.0492017 0.0196786 0.129478 0.0180515 0.0992985 0.0243981 0.0115262 0.0100908 0.0173595 0.0427376 0.0017032 0.0225641 0.0597357 0.0341633 0.0672675 
0.0382756 0.0525639 0.0231563 0.0471529 0.00541026 0.137401 0.0133929 0.110966 0.0301244 0.0370003 0.0201846 0.0453031 0.012588 0.0757976 0.0330188 0.0150927 0.0409456 0.0635657 0.00694053 0.0032152 0.051525 0.0193419 0.0475156 0.0048618 0.0398102 0.0248502 
0.0324878 0.0522646 0.0091023 0.044189 0.121644 0.0225511 0.0229812 0.0910868 0.0317148 0.0246061 0.0135604 0.0446903 0.0280516 0.0253904 0.0255052 0.0261097 0.0545114 0.0417479 0.0140359 0.0461133 0.0468649 0.0187849 0.105458 0.0214975 0.0116789 0.0233721 
0.00626677 0.00883572 0.0103235 0.0276937 0.0378553 0.0737364 0.0788906 0.121114 0.036421 0.115021 0.0482907 0.023794 0.0169363 0.0225674 0.0602614 0.0376676 0.0104648 0.130088 0.00945152 0.00585314 0.0241165 0.0227504 0.0197179 0.019256 0.00945898 0.0231665 
0.0057672 0.0439075 0.00187426 0.000633516 0.0398928 0.000698725 0.0368847 0.00492982 0.00633762 0.000429953 0.470377 0.00270981 0.00150668 1.95588e-05 0.0010766 2.00364e-05 0.00187452 0.0393194 0.021331 0.135435 0.00348267 0.00221388 0.139121 0.0367812 0.000846943 0.00252863 
0.0477215 0.0157288 0.0225903 0.0323718 0.0285814 0.0307579 0.041663 0.0715894 0.0715167 0.0343102 0.0252392 0.0476992 0.0423628 0.0255115 0.0113953 0.0171625 0.0327975 0.0653762 0.0452046 0.0721377 0.0378114 0.0506641 0.0358166 0.0486041 0.0127517 0.0326345 
0.109127 0.0952554 0.00243691 0.00739237 0.0134398 0.0313775 0.0148788 0.0415345 0.0401746 0.00442254 0.137658 0.0468391 0.0104954 0.0101898 0.00864774 0.0517329 0.0103855 0.0109001 0.000747785 0.00360023 0.0866163 0.0161874 0.0657777 0.0901443 0.00897102 0.0810674 
0.150582 0.0169582 0.0386401 0.0852357 0.054072 0.0164436 0.0820922 0.0397587 0.0327961 0.0174716 0.0173898 0.0197641 0.00707698 0.00812263 0.021943 0.0490045 0.035843 0.0437731 0.0154502 0.00219292 0.040258 0.0136564 0.0461821 0.0672394 0.0468257 0.0312283 
0.0279155 0.0239316 0.0475913 0.0129812 0.167647 0.0389235 0.0070161 0.0246939 0.0339754 0.0315865 0.0105094 0.0150101 0.0209833 0.0416916 0.0349581 0.0262554 0.0433987 0.0292179 0.0699825 0.00238345 0.070157 0.0399496 0.0101401 0.0612121 0.0951969 0.0126925 
0.0181347 0.0155533 0.0156654 0.0265934 0.0309898 0.100665 0.0199492 0.0471009 0.0227813 0.0408486 0.0515525 0.0301896 0.0472233 0.0266473 0.0131783 0.0308076 0.0427507 0.0508835 0.0185757 0.0158338 0.00693322 0.0168437 0.0310881 0.118887 0.107954 0.05237 
0.0938301 0.0349819 0.0133948 0.0638176 0.00958386 0.0480652 0.0558038 0.0677999 0.0520846 0.0205786 0.0103642 0.0356287 0.0259285 0.0669566 0.0259403 0.0301348 0.00628199 0.0929825 0.0133981 0.0313241 0.0356665 0.015206 0.078863 0.0112685 0.0533127 0.00680314 
0.0116394 0.0306036 0.0702986 0.0142759 0.109495 0.0856157 0.0349981 0.014269 0.0148222 0.0214553 0.0127605 0.0139787 0.0363908 0.0765101 0.0471216 0.0331148 0.00819509 0.00669069 0.0728104 0.0313254 0.0944212 0.103754 0.00916309 0.0257784 0.0120126 0.00849911 
0.0226235 0.0594126 0.00962946 0.0306506 0.0104592 0.0400909 0.0193768 0.0452305 0.012233 0.00496845 0.00626452 0.0725672 0.11496 0.0315442 0.00504103 0.0644086 0.0164921 0.0104082 0.00483811 0.0147766 0.23387 0.00926609 0.0641906 0.071288 0.00850564 0.0169041 
0.0893826 0.0652171 0.01729 0.00803935 0.128434 0.0535095 0.00755221 0.0394215 0.0480276 0.0500564 0.00640218 0.0296009 0.0283434 0.0125144 0.0215735 0.0560115 0.021485 0.0282965 0.0280567 0.0542071 0.118972 0.0196774 0.0126424 0.0171253 0.011048 0.0271128 
0.0177002 0.00437755 0.00612149 0.0727939 0.0135479 0.000233264 0.00124865 0.00730813 0.0260494 0.0119747 0.0595484 0.0563815 0.140587 0.0330595 0.0202348 0.14406 0.104832 0.00388666 0.00884788 0.071982 0.0775485 0.0359628 0.000719418 0.0156464 0.0287363 0.0366106 
0.0655314 0.0335214 0.0611566 0.022407 0.0335738 0.0183926 0.0201742 0.0668824 0.143153 0.0200213 0.00617462 0.02605 0.00992214 0.0183378 0.0515489 0.0307333 0.0169865 0.0295641 0.00381061 0.00601183 0.00692965 0.0165918 0.0152466 0.254745 0.0122679 0.0102648 
0.037356 0.00888718 0.016988 0.115186 0.0720653 0.0293697 0.0336233 0.0474746 0.0298137 0.0346949 0.00358646 0.0160171 0.00786361 0.011959 0.221296 0.0264479 0.015106 0.043001 0.00640964 0.00975264 0.0134268 0.0114965 0.0366804 0.100178 0.0293067 0.0220132 
0.0513997 0.0463403 0.0577647 0.0365528 0.0335469 0.0250132 0.0381286 0.0602729 0.14963 0.0153255 0.0112686 0.0264348 0.0469841 0.0186284 0.0761878 0.0278959 0.0154933 0.0178143 0.00502819 0.00688601 0.00640618 0.0194963 0.00948202 0.170451 0.0184726 0.00909621 
0.060038 0.0271918 0.0214599 0.0305747 0.00580765 0.0537709 0.0125619 0.00688579 0.0183499 0.0262507 0.0188046 0.0995567 0.0540236 0.0455818 0.0174475 0.0632335 0.0957021 0.118224 0.0137732 0.0105296 0.00703676 0.0155835 0.0323728 0.0714376 0.0154048 0.0583968 
0.0514861 0.017427 0.002487 0.0862851 0.103139 0.0386524 0.0156141 0.0347412 0.0345605 0.0447307 0.0131516 0.0148321 0.0812055 0.0598663 0.0437994 0.0450186 0.0302667 0.0745728 0.0130547 0.0089554 0.0498245 0.0348706 0.0372648 0.0134322 0.0239411 0.0268208 
0.057738 0.00567485 0.00511236 0.00817082 0.118863 0.00334513 0.0466194 0.00588865 0.0153307 0.0114711 0.0121985 0.00296054 0.0926565 0.00312063 0.0272557 0.101919 0.0588247 0.00691877 0.0232296 0.0954604 0.0257006 0.231474 0.00413452 0.00246536 0.0301305 0.00333698 
0.0364498 0.0383427 0.0318809 0.0949686 0.0502987 0.0182555 0.0505514 0.00706219 0.0242776 0.0241635 0.0719393 0.00416977 0.0564838 0.00821626 0.0245343 0.0624651 0.0551367 0.00265535 0.00877874 0.0281835 0.105987 0.0660639 0.0303836 0.0225352 0.0444825 0.0317338 
0.0124488 0.0107603 0.00495947 0.060969 0.0112272 0.0175049 0.0127805 0.0288562 0.185726 0.0434919 0.015344 0.0890085 0.0230404 0.0436873 0.0292161 0.013934 0.0434595 0.0221613 0.00550138 0.134651 0.00837584 0.0173237 0.0163334 0.110388 0.0213047 0.0175462 
0.0102493 0.00897208 0.00419706 0.0486673 0.00948109 0.0143291 0.0104548 0.0234202 0.25923 0.0350297 0.0126203 0.0708565 0.0304623 0.0350903 0.0286436 0.0189149 0.0353505 0.0180126 0.00465885 0.158607 0.00705042 0.0143114 0.0133962 0.0875709 0.0259688 0.0144553 
0.00850812 0.00031089 8.67205e-06 0.00435483 0.000770776 0.000281177 0.000859013 0.0994645 0.00666378 0.0369415 0.0284782 0.00197919 0.0185674 0.000191944 0.199233 0.00178841 0.112413 0.075922 0.000559449 0.00620624 0.0078768 0.0368883 0.00054829 0.0054393 0.330452 0.0152934 
0.0552603 0.0777186 0.0305133 0.0208217 0.0113789 0.0293085 0.00982897 0.050103 0.0199533 0.0757293 0.0424356 0.0231619 0.0243198 0.0810988 0.036757 0.025999 0.0248634 0.0893932 0.0342299 0.0394811 0.0126148 0.0343798 0.0522515 0.0573709 0.0268439 0.0141833 
0.0924938 0.0226338 0.0288275 0.0136296 0.00589149 0.0197867 0.0256155 0.0198634 0.0153961 0.0426453 0.0150278 0.0236687 0.0195416 0.0326629 0.108719 0.0298848 0.00883197 0.0402515 0.0684201 0.0425778 0.113068 0.0233543 0.0124546 0.113551 0.0165076 0.0446952 
0.0270355 0.0253603 0.0382415 0.00364287 0.0413751 0.00295228 0.033089 0.0128532 0.109454 0.0900263 0.00413649 0.00455967 0.017127 0.0326218 0.030362 0.00477665 0.0287044 0.00588775 0.115477 0.0375489 0.0287619 0.185092 0.00357612 0.0162934 0.0423402 0.0587038 
0.0243726 0.0497711 0.0610191 0.0171815 0.0261749 0.0139222 0.0355193 0.0368114 0.0218363 0.0433608 0.019019 0.0230588 0.0522284 0.0359519 0.0138049 0.0298587 0.0443506 0.138512 0.0350622 0.0193336 0.0878094 0.0514541 0.0381123 0.0285141 0.0311908 0.0217702 
0.0555971 0.0254886 0.0380876 0.030558 0.104501 0.0398317 0.0423931 0.0358902 0.014678 0.0320407 0.0265806 0.0314307 0.0185544 0.0867547 0.0383314 0.0181204 0.019191 0.0119357 0.0102435 0.00381828 0.0689832 0.0259687 0.0952284 0.0684562 0.0396037 0.0177332 
0.0554169 0.0108871 0.0999765 0.0249099 0.00161443 0.0182438 0.00895625 0.0307507 0.00331977 0.0138973 0.0689023 0.0221184 0.0346169 0.00655706 0.0893087 0.0154101 0.0504175 0.0371008 0.0922945 0.0503522 0.0295044 0.0211988 0.019209 0.0338785 0.0897064 0.0714517 
0.0401322 0.0416002 0.134728 0.0136339 0.114723 0.0273229 0.0475667 0.00379802 0.00962479 0.0245112 0.0161752 0.0474388 0.0502343 0.00306359 0.0573351 0.0137633 0.0374012 0.00923893 0.0263277 0.0105397 0.0554657 0.116247 0.0101747 0.00603576 0.0689624 0.0139559 
0.0449523 0.0122147 0.0528446 0.00979784 0.0338955 0.0619711 0.0958066 0.0145793 0.0168728 0.0209795 0.00518548 0.0280101 0.0565056 0.0112968 0.0877966 0.0226381 0.0948287 0.0178086 0.0308283 0.0667748 0.0233009 0.0362136 0.0416028 0.0154063 0.0639822 0.0339068 
0.0588194 0.00528419 0.066005 0.0173448 0.0182334 0.0835852 0.0782679 0.0187172 0.0169171 0.0366546 0.0230133 0.0110252 0.0848856 0.025341 0.0146716 0.0176792 0.244862 0.0471376 0.00367323 0.00123106 0.0258451 0.0299039 0.0349409 0.0185861 0.0107329 0.00664244 
0.0429762 0.0576199 0.0331606 0.019826 0.0522383 0.0849528 0.0282275 0.0242124 0.0177124 0.0729125 0.0297917 0.0363525 0.0511618 0.0261443 0.107007 0.0303022 0.0509397 0.0363427 0.0176161 0.0170321 0.0351551 0.0447381 0.0221134 0.00906197 0.0283872 0.0240154 
0.0277192 0.124401 0.0257438 0.0493474 0.0158162 0.170666 0.047147 0.00792497 0.0348091 0.0435217 0.0261853 0.0186216 0.0117139 0.0369075 0.0214745 0.0265978 0.00357766 0.0302324 0.0022539 0.00262535 0.00782013 0.0190496 0.0951785 0.0291508 0.0550068 0.0665078 
0.108081 0.119128 0.0481455 0.0346462 0.065096 0.0587801 0.0311556 0.0156357 0.0204011 0.0388968 0.0245338 0.0218916 0.0348632 0.0528589 0.0266687 0.061619 0.0186906 0.0255212 0.0229575 0.00866047 0.0203962 0.022969 0.054947 0.0320734 0.0136476 0.0177363 
0.082899 0.0111047 0.0210396 0.0151748 0.0432854 0.0861186 0.0206721 0.0853108 0.0326013 0.0252121 0.0174392 0.0217311 0.0497973 0.0125111 0.0801856 0.0372308 0.0587611 0.0577719 0.0242261 0.0225705 0.0376137 0.00472999 0.0725356 0.028215 0.0143768 0.0368857 
0.0162993 0.0413723 0.0186266 0.0147612 0.057369 0.0169848 0.0267006 0.0383564 0.0359105 0.0609908 0.0254377 0.0445215 0.0439937 0.0546167 0.0472251 0.0221141 0.139677 0.0412447 0.0133139 0.0509174 0.0141419 0.046493 0.0267223 0.0259096 0.044503 0.0317966 
0.0103929 0.0528184 0.0130468 0.049273 0.048705 0.0308466 0.0179184 0.0257722 0.0292797 0.0261323 0.0189577 0.0490074 0.00778961 0.0377302 0.0283384 0.0713674 0.0298794 0.118271 0.00670696 0.0240565 0.0144551 0.0602156 0.112199 0.0484961 0.0495913 0.0187528 
0.0269329 0.0486072 0.0193124 0.00319489 0.031785 0.00548429 0.0710894 0.0197884 0.0169283 0.220617 0.0115711 0.0208037 0.068463 0.0645022 0.0550078 0.032534 0.0105603 0.00452941 0.040973 0.0142339 0.00587145 0.182615 0.0077062 0.00710874 0.00620995 0.00357082 
0.0324052 0.0519941 0.0202436 0.00379272 0.0211958 0.00455734 0.102903 0.0215892 0.0220911 0.173865 0.0165781 0.022076 0.0565976 0.0954908 0.0643595 0.017696 0.00723891 0.00363203 0.0211499 0.0129248 0.00863175 0.197817 0.00377479 0.00707001 0.00549592 0.00482977 
0.0726813 0.0506806 0.0649148 0.0232153 0.0418811 0.0336634 0.024657 0.032525 0.0576293 0.0121481 0.0303265 0.0333752 0.0237893 0.108675 0.02266 0.0268574 0.0549215 0.0161744 0.0179281 0.0318377 0.0275538 0.0277357 0.0566304 0.026878 0.0644458 0.016215 
0.0220902 0.0140308 0.100982 0.0111765 0.0281864 0.0155427 0.0427157 0.0128451 0.0494476 0.0280765 0.0173195 0.047098 0.0128942 0.0221168 0.0289258 0.0507748 0.124377 0.0164276 0.0107311 0.0499579 0.0513548 0.0463962 0.0861832 0.0192042 0.0146667 0.076479 
0.0277876 0.0180713 0.0345978 0.0265772 0.0178631 0.0201177 0.0101748 0.0249094 0.0117137 0.0400508 0.0163092 0.030027 0.00683614 0.0195318 0.109323 0.0400634 0.114636 0.023351 0.00859477 0.185181 0.0164754 0.0362744 0.0173228 0.0291187 0.0534086 0.0616824 
0.0715658 0.036646 0.0397615 0.00717862 0.00470052 0.0122809 0.0455848 0.0254136 0.0785863 0.0408933 0.140885 0.0176097 0.0837648 0.0216807 0.0159612 0.115273 0.0289177 0.00312677 0.00563638 0.0294822 0.0258066 0.00930888 0.0346221 0.0218221 0.0785518 0.00493949 
0.00741502 0.13406 0.126093 0.00398648 0.00476013 0.0467108 0.0200693 0.051297 0.0296513 0.0996422 0.00910076 0.00673336 0.032395 0.108306 0.0525849 0.00269517 0.018241 0.055169 0.009915 0.0142378 0.00910585 0.0104379 0.0404667 0.0984189 0.00730451 0.00120241 
0.0105233 0.782224 0.000449743 0.0604264 0.000536204 0.000393906 0.000333193 0.0369824 0.000677469 0.000271441 0.000292999 0.0120507 0.000393214 0.0243815 0.0130488 0.00218603 0.000104916 0.0121338 0.00677324 0.000208633 0.000463619 0.00117973 0.000413318 0.00323175 0.0296632 0.000656471 
0.0397177 0.0177196 0.0406346 0.0144913 0.0447325 0.0291669 0.010966 0.0123858 0.0263357 0.0828661 0.0116619 0.063883 0.0151945 0.0279577 0.174801 0.0376211 0.0631426 0.054155 0.0275247 0.0298523 0.0157102 0.0533133 0.0233444 0.00952784 0.0244192 0.0488748 
0.0375537 0.0368216 0.0369759 0.0407197 0.0361146 0.0386735 0.040249 0.0355905 0.0375833 0.0407954 0.0431199 0.0357579 0.0370634 0.0389719 0.0351669 0.0399235 0.0434311 0.0360045 0.036142 0.0433096 0.0383393 0.0380282 0.035421 0.0399175 0.0366865 0.0416396 
0.00630529 0.0278714 0.105152 0.0352702 0.0255382 0.0182204 0.0574623 0.0327594 0.0461209 0.0758261 0.0242079 0.033982 0.0219477 0.013608 0.0562729 0.0190122 0.043023 0.0490991 0.0192619 0.0263839 0.0231685 0.0344352 0.0163227 0.0562636 0.0895749 0.0429105 
0.0235351 0.0567238 0.0382292 0.0581251 0.0571986 0.0250514 0.025005 0.0411787 0.0430328 0.00831414 0.0263459 0.026059 0.0551279 0.0119374 0.0463256 0.0735048 0.0275236 0.0258727 0.0400908 0.0116764 0.017578 0.0841989 0.0171789 0.0293161 0.0714757 0.0593944 
0.0804812 0.014893 0.0101382 0.00998752 0.0138829 0.0415186 0.0761746 0.0505304 0.0542203 0.0145963 0.0106366 0.0487907 0.0338462 0.0231975 0.023367 0.0483258 0.0434778 0.0746463 0.0282102 0.0260075 0.0774739 0.0889925 0.0156213 0.0247575 0.0493531 0.0168731 
0.0163055 0.0361107 0.0175067 0.0360299 0.0423604 0.149009 0.0535898 0.0329565 0.025094 0.0876655 0.019805 0.027894 0.0343286 0.0406248 0.0280175 0.0328164 0.0244447 0.0457122 0.0206273 0.0121488 0.0396698 0.0144461 0.0512174 0.0267456 0.026452 0.0584223 
0.0826418 0.00544161 0.0162899 0.0131772 0.00489446 0.00440735 0.00608056 0.0129524 0.0489817 0.00609986 0.0893989 0.0240032 0.00360089 0.0137937 0.0218739 0.00301877 0.0210862 0.0319548 0.104008 0.0402584 0.16109 0.0633958 0.0156771 0.010468 0.147414 0.0479924 
0.0183954 0.0111395 0.0121812 0.0289425 0.0391251 0.0525652 0.0146291 0.00907822 0.0938829 0.0711519 0.0410086 0.119877 0.0262871 0.0344149 0.0188109 0.00374917 0.0176924 0.0499387 0.0114274 0.0536428 0.0376822 0.0062486 0.0965283 0.044021 0.041969 0.0456112 
0.0215035 0.0497459 0.029875 0.0177789 0.0167834 0.0452544 0.0386018 0.0447041 0.0175401 0.0270621 0.00740291 0.0809905 0.0145691 0.0184486 0.241268 0.0207148 0.0406105 0.0302091 0.066154 0.0194489 0.00497008 0.0490326 0.0143489 0.0268924 0.0294978 0.0265929 
0.00837907 0.00543082 0.0726632 0.00431656 0.021149 0.0189094 0.0187612 0.116743 0.0186598 0.0160863 0.047534 0.00721886 0.0245456 0.0266665 0.0307222 0.0393696 0.0142644 0.13414 0.0172088 0.0031431 0.180145 0.0705109 0.0627739 0.00713203 0.00588167 0.0276454 
0.0675208 0.0179842 0.0965553 0.0134773 0.0238552 0.0196832 0.0196619 0.0453578 0.0612075 0.0383712 0.047071 0.0455072 0.0356897 0.0180777 0.0342326 0.0347749 0.011576 0.0313637 0.0176729 0.00387919 0.0264528 0.040122 0.107566 0.0148571 0.0899924 0.0374906 
0.08848 0.0223032 0.0193492 0.0266496 0.0151577 0.061697 0.0194859 0.0372069 0.0318515 0.0785508 0.0201043 0.050127 0.0348661 0.0114598 0.0420356 0.0443961 0.0332107 0.0403734 0.0190098 0.0519101 0.0371318 0.0411738 0.0362376 0.0743725 0.0372453 0.0256143 
0.0714165 0.000814236 0.0703175 0.0324155 0.164512 0.00513113 0.00534014 0.0362024 0.000831079 0.0144337 0.0200237 0.000790713 0.0950714 0.0784224 0.0163306 0.0891658 0.0633859 0.000796167 0.0247755 0.000957703 0.000847795 0.0597052 0.0125322 0.115633 0.000811248 0.0193363 
0.0151699 0.0132758 0.0110654 0.0103142 0.0145885 0.0842535 0.00536471 0.012014 0.0905151 0.232315 0.00398573 0.00650088 0.00891492 0.0107672 0.0073812 0.00685049 0.00789592 0.0159231 0.00260246 0.0054409 0.340502 0.0041948 0.00870078 0.0478237 0.00788751 0.0257515 
0.0777238 0.00811492 0.0247496 0.0180852 0.075438 0.0220744 0.0336301 0.131594 0.0179808 0.0272194 0.0606293 0.0118071 0.00880546 0.0157368 0.0497294 0.00391214 0.00606623 0.0321508 0.0104761 0.023061 0.018314 0.151828 0.0126066 0.146576 0.00556027 0.00613001 
0.0324603 0.00210937 0.051501 0.00717541 0.0448643 0.00551941 0.0182547 0.00373823 0.0176525 0.0914918 0.0259777 0.00944612 0.142859 0.000444101 0.0150608 0.0198255 0.0200578 0.00173781 0.0434245 0.140025 0.0593599 0.219952 0.000270351 0.00210541 0.0237751 0.000911828 
0.00531719 0.0178877 0.151678 0.0541927 0.113753 0.0184136 0.0167116 0.0233976 0.0119813 0.0601288 0.0554351 0.0673269 0.0289097 0.0099261 0.0274058 0.00766857 0.0208975 0.0192372 0.0302764 0.00524477 0.0730158 0.0219733 0.0384048 0.0144071 0.0889833 0.0174269 
0.051259 0.050497 0.0366969 0.0333225 0.0522629 0.0149384 0.0649621 0.0363296 0.069069 0.0181108 0.0270736 0.0338012 0.0577449 0.013112 0.0737288 0.0221467 0.0587473 0.0211689 0.0263206 0.0205278 0.00871638 0.0576118 0.0358498 0.0451647 0.0208605 0.0499766 
0.034005 0.0373354 0.021721 0.0422788 0.0113063 0.0312172 0.0189575 0.0518154 0.0242408 0.0250148 0.0199027 0.0395483 0.0206593 0.172781 0.0412863 0.0444649 0.0322815 0.0260458 0.11222 0.0323611 0.0390627 0.0256711 0.0295083 0.0151094 0.0225419 0.0286636 
0.0752949 0.0390511 0.093791 0.0253198 0.0313572 0.00733079 0.014961 0.029722 0.0410009 0.0399473 0.0152001 0.035725 0.0107246 0.0151615 0.0531123 0.0743422 0.100606 0.0224506 0.0240343 0.0498026 0.00552776 0.0445147 0.0598148 0.022686 0.0355564 0.0329655 
0.0137004 0.243521 0.0329383 0.0480539 0.0479366 0.0241581 0.0166084 0.045902 0.0735316 0.010875 0.0119879 0.0554504 0.025119 0.021085 0.0137779 0.0200204 0.00152605 0.0558328 0.00175462 0.00605163 0.0337574 0.00612132 0.0290401 0.0130202 0.085912 0.0623181 
0.0403004 0.0216952 0.0138234 0.036792 0.136875 0.0694438 0.0233736 0.0184095 0.0374773 0.00994843 0.0291169 0.0111626 0.037476 0.0142668 0.082277 0.0299964 0.0213629 0.10086 0.0333026 0.0198699 0.0300137 0.00895687 0.0535104 0.0793058 0.0164518 0.0239315 
0.0223713 0.0441488 0.0275668 0.0424735 0.0134531 0.0565173 0.0314222 0.190218 0.0369248 0.0234104 0.0524196 0.0156489 0.0209569 0.051767 0.0215904 0.0208161 0.0243865 0.0682848 0.038619 0.0175641 0.0220355 0.0467693 0.0333744 0.0241134 0.020221 0.0329267 
0.0163549 0.00885511 0.0236701 0.0311865 0.0182906 0.0142312 0.0140499 0.0731416 0.01766 0.0268386 0.0174068 0.0206091 0.0368431 0.0213327 0.15895 0.0225928 0.0504462 0.0159534 0.00976195 0.0954428 0.0261727 0.0227809 0.0248078 0.18598 0.0356299 0.0110114 
0.0569334 0.0154717 0.0781234 0.0257588 0.0963489 0.0469407 0.0178206 0.0162993 0.028196 0.0196241 0.0362361 0.0234141 0.0406113 0.0132266 0.0389135 0.0466838 0.00781918 0.0338107 0.00935801 0.00766731 0.0213585 0.115379 0.0135219 0.0405535 0.0305068 0.119423 
0.0380259 0.0255495 0.0564441 0.0191096 0.0280562 0.0163439 0.016466 0.0177044 0.0277883 0.0330902 0.0371758 0.0330072 0.0970471 0.074546 0.0727114 0.0233767 0.0293092 0.0518516 0.0372578 0.0202626 0.0151914 0.0351623 0.0608249 0.0344677 0.0710484 0.0281818 
0.018048 0.0372094 0.0273094 0.0482473 0.0428559 0.0417869 0.0250226 0.053872 0.0309697 0.0457742 0.064539 0.0359046 0.0774573 0.115451 0.00950535 0.0340947 0.0383672 0.0291182 0.0312519 0.0271213 0.0286078 0.0287154 0.040912 0.022617 0.0156122 0.0296298 
0.0321836 0.00864257 0.127514 0.00876021 0.0148279 0.102059 0.0113545 0.00256964 0.0222759 0.0315409 0.028819 0.0136983 0.0174827 0.0210671 0.0258662 0.107829 0.0808776 0.00982756 0.00774599 0.0281286 0.0144195 0.035211 0.00848588 0.0112701 0.218502 0.00904087 
0.0760528 0.0107175 0.0163402 0.047882 0.0175706 0.0376598 0.0248634 0.0682608 0.0127336 0.0708646 0.0391079 0.0224549 0.0380835 0.0231991 0.165874 0.0181554 0.00911172 0.0166888 0.0325837 0.0517329 0.011386 0.0110251 0.0173621 0.0146099 0.11425 0.0314297 
0.0319995 0.0255882 0.0207517 0.0254117 0.11241 0.0227748 0.0365159 0.0590242 0.0311139 0.0112587 0.0367881 0.0278027 0.0424631 0.0260985 0.040764 0.0421791 0.0341932 0.0473009 0.00937779 0.0209146 0.0320839 0.0385913 0.115164 0.020718 0.0618477 0.0268644 
0.0172597 0.0121065 0.0247578 0.0249779 0.0991839 0.0752636 0.0322959 0.0365719 0.00836185 0.0191435 0.085048 0.0179454 0.0534673 0.0221069 0.0346348 0.00684736 0.0722201 0.0522051 0.00693313 0.00730025 0.148076 0.00759359 0.0144513 0.00796177 0.0515877 0.0616989 
0.0586125 0.0511151 0.0977983 0.00918187 0.00654886 0.0247007 0.0127838 0.0480177 0.0205294 0.0762973 0.0372269 0.033705 0.044594 0.0773176 0.066147 0.0544274 0.0078686 0.0197264 0.0456169 0.015839 0.0263392 0.0252745 0.0328284 0.0219044 0.0273668 0.0582325 
0.0196549 0.0145236 0.0223621 0.0768691 0.0125199 0.0321448 0.111296 0.0142608 0.0550485 0.0125593 0.0091138 0.0158382 0.273701 0.0457827 0.0248289 0.0445544 0.0292869 0.0314123 0.0206183 0.00445861 0.0145754 0.0113054 0.0270076 0.0258024 0.0252784 0.0251964 
0.031981 0.011501 0.0572105 0.00736571 0.0583065 0.012846 0.0176953 0.0349573 0.0715256 0.0638399 0.0745172 0.013189 0.0222432 0.062656 0.00924925 0.0897481 0.0140843 0.0753085 0.0188195 0.0358294 0.0334921 0.0178547 0.0954512 0.0131269 0.0235267 0.0336752 
0.0489462 0.0357981 0.024551 0.0234233 0.0199069 0.0102794 0.0158659 0.0339124 0.0127894 0.038042 0.0160335 0.00927815 0.068799 0.0595019 0.0453867 0.0238696 0.144141 0.0669143 0.0170969 0.0873024 0.0148857 0.0362627 0.0303282 0.0316892 0.0659299 0.0190663 
0.0130719 0.0224929 0.0362208 0.0230506 0.0344772 0.00842986 0.0230058 0.0439929 0.0557193 0.0166679 0.0090924 0.0649749 0.0371604 0.0058011 0.08812 0.0256253 0.0599688 0.0189996 0.0159398 0.123171 0.00472895 0.144367 0.0149544 0.0564186 0.0291174 0.0244318 
0.00490723 0.0225667 0.044978 0.0599985 0.00524125 0.00140991 0.0331891 0.000297567 0.0808421 0.0155463 0.0112033 0.0216058 0.00957137 0.00373947 0.375302 0.0015121 0.218324 0.0133005 0.000449425 0.00449211 0.000263972 0.0268178 0.00593924 0.0291343 0.00651432 0.00285388 
0.00690397 0.0165249 0.00998983 0.0141105 0.0314316 0.0565386 0.0160741 0.0404367 0.0443461 0.0162166 0.0110878 0.104138 0.0187469 0.00803798 0.106975 0.0201386 0.0933538 0.0197821 0.00955408 0.168775 0.0116218 0.0959274 0.0151024 0.0299935 0.0180401 0.0161522 
0.00944407 0.0252469 0.0527114 0.0214818 0.0407763 0.0117216 0.0215984 0.0449224 0.0544864 0.0192222 0.0100625 0.0293956 0.0331151 0.00574641 0.0967746 0.0236713 0.0844542 0.0249439 0.016618 0.118596 0.00548181 0.140191 0.0195763 0.0398145 0.0268494 0.023098 
0.0449728 0.0690562 0.0317485 0.136172 0.0391693 0.028837 0.0163701 0.00442301 0.0152858 0.044246 0.0345882 0.0913002 0.000418732 0.0312609 0.0242357 0.000451046 0.0053974 0.0451514 0.0228661 0.0004893 0.0783995 0.00687413 0.108448 0.0162352 0.0584409 0.0451618 
0.0258427 0.00819217 0.0207063 0.0400455 0.0660874 0.0191869 0.0242582 0.0382681 0.034596 0.0331934 0.0230612 0.0164002 0.0982239 0.0413137 0.0103553 0.0283291 0.0293526 0.0328684 0.0167479 0.0271668 0.0401282 0.0743074 0.0639568 0.0450256 0.0367317 0.105655 
0.0102209 0.0177276 0.0443993 0.0120867 0.0045402 0.0134523 0.0174515 0.0395452 0.0118766 0.0122257 0.03285 0.0360474 0.0496271 0.0170237 0.131176 0.0274564 0.0221431 0.0100186 0.00782701 0.0428969 0.0711462 0.0311762 0.0730778 0.2027 0.0540431 0.00726445 
0.0180532 0.144429 0.0357017 0.0284704 0.0371869 0.0549964 0.0326622 0.0153209 0.0378972 0.0390673 0.0069313 0.0487633 0.0472594 0.101337 0.0204086 0.0205036 0.0253083 0.0376413 0.0242709 0.0419234 0.0292649 0.0137714 0.0343269 0.0351987 0.0542753 0.0150302 
0.0375619 0.0753526 0.00638511 0.000515847 0.00774964 0.00662708 0.0879518 0.00801582 0.0676049 0.0567913 0.00987613 0.0241464 0.03725 0.0463062 0.0983117 0.0356327 0.086734 0.00333699 0.058552 0.0908525 0.0295622 0.0249664 0.0144297 0.0151182 0.0461824 0.0241864 
0.0179562 0.00668878 0.312005 0.0556994 0.0813277 0.0182802 0.0108904 0.00541532 0.00464377 0.0578354 0.0102096 0.106886 0.00777317 0.0173321 0.0269905 0.0164772 0.0038379 0.032266 0.0305272 0.0170875 0.00990193 0.00775412 0.0205842 0.0310826 0.0205205 0.0700283 
0.0292055 0.0247684 0.0401216 0.0248639 0.0173144 0.0184768 0.0174825 0.0778686 0.0214802 0.125483 0.0365568 0.0447145 0.0285785 0.0220779 0.110634 0.0228985 0.0252202 0.033674 0.0186244 0.0378278 0.0368176 0.0179262 0.0581082 0.0276052 0.0556882 0.0259832 
0.0133059 0.0366969 0.0307797 0.0124564 0.0154395 0.0111069 0.0157699 0.00944322 0.0266413 0.047654 0.0259022 0.048899 0.0164522 0.0109214 0.0688456 0.0284568 0.0825793 0.0403684 0.00650678 0.197933 0.0128183 0.0172862 0.0116241 0.00896362 0.0297312 0.173418 
0.00775521 0.00882509 0.0132029 0.036674 0.0103988 0.00573055 0.0119682 0.0290778 0.0227296 0.0276352 0.0214436 0.00888139 0.019364 0.0110805 0.0549075 0.041404 0.0209348 0.0130044 0.000834789 0.193657 0.065521 0.0880926 0.0599113 0.221212 0.00449088 0.00126365 
0.00466557 0.00935506 0.00736961 0.00898278 0.0155112 0.0427959 0.0557145 0.0278209 0.0205643 0.133899 0.0963398 0.106803 0.043488 0.0105953 0.051737 0.0615259 0.0263659 0.0664859 0.0212103 0.0157262 0.0381494 0.023145 0.0139664 0.0180506 0.0143484 0.0653851 
0.0124817 0.0219057 0.106155 0.0439044 0.044209 0.0280401 0.0599143 0.0141148 0.0429446 0.0288882 0.0067059 0.0164028 0.0156582 0.0582426 0.054527 0.0201301 0.0108155 0.0126546 0.0133286 0.00822774 0.0211478 0.0364664 0.159006 0.0332086 0.0852006 0.0457197 
0.0129445 0.00630024 0.0180851 0.0541575 0.0984401 0.084758 0.0252374 0.0154884 0.0131059 0.0180686 0.0538531 0.0309023 0.0764671 0.0125256 0.0280149 0.00815712 0.0854904 0.0263701 0.00767199 0.0235461 0.122722 0.0112362 0.0136818 0.00476399 0.0359568 0.112055 
0.176328 0.00684224 0.0115182 0.0332466 0.0517781 0.023727 0.0300049 0.0403015 0.0717499 0.0385003 0.00275916 0.0109872 0.04411 0.00477737 0.0529153 0.00774708 0.014267 0.00310399 0.0133437 0.0176914 0.0975664 0.00339715 0.0591403 0.024256 0.1403 0.0196416 
0.0204265 0.033612 0.0543057 0.0512757 0.013962 0.013357 0.0366111 0.0158287 0.0931585 0.0449915 0.0164432 0.0112888 0.0490664 0.00874952 0.0674116 0.0316445 0.0880476 0.00917593 0.0509273 0.0480122 0.00601156 0.0160141 0.0571603 0.0756585 0.0369082 0.0499517 
0.0933558 0.0138058 0.0343682 0.0198234 0.0466372 0.021748 0.0209036 0.0354636 0.0426894 0.036733 0.0130151 0.0915916 0.0310225 0.020636 0.0333201 0.0602386 0.0321249 0.0150958 0.0042015 0.0365672 0.0419277 0.110024 0.0140736 0.0404641 0.0216412 0.0685276 
0.0473669 0.00718185 0.042346 0.00112042 0.00890506 0.00114782 0.0494128 0.00470009 0.0182627 0.0311728 0.0290669 0.0341069 0.097176 0.00496894 0.0640215 0.0278753 0.0125773 0.0339143 0.0347048 0.0274396 0.0797855 0.0284762 0.0139215 0.0685379 0.118754 0.113057 
0.222887 0.0319381 0.0388831 0.0538116 0.01527 0.0461259 0.0169215 0.0847908 0.0547343 0.0103007 0.0215391 0.0110915 0.00260967 0.00301046 0.0170303 0.0110255 0.00261938 0.00808878 0.0124875 0.0142292 0.0787754 0.0418621 0.0607375 0.111918 0.00379232 0.0235204 
0.0379605 0.00834341 0.0351145 0.0088852 0.0802065 0.0105329 0.00912712 0.0200699 0.0284485 0.0152218 0.0373767 0.00564153 0.00895562 0.0256725 0.165051 0.0606013 0.17638 0.0158484 0.0158667 0.0721743 0.0137284 0.0437289 0.020702 0.025567 0.012577 0.0462176 
0.0915536 0.0395615 0.0248172 0.0279495 0.0303701 0.0280043 0.0293808 0.0386867 0.0359897 0.0406887 0.0294751 0.0387332 0.043723 0.033507 0.0610044 0.0206885 0.0609377 0.0442676 0.0244697 0.0249273 0.0229638 0.0407655 0.0465749 0.0493039 0.0507678 0.0208884 
0.020093 0.162791 0.0518088 0.0546791 0.0212023 0.0116195 0.0114092 0.0454976 0.00240005 0.0352645 0.0370677 0.0183663 0.0500173 0.0154992 0.0471843 0.0299327 0.0110952 0.0760724 0.0321106 0.0169127 0.025072 0.0332559 0.0347084 0.0247283 0.043469 0.0877428 
0.016412 0.0218654 0.0220237 0.0328754 0.0126436 0.0322265 0.0259115 0.127594 0.0632725 0.0407274 0.100109 0.0248681 0.0925659 0.0527472 0.0166273 0.0288342 0.0466734 0.0122779 0.0166466 0.0191342 0.0400672 0.0257041 0.0483763 0.0150279 0.024949 0.0398398 
0.0219925 0.0112325 0.118695 0.0643724 0.0225994 0.0149988 0.0473617 0.0168559 0.0261587 0.0256176 0.0077231 0.0203989 0.0539815 0.0485173 0.0794668 0.0158378 0.0225867 0.0368678 0.0116303 0.0950066 0.00496953 0.149084 0.00821556 0.032355 0.0185039 0.0249705 
0.0408359 0.026487 0.0263459 0.01704 0.0647615 0.0239491 0.101231 0.0440208 0.0146826 0.0275511 0.0702021 0.011775 0.0482442 0.0392909 0.0302472 0.0182693 0.0123632 0.0197488 0.00730913 0.0226858 0.0741095 0.0293287 0.0987458 0.0245295 0.0462745 0.0599711 
