0.0122121 0.00555891 0.0157466 0.0198704 0.0476387 0.0430684 0.0144476 0.036683 0.0427839 0.0261682 0.0117314 0.149869 0.028302 0.00985954 0.148091 0.0480879 0.0168085 0.00677103 0.00580786 0.0346636 0.0226519 0.0290109 0.00292341 0.0301841 0.091255 0.0478107 0.0519941 
0.0125441 0.0230698 0.015019 0.0226739 0.115035 0.0549853 0.021189 0.0277885 0.0498183 0.0399081 0.0268596 0.0400968 0.0694354 0.0138072 0.0319448 0.029577 0.024676 0.0227121 0.0130926 0.0316102 0.0791649 0.020617 0.0155082 0.0540271 0.066463 0.0256859 0.052691 
0.0236071 0.0151938 0.0223116 0.021437 0.0260901 0.0339849 0.0421126 0.0469094 0.0634878 0.0178399 0.0160925 0.0462626 0.0958442 0.032315 0.0452491 0.0488797 0.0127476 0.0184569 0.0186618 0.0711334 0.0476268 0.0258074 0.0191925 0.0179526 0.121772 0.0260754 0.0229569 
0.0385895 0.0116694 0.0608581 0.0122141 0.0246715 0.0653037 0.0906442 0.0358161 0.0244106 0.0265583 0.0447045 0.0559762 0.0236045 0.0199903 0.0204946 0.0255782 0.0549135 0.0193017 0.0997463 0.0814267 0.00768853 0.0526699 0.0081537 0.0146507 0.0145757 0.0350797 0.0307099 
0.017494 0.00636699 0.0144908 0.034053 0.0175078 0.0214075 0.0921518 0.0219915 0.0330847 0.0352107 0.0499716 0.035166 0.0215629 0.129733 0.105538 0.0371953 0.0100061 0.0237789 0.0114584 0.0365014 0.052054 0.031548 0.0164794 0.0436555 0.029806 0.0347326 0.0370545 
0.0274149 0.0156845 0.0433876 0.00695957 0.0952439 0.0306336 0.0067721 0.0173092 0.0497539 0.163567 0.0128348 0.0280397 0.0291766 0.0529482 0.03863 0.0146274 0.00292039 0.0295401 0.0524851 0.00320982 0.0172716 0.0279355 0.0484941 0.00626362 0.00419793 0.0555218 0.119177 
0.0134657 0.00612132 0.0122107 0.00757104 0.0849635 0.0181668 0.0067673 0.0174375 0.0300692 0.163266 0.0237911 0.0180266 0.0877599 0.0302599 0.0843054 0.0225125 0.00269929 0.0254951 0.0592859 0.0308226 0.0179522 0.0285541 0.0201146 0.0363194 0.0188105 0.0403355 0.092916 
0.0135306 0.0109294 0.0314041 0.0275583 0.0143379 0.0596338 0.0478948 0.0525284 0.0272483 0.0167642 0.0211223 0.0359068 0.0636812 0.0166642 0.0316644 0.0480405 0.0103443 0.0202523 0.0270049 0.0319571 0.067657 0.0433986 0.0178044 0.0331889 0.17142 0.0306121 0.0274508 
0.0136765 0.0103739 0.00583483 0.0183422 0.0366314 0.0438332 0.0250227 0.0248524 0.0342324 0.0397926 0.0340924 0.0277381 0.132798 0.00811592 0.0846509 0.0390018 0.0111141 0.0250583 0.0197508 0.0808699 0.0452229 0.0228063 0.0228091 0.0666795 0.0639501 0.00984341 0.052906 
0.00773098 0.00209211 0.00709357 0.0360414 0.019131 0.0825181 0.13292 0.0229507 0.0584394 0.0739351 0.0359889 0.0501013 0.0844295 0.0102125 0.0571973 0.0374399 0.00653443 0.0344642 0.00525853 0.0351515 0.0377915 0.0134612 0.015541 0.0371177 0.0764224 0.013735 0.00630048 
0.133871 0.00642043 0.00655158 0.00646593 0.322463 0.00652801 0.00645248 0.00653054 0.00634611 0.0391756 0.00666754 0.194622 0.0613055 0.00632352 0.00606304 0.00664674 0.0469889 0.00637077 0.00669209 0.00596768 0.00640907 0.0370977 0.00650564 0.00601062 0.00638628 0.0429609 0.00617688 
0.00637097 0.00936241 0.0146512 0.0100011 0.0887442 0.069844 0.0165662 0.0611496 0.0270134 0.0197084 0.0509921 0.0123968 0.0510143 0.0135151 0.0116586 0.0312343 0.0107095 0.0346735 0.0262311 0.0326261 0.0431742 0.0218115 0.0181059 0.156442 0.045345 0.0523867 0.0642712 
0.0214689 0.00750356 0.0156164 0.01953 0.0164601 0.0393593 0.0225619 0.0135624 0.0207412 0.0360109 0.126268 0.0527124 0.0596363 0.0127366 0.0156378 0.0443354 0.0529363 0.0192763 0.0399527 0.0780494 0.0317318 0.0314561 0.0184081 0.0521932 0.0553551 0.0805352 0.0159643 
0.00638584 0.0160513 0.0750655 0.0604278 0.0956705 0.0380981 0.0204934 0.0219515 0.0130006 0.0249033 0.023344 0.0577811 0.087125 0.024008 0.0182956 0.0451736 0.0262466 0.00924703 0.0910576 0.105918 0.0305875 0.0268415 0.00955827 0.00928139 0.0220393 0.0150173 0.0264301 
0.0219821 0.00103405 0.00156302 0.00555418 0.0159613 0.0634673 0.00136339 0.00274914 0.00285508 0.123762 0.0049559 0.00513343 0.106527 0.14774 0.0688722 0.0101438 0.0075189 0.00813489 0.1834 0.107525 0.00566424 0.00727327 0.0118424 0.0117112 0.011207 0.0462018 0.015858 
0.00200942 0.00367664 0.0234063 0.034413 0.0238104 0.00595601 0.0113619 0.01062 0.0830914 0.0201173 0.280642 0.0239336 0.22953 0.0357686 0.034399 0.0217963 0.00487728 0.00738268 0.0289546 0.0439918 0.0196159 0.000814059 0.00305124 0.01999 0.0115329 0.000322632 0.0149351 
0.0272512 0.0288517 0.0475637 0.0168567 0.0632372 0.0299144 0.0382625 0.00298713 0.0798055 0.0479142 0.00676076 0.235806 0.0656282 0.0131227 0.0207579 0.0135984 0.000250159 0.00364954 0.00587304 0.0233173 0.0428796 0.00499488 0.0131684 0.074755 0.00961561 0.0723621 0.0108162 
0.0193825 0.0437931 0.00957779 0.0228217 0.0463741 0.0864534 0.0172511 0.0958712 0.0297163 0.0367762 0.0221087 0.0133879 0.0258731 0.014871 0.0301697 0.0292012 0.0446627 0.0230733 0.0158121 0.0507214 0.0508331 0.0891236 0.0254112 0.032437 0.0204781 0.021156 0.0826625 
0.0131109 0.0123116 0.00670457 0.0176323 0.0244677 0.0251239 0.00947213 0.0090651 0.034311 0.0651644 0.0147509 0.0345359 0.0197847 0.0144399 0.0304524 0.0747277 0.00277526 0.0206863 0.0151446 0.342908 0.0474244 0.0461399 0.00667885 0.0521164 0.0259565 0.00693651 0.0271782 
0.0194787 0.00441161 0.0582921 0.0360474 0.0328235 0.00831691 0.0221852 0.0135218 0.0158004 0.00968712 0.119909 0.0532679 0.0226453 0.00885167 0.0293295 0.0772005 0.0158257 0.0895012 0.0606156 0.0555293 0.00950879 0.081526 0.00886505 0.0101775 0.0209872 0.030418 0.0852766 
0.0422094 0.0160921 0.0365535 0.0345529 0.00956313 0.0280321 0.0186513 0.0169301 0.00932356 0.0294631 0.0196256 0.0245558 0.042857 0.0496038 0.0365933 0.0193818 0.062496 0.0238172 0.0472891 0.0705486 0.00610611 0.0813961 0.0200243 0.154346 0.0163089 0.0329352 0.0507436 
0.020118 0.116148 0.0996035 0.0251732 0.0175615 0.0164976 0.0154497 0.040143 0.018246 0.0365106 0.0167938 0.0140125 0.0163089 0.020477 0.0520594 0.098348 0.0531937 0.024456 0.0235272 0.0264658 0.0293679 0.0186067 0.0161088 0.0298462 0.024848 0.0429677 0.0871613 
0.00925632 0.0252854 0.044261 0.0272755 0.0282783 0.0357863 0.0385909 0.0241285 0.0255908 0.0521166 0.0339869 0.0450441 0.0407284 0.0420946 0.042238 0.0791887 0.0212404 0.0114046 0.0411068 0.0244442 0.0280757 0.0413931 0.0456492 0.0427998 0.0936111 0.0353886 0.0210361 
0.016894 0.0175698 0.029736 0.0448371 0.0288379 0.0187371 0.0507715 0.0321346 0.0309258 0.0493764 0.020552 0.0381029 0.0510655 0.0251026 0.0534351 0.0145896 0.0230353 0.0341024 0.0510855 0.042238 0.0219619 0.0955122 0.0069673 0.0878658 0.038126 0.0248896 0.051548 
0.0341893 0.0160521 0.00583758 0.0211984 0.0310653 0.0195233 0.0211845 0.0177283 0.0660715 0.0382916 0.0601823 0.012245 0.0566609 0.0195785 0.0499793 0.0231727 0.0295118 0.0184899 0.0310912 0.0642545 0.033851 0.0329032 0.0671361 0.0601731 0.0956837 0.0632212 0.010724 
0.0212993 0.0169467 0.0636453 0.0463099 0.0850626 0.0361576 0.01001 0.0270596 0.0323635 0.0118187 0.0193162 0.0247181 0.0347753 0.0519577 0.0672753 0.0371697 0.017183 0.0189677 0.01739 0.091865 0.0131627 0.0319905 0.022691 0.0771096 0.0282735 0.0169307 0.0785507 
0.0155311 0.0395 0.0452964 0.0652215 0.0653155 0.0260476 0.044243 0.0508321 0.0299657 0.0180349 0.027255 0.028991 0.116383 0.0154834 0.0346904 0.0193758 0.0136938 0.0119566 0.0628694 0.0171618 0.0347558 0.072482 0.0136381 0.0601744 0.0365381 0.0178241 0.0167391 
0.00703262 0.0104553 0.00542935 0.0955915 0.0674383 0.0388679 0.0202887 0.0550313 0.0333691 0.0273463 0.0254024 0.0129479 0.111287 0.0122548 0.0411685 0.00983885 0.0409462 0.00838111 0.0303625 0.0272498 0.156849 0.0431012 0.0277947 0.0222095 0.0291084 0.0156435 0.0246035 
0.00103354 0.00458762 0.0111303 0.0151994 0.0207794 0.0581602 0.0199623 0.0437035 0.0866371 0.012742 0.0123209 0.0662082 0.0410321 0.00777078 0.0143027 0.061887 0.0095938 0.129638 0.033147 0.0322535 0.0220619 0.0987277 0.0554929 0.0665871 0.0344627 0.00656939 0.034009 
0.0149899 0.00696182 0.117591 0.0311865 0.0106507 0.0350473 0.0391403 0.0144178 0.0190885 0.0150989 0.0458199 0.011872 0.0180145 0.120568 0.0399553 0.0291788 0.0541059 0.0192566 0.0056078 0.104725 0.0470303 0.0419475 0.0405697 0.0396857 0.0372323 0.0144657 0.0257919 
0.0248892 0.00991893 0.0125271 0.0237443 0.0331157 0.03437 0.0449751 0.0465265 0.0306187 0.0468329 0.0455401 0.0362101 0.0971479 0.01248 0.0397371 0.0378944 0.0144599 0.026669 0.0494364 0.0390356 0.0403461 0.0213606 0.0210802 0.0571961 0.115044 0.0181214 0.0207226 
0.00927389 0.0242746 0.00561944 0.00346383 0.0594989 0.0190366 0.00952856 0.041933 0.0232681 0.0193848 0.0382613 0.0403405 0.0856631 0.0318779 0.0199638 0.0809017 0.00316336 0.0775981 0.0133994 0.0572584 0.0344472 0.0992436 0.0367942 0.0413944 0.0220036 0.0574097 0.0449979 
0.0175012 0.0196678 0.00956885 0.0264589 0.0267916 0.0288804 0.0351773 0.042204 0.0194182 0.0253447 0.0467249 0.0532932 0.0765074 0.0139685 0.0575812 0.063026 0.0170888 0.0191379 0.0304324 0.079065 0.0703483 0.0339595 0.016921 0.0568056 0.0551106 0.0444691 0.0145476 
0.00766969 0.00913628 0.0241609 0.00970387 0.0638173 0.119657 0.0207307 0.0763245 0.0517557 0.00967577 0.0409899 0.012245 0.082989 0.00908409 0.0335477 0.0273763 0.0117566 0.0314928 0.0153333 0.0304498 0.0406641 0.0921075 0.0285186 0.0424808 0.0409507 0.0275819 0.0397998 
0.0197342 0.0348224 0.0325148 0.0168111 0.077515 0.0142995 0.0136814 0.0584425 0.00748386 0.0116028 0.0207422 0.0400434 0.108233 0.0409264 0.0439366 0.00415495 0.00400725 0.0107709 0.0171229 0.0573849 0.0308313 0.00326486 0.120406 0.00307019 0.162962 0.0270633 0.0181724 
0.0203131 0.00524776 0.0315605 0.0116757 0.0620617 0.056971 0.00680754 0.00397187 0.0457179 0.00598164 0.0281996 0.0208726 0.0314957 0.0357669 0.00704995 0.301874 0.0162018 0.0226248 0.00970562 0.0115873 0.0269511 0.00939455 0.0373793 0.0215965 0.02151 0.055261 0.0922208 
0.00660582 0.00569358 0.0387482 0.0253463 0.0248763 0.0204633 0.00761619 0.0196365 0.0176604 0.0114914 0.0209471 0.0193025 0.10062 0.0398208 0.0730161 0.0525962 0.0346266 0.00857042 0.0159617 0.145816 0.026739 0.0178712 0.0140801 0.111931 0.0526413 0.0294855 0.0578365 
0.00323483 0.0114029 0.000554089 0.000546845 0.235821 0.00331257 0.00327424 0.000552308 0.00858738 0.000552201 0.0315781 0.00849538 0.0051848 0.000534801 0.000512771 0.00337282 0.593452 0.00862073 0.00622569 0.00302823 0.0113828 0.00836657 0.0390644 0.0106751 0.000540108 0.000605557 0.000522399 
0.0107597 0.0141832 0.0317346 0.0105097 0.117488 0.0317765 0.00754209 0.0448998 0.03899 0.0150523 0.0149531 0.0279354 0.0479666 0.00735568 0.103129 0.0501364 0.0206027 0.0652163 0.019872 0.0211308 0.0267925 0.0532136 0.0181615 0.0414984 0.0683858 0.0222068 0.0685073 
0.00380369 0.0138741 0.00857765 0.058874 0.0363753 0.0815978 0.049915 0.110223 0.0663349 0.013704 0.0560857 0.0150029 0.0281571 0.0555112 0.0315719 0.0135714 0.00554901 0.0205834 0.0737144 0.0587808 0.0413201 0.0292115 0.00584497 0.0284412 0.0659096 0.0131347 0.0143307 
0.0876901 0.0287203 0.0927829 0.0172021 0.0421499 0.0207617 0.0238276 0.0272153 0.0265734 0.0167566 0.0293291 0.0253955 0.0223546 0.0251392 0.0506888 0.0630126 0.0171054 0.0194282 0.0405167 0.0312555 0.0198969 0.0305557 0.0749598 0.0560361 0.0304002 0.0349708 0.0452748 
0.0391444 0.0742443 0.0728466 0.00636591 0.0562609 0.0157134 0.172768 0.0211438 0.0503209 0.0411865 0.00883898 0.0349892 0.0418098 0.0201771 0.0174184 0.0218892 0.0306954 0.0224579 0.0161047 0.0132551 0.00724552 0.0159047 0.113688 0.0199098 0.0046623 0.0272852 0.0336744 
0.00544133 0.011909 0.0165322 0.0265068 0.0161666 0.00617824 0.0407587 0.0287561 0.076355 0.0097989 0.0248145 0.0177731 0.156137 0.0147283 0.189601 0.0525876 0.00793162 0.0200045 0.0242214 0.0464342 0.0134188 0.0383307 0.0084286 0.0517124 0.0283037 0.0466496 0.0205208 
0.00544133 0.011909 0.0165322 0.0265068 0.0161666 0.00617824 0.0407587 0.0287561 0.076355 0.0097989 0.0248145 0.0177731 0.156137 0.0147283 0.189601 0.0525876 0.00793162 0.0200045 0.0242214 0.0464342 0.0134188 0.0383307 0.0084286 0.0517124 0.0283037 0.0466496 0.0205208 
0.00726657 0.00279535 0.0215634 0.0417197 0.0278892 0.0611614 0.0340596 0.0293488 0.0335687 0.0832179 0.0138658 0.0733358 0.116801 0.0108999 0.0338491 0.0214606 0.00383087 0.0075547 0.0149681 0.0333364 0.0159431 0.0169837 0.0303837 0.041918 0.122555 0.0417834 0.05794 
0.013116 0.0123909 0.107082 0.016336 0.0796992 0.0157169 0.0140226 0.10775 0.0187908 0.0169674 0.0699944 0.0242463 0.0429936 0.0451901 0.0280909 0.022194 0.050386 0.0991776 0.00902685 0.0257419 0.026074 0.0252857 0.0368924 0.0260826 0.03729 0.0127255 0.016737 
0.00494052 0.00801654 0.0058717 0.0284233 0.020249 0.0646859 0.0145655 0.0815585 0.0297309 0.0189032 0.0222845 0.21342 0.0544793 0.00856827 0.0224261 0.0443091 0.0216358 0.0112002 0.0502525 0.0139399 0.0175621 0.0880725 0.0132243 0.0257724 0.046383 0.00936537 0.0601595 
0.404569 0.0158859 0.000252795 0.000405421 0.0156444 0.00159003 0.00118261 1.57489e-05 1.53042e-05 0.0192258 0.0594292 0.00152916 0.00129027 0.00695387 0.0259678 0.00105793 1.88863e-05 1.53637e-05 0.00106514 0.0448442 0.000479139 0.000611339 0.0909331 0.00349333 0.226411 0.00105331 0.0760595 
0.00685104 0.015037 0.0242745 0.0134498 0.0100892 0.0711035 0.014271 0.126211 0.00893246 0.079779 0.0677513 0.0300846 0.0190498 0.106208 0.0149918 0.12693 0.0351299 0.016502 0.00780553 0.0415824 0.0442078 0.0190706 0.0108015 0.0116422 0.00847626 0.0446873 0.0250801 
0.0096277 0.000667216 0.00732205 0.0103102 0.0186501 0.0208098 0.0783664 0.0128935 0.0091859 0.0070346 0.175126 0.0131716 0.0634253 0.0265976 0.140638 0.0119534 0.00216383 0.00240406 0.000780772 0.0157659 0.0175649 0.131318 0.048768 0.0374956 0.0152614 0.0722841 0.0504145 
0.0105159 0.0173298 0.0304442 0.0294221 0.0908214 0.0561389 0.05114 0.0353654 0.0157747 0.00689499 0.0230945 0.0541566 0.0242246 0.0698279 0.0190171 0.0631681 0.00599194 0.0441871 0.00934402 0.0571491 0.0552897 0.0224814 0.0549133 0.0686006 0.0439341 0.0195884 0.0211841 
0.0482312 0.0164609 0.0508582 0.0145397 0.0122971 0.00255597 0.00953138 0.0443571 0.0275526 0.0141791 0.0250544 0.091807 0.0265296 0.00803267 0.0459153 0.00835395 0.0112638 0.0107565 0.109999 0.0276942 0.0586949 0.0740121 0.111345 0.0245709 0.055935 0.0369448 0.0325275 
0.026082 0.0103222 0.0251249 0.0595646 0.0169976 0.0944442 0.0278361 0.070248 0.038379 0.0971737 0.0141663 0.0358539 0.139555 0.0213903 0.0371729 0.0215354 0.0111068 0.0376903 0.0302138 0.0158222 0.0576572 0.0185617 0.01986 0.0298722 0.0128357 0.0101646 0.0203698 
0.0109387 0.00826997 0.0287946 0.0299354 0.0492708 0.0227188 0.042893 0.0156028 0.0294649 0.0937106 0.0218265 0.0710966 0.0476288 0.0214436 0.0449984 0.0193828 0.016842 0.0175022 0.0615361 0.0866571 0.030775 0.0382328 0.0365994 0.0380569 0.0518164 0.0156552 0.0483507 
0.0781933 0.0544292 0.0485884 0.0146819 0.0578368 0.050404 0.0545352 0.0506455 0.01339 0.0133422 0.0181007 0.0109415 0.00895205 0.0670826 0.0154271 0.0117066 0.00706721 0.0482019 0.0269374 0.0448615 0.00712976 0.0182574 0.100971 0.0249241 0.0608628 0.017598 0.0749323 
0.0793123 0.00781692 0.010597 0.00530801 0.0442061 0.0701549 0.00977474 0.0327638 0.0150338 0.0201062 0.033763 0.0137937 0.00674654 0.0629151 0.00463855 0.187344 0.00928729 0.0180963 0.0219303 0.0388633 0.0173524 0.00487549 0.157098 0.0651164 0.0102528 0.00592002 0.0469332 
0.00615389 0.103555 0.0361572 0.0302237 0.0391062 0.0220676 0.0126884 0.0225046 0.0191219 0.0141733 0.0635682 0.0711659 0.00703202 0.0553422 0.0593481 0.0112154 0.00505213 0.0768427 0.0186009 0.0359548 0.0460759 0.013947 0.13533 0.00790659 0.0493953 0.0139588 0.023513 
0.00393567 0.00215617 0.0759723 0.0188783 0.0115265 0.053645 0.0114417 0.00240596 0.0310077 0.0241364 0.00301274 0.0350709 0.00225664 0.0954648 0.00575181 0.00128514 0.0056959 0.0135491 0.0171407 0.0154925 0.0366477 0.00619035 0.329495 0.0756389 0.0403122 0.0371602 0.0447302 
0.00793364 0.00950371 0.0383734 0.0106889 0.00997043 0.0549772 0.00726706 0.0304741 0.0133567 0.0264315 0.0423788 0.262937 0.0174355 0.00184429 0.00847002 0.0075998 0.0388863 0.06679 0.0126378 0.0139468 0.0347828 0.0326289 0.0391784 0.132057 0.0364713 0.01805 0.024928 
0.0184097 0.0441436 0.0160289 0.0178394 0.0134813 0.0511018 0.0323346 0.013537 0.0146111 0.012564 0.00492449 0.0856269 0.0108204 0.0318709 0.0970142 0.0114748 0.0113567 0.0213708 0.0449158 0.0443684 0.0892643 0.0163716 0.179985 0.0445579 0.050092 0.0121397 0.00979514 
0.00989955 0.0115431 0.0247901 0.0189844 0.00701664 0.0965245 0.0155959 0.02158 0.0114372 0.023514 0.0311601 0.170831 0.0136327 0.0515369 0.00823511 0.0293256 0.0433438 0.0397944 0.0528995 0.0120928 0.0615451 0.0499691 0.0308145 0.0813663 0.027065 0.0240059 0.0314973 
0.00866144 0.0028972 0.00660342 0.0101991 0.0424953 0.0215311 0.0412735 0.0175308 0.0184677 0.0190278 0.0579385 0.191836 0.0248407 0.0417234 0.0121539 0.0179721 0.00560883 0.0149833 0.00602127 0.0484557 0.0136268 0.0305308 0.00609833 0.202425 0.0860893 0.0243166 0.0266916 
0.0079951 0.0546625 0.0326942 0.0383037 0.0761844 0.0324354 0.0741454 0.0120481 0.0375829 0.0762477 0.00847793 0.0096106 0.000707273 0.0312259 0.0358013 0.0349047 0.0142498 0.0488385 0.0157154 0.127925 0.00564081 0.00824428 0.115276 0.0190159 0.018628 0.0259944 0.0374439 
0.00542161 0.042633 0.12741 0.0431011 0.0307531 0.069496 0.0481367 0.00981213 0.0166138 0.000898007 0.0176472 0.0298912 0.00195252 0.0314995 0.00294787 0.0154477 0.00956912 0.00564103 0.00863949 0.00558954 0.00888484 0.00559054 0.371597 0.0137525 0.0272202 0.0274149 0.0224388 
0.0154178 0.0126892 0.149784 0.0272558 0.021594 0.104486 0.0287042 0.0250552 0.00367673 0.0242997 0.0240174 0.0267588 0.0240049 0.00640117 0.0431911 0.0187923 0.0288996 0.0415587 0.0320834 0.064206 0.0267304 0.0338549 0.12529 0.00885203 0.00799484 0.0565338 0.0178674 
0.00778921 0.0144224 0.0282238 0.0212154 0.0257286 0.0763117 0.0188669 0.0621649 0.0417639 0.00702203 0.0197583 0.0160843 0.0568621 0.0141708 0.156927 0.0300974 0.0446261 0.131591 0.0360427 0.0131759 0.0220597 0.0238165 0.0133685 0.0329313 0.0208088 0.0339001 0.0302707 
0.00687344 0.0305225 0.0237921 0.0178654 0.0213067 0.0619725 0.0159848 0.0844246 0.0345418 0.0296575 0.04312 0.01377 0.0475192 0.0120454 0.132616 0.0252618 0.0372794 0.105781 0.0305596 0.0113021 0.0189369 0.0200074 0.011428 0.046009 0.0174956 0.0746406 0.0252873 
0.0200228 0.092969 0.069915 0.00310367 0.00171543 0.202723 0.00579047 0.00631483 0.000728433 0.115893 0.0109697 0.00121196 0.00025201 0.00072584 0.00122317 0.0454993 0.210513 0.0150241 0.0364403 0.00327967 0.000345538 0.0645831 0.00210446 0.0041918 0.0457152 0.000759609 0.0379857 
0.0233476 0.0555996 0.0488038 0.01755 0.00987332 0.029718 0.0697089 0.0569026 0.0225343 0.0239732 0.0284259 0.0125803 0.112369 0.142093 0.0608112 0.0137736 0.0101477 0.0202281 0.0349034 0.0483308 0.0187743 0.018841 0.010694 0.0339716 0.0100472 0.0474763 0.0185209 
0.0151621 0.104963 0.0271196 0.033116 0.0662871 0.00967138 0.015488 0.00533921 0.0173867 0.00615908 0.0136596 0.0439764 0.157228 0.0177097 0.00728484 0.0144436 0.00649463 0.0841399 0.00605383 0.0246753 0.00148694 0.0155533 0.0500773 0.0635763 0.00354362 0.0466817 0.142722 
0.0813326 0.00647 0.0904752 0.00278344 0.00366513 0.0384582 0.0291839 0.104144 0.00675565 0.0132582 0.00264642 0.00659429 0.014067 0.0320951 0.185654 0.00335709 0.00407244 0.0116664 0.0247114 0.0710131 0.0983434 0.00546572 0.0513556 0.00592463 0.0980868 0.00513862 0.00328105 
0.0219689 0.109045 0.0164295 0.0430872 0.0747565 0.0320354 0.149385 0.00546039 0.0197344 0.0227916 0.0848542 0.0533411 0.0287449 0.0381745 0.0108178 0.0160369 0.0422926 0.013168 0.0297067 0.0335416 0.0424674 0.0462782 0.0166749 0.00806392 0.0152681 0.0117619 0.0141141 
0.00749653 0.0313828 0.00677085 0.0228081 0.0360945 0.0365365 0.0560011 0.0208113 0.05859 0.0412052 0.0432951 0.0386135 0.0413925 0.0120872 0.114378 0.0393407 0.00598085 0.0254688 0.048946 0.0386533 0.0487878 0.0527783 0.0124137 0.034972 0.0425843 0.0371867 0.0454245 
0.0183028 0.0269999 0.0210709 0.034004 0.0259232 0.0658256 0.0169969 0.0840461 0.0291344 0.0155387 0.00597552 0.0150832 0.00653278 0.0237312 0.0203152 0.0565253 0.0259523 0.0258672 0.0271313 0.0424687 0.0401615 0.0138487 0.204204 0.00306924 0.0715268 0.0284742 0.0512908 
0.0309421 0.0648543 0.0127343 0.0230904 0.0182347 0.0228297 0.023393 0.0391925 0.0809671 0.0289477 0.00816904 0.0192099 0.0737116 0.0220094 0.0924119 0.0174952 0.0159229 0.075463 0.0216772 0.0100799 0.0129859 0.00852862 0.0935059 0.0730435 0.0132026 0.068111 0.0292866 
0.0128268 0.0619478 0.103978 0.0378075 0.00930575 0.0301404 0.0767774 0.0782063 0.0197259 0.0376411 0.0286257 0.0501031 0.0366792 0.0495585 0.0090651 0.0250092 0.0117801 0.0821925 0.0252088 0.0506883 0.0222955 0.0120253 0.0202438 0.0185298 0.0137325 0.0193083 0.0565973 
0.0130421 0.00578864 0.100824 0.0112449 0.0119613 0.0238958 0.0404629 0.134207 0.0294071 0.0585167 0.00991897 0.0465587 0.0378798 0.174841 0.0109665 0.0514781 0.00568465 0.0118054 0.0649064 0.0213283 0.00468194 0.0158898 0.0118158 0.0365129 0.022609 0.0207238 0.0230487 
0.0139416 0.0299906 0.0321875 0.0287318 0.0220675 0.0301126 0.0485575 0.0793971 0.0277944 0.0686356 0.0455811 0.0245378 0.0777036 0.0576902 0.0436819 0.0332912 0.0107653 0.0519205 0.0305201 0.0428882 0.0302878 0.0264497 0.0170786 0.0656807 0.0273156 0.0198613 0.0133302 
0.00860496 0.0128455 0.0198987 0.00970117 0.033028 0.0558019 0.0180724 0.02147 0.0192196 0.021926 0.0811111 0.0118989 0.266566 0.0205857 0.041463 0.0259333 0.0066251 0.0376421 0.0397951 0.0198921 0.023764 0.0321519 0.0323804 0.0289634 0.0627761 0.0378774 0.0100069 
0.0100119 0.0171239 0.0222619 0.0150791 0.0267018 0.0228728 0.0393424 0.0676938 0.0373862 0.0288797 0.0179966 0.0252762 0.0748476 0.0463774 0.035572 0.023596 0.0349423 0.0565068 0.0293192 0.0453353 0.0246915 0.111523 0.0365286 0.0266817 0.0316353 0.0730338 0.0187831 
0.00178618 0.0164452 0.00673415 0.00747123 0.0682238 0.0205276 0.0099476 0.0613201 0.102618 0.0411812 0.0240686 0.0614665 0.0555911 0.109712 0.0436509 0.013975 0.0213679 0.0306392 0.0280201 0.0665923 0.0315652 0.0355141 0.0174739 0.0641228 0.0180686 0.00645624 0.0354602 
0.0125609 0.00513391 0.0232273 0.0411012 0.0448001 0.0231273 0.103685 0.0405912 0.0355754 0.0303533 0.0660957 0.029702 0.00824586 0.0162802 0.0326034 0.0540995 0.0541581 0.0727372 0.0279533 0.0205972 0.0274351 0.0260712 0.0349377 0.0727358 0.013723 0.014785 0.0676844 
0.00822984 0.0172802 0.0240849 0.0655182 0.0315816 0.0420514 0.0232384 0.0787805 0.0483335 0.0128216 0.0203054 0.0320871 0.0279604 0.0772518 0.0277429 0.00828674 0.00797529 0.0970571 0.0386682 0.0591507 0.0227404 0.0213277 0.0308125 0.0626978 0.0458842 0.032947 0.0351845 
0.0196217 0.0255972 0.0275602 0.0643867 0.0217818 0.0222949 0.0061113 0.0400424 0.0304665 0.0235162 0.0236991 0.0204595 0.024911 0.0354012 0.00728893 0.00383058 0.00452226 0.312721 0.0776091 0.0103347 0.0128252 0.0097508 0.0171912 0.124504 0.00647484 0.017167 0.00993034 
0.0105117 0.022144 0.0404667 0.0950653 0.0269296 0.0264103 0.00784575 0.0283016 0.0372364 0.0196878 0.0283055 0.00972355 0.0271181 0.0359836 0.00924705 0.00542077 0.00533554 0.232859 0.110137 0.0115504 0.00813755 0.00667327 0.0197104 0.125259 0.0105459 0.0262112 0.0131834 
0.019163 0.0242371 0.0453483 0.0440287 0.0131971 0.0256477 0.0266669 0.0171649 0.0296003 0.0205755 0.0985081 0.0253005 0.0222046 0.136714 0.0173613 0.0246902 0.0341711 0.0204169 0.0741933 0.0262827 0.0565562 0.0340428 0.0286856 0.0545613 0.0287885 0.0339527 0.0179409 
0.0134606 0.0662503 0.0150348 0.0125081 0.0360572 0.019192 0.107129 0.0301942 0.103225 0.0566638 0.0220107 0.0194812 0.0174843 0.0463372 0.0138086 0.0154182 0.0581986 0.0286791 0.0149542 0.0455066 0.016432 0.0669831 0.0422429 0.0355058 0.0399614 0.0290997 0.0281814 
0.0170876 0.0764598 0.0372071 0.0380631 0.0337829 0.034796 0.0646897 0.0392655 0.0505785 0.0460589 0.0190125 0.0074208 0.0275476 0.0387176 0.0300533 0.00621268 0.0119239 0.00967423 0.0562268 0.0247478 0.0138801 0.0439375 0.044583 0.0356956 0.00746984 0.0370421 0.147865 
0.00215822 0.0459225 0.00609235 0.00624536 0.0207999 0.0143718 0.0625694 0.0329039 0.0449437 0.0224854 0.131954 0.0473058 0.0574858 0.00895493 0.0266491 0.0206225 0.0230151 0.00752783 0.0214497 0.112847 0.022027 0.00900517 0.0674761 0.0269094 0.0275574 0.103978 0.0267427 
0.0447479 0.097517 0.0582544 0.0168785 0.0233835 0.00334941 0.00533329 0.0332727 0.124402 0.00448685 0.0171385 0.00540126 0.123927 0.0172393 0.012739 0.0180944 0.0315588 0.037389 0.0146336 0.0922319 0.106986 0.0384905 0.0443017 0.0156504 0.00277576 0.00627853 0.00353848 
0.000622177 0.000501519 0.000156527 0.00110766 0.0457264 0.000520986 0.0177731 0.00079229 0.00100111 0.042208 0.00149242 0.000969105 0.000964173 0.000392159 0.0079783 0.00920816 0.00114254 0.0148709 0.0223622 0.807211 0.000696107 0.00172968 0.00062392 0.00102966 0.0126347 0.00131757 0.00496731 
0.0211945 0.100372 0.048817 0.046135 0.0419315 0.0314093 0.0582624 0.0984962 0.0593104 0.0292815 0.0117411 0.0110972 0.0130998 0.0728379 0.0152915 0.0200156 0.00134412 0.0587322 0.0296287 0.0362563 0.011931 0.00600402 0.061141 0.0379761 0.00595273 0.0278915 0.04385 
0.0366858 0.0369484 0.0377031 0.0372102 0.0363866 0.0375674 0.0371328 0.037582 0.0365206 0.0375747 0.0383704 0.0361294 0.0320728 0.0363907 0.0348916 0.0382507 0.0450687 0.0366625 0.0385117 0.0343428 0.036883 0.0355816 0.0374387 0.03459 0.0367518 0.0412053 0.0355467 
0.0357184 0.0320042 0.0178287 0.0384561 0.022213 0.0226323 0.0454184 0.124571 0.0242635 0.0402723 0.0642268 0.0922278 0.0244712 0.0199279 0.0163643 0.0209826 0.0147363 0.0316079 0.0327184 0.036289 0.0345796 0.0513226 0.0115549 0.0657507 0.0139131 0.0199566 0.0459922 
0.0408643 0.017747 0.0224231 0.0669941 0.0106244 0.0120541 0.0113845 0.0150779 0.0328843 0.0221747 0.0281417 0.140737 0.0302258 0.00741685 0.0913223 0.0156405 0.0168984 0.021085 0.0987381 0.0193034 0.0782568 0.0186643 0.0400326 0.0718013 0.0166177 0.00961523 0.0432745 
0.0104803 0.0073811 0.0224021 0.0480069 0.0721123 0.0339632 0.021972 0.014409 0.0287822 0.0166856 0.0410207 0.024781 0.0224872 0.0355745 0.0462224 0.0817538 0.0742998 0.0549569 0.0393043 0.089556 0.0213031 0.0872789 0.0303849 0.0163223 0.034873 0.00796513 0.0157213 
0.0125545 0.0148897 0.0415582 0.0174989 0.0402822 0.051417 0.0311608 0.0362143 0.0248709 0.0393146 0.0284059 0.033072 0.160293 0.0250937 0.0393255 0.0430638 0.0238372 0.0220997 0.0657734 0.0325716 0.0545809 0.030774 0.0211556 0.0265367 0.0347986 0.0155311 0.0333259 
0.0780176 0.0101775 0.0127508 0.0151678 0.0600536 0.0319528 0.00868267 0.00786744 0.00278826 0.0415491 0.0151127 0.00926131 0.011967 0.0133413 0.0186805 0.0159384 0.157794 0.129775 0.128541 0.0248563 0.0131548 0.0195378 0.019177 0.055058 0.0175728 0.0552762 0.0259477 
0.0150323 0.0311237 0.0164193 0.00658634 0.0582838 0.0317498 0.0398443 0.0399309 0.00700465 0.040794 0.028266 0.0119442 0.00608016 0.290356 0.00943218 0.0151147 0.00871081 0.0872446 0.0872612 0.0062503 0.00786035 0.0119088 0.0823412 0.0110778 0.00635365 0.028349 0.0146796 
0.0120658 0.0964585 0.0222287 0.0185937 0.014304 0.0112356 0.0365564 0.0493517 0.0271615 0.0171027 0.0448639 0.0275276 0.0397056 0.0373298 0.0361014 0.0110207 0.148483 0.0731318 0.0173212 0.0357635 0.0336967 0.00739713 0.0651089 0.0333127 0.0083958 0.0296675 0.0461138 
0.0237263 0.00755327 0.0299233 0.0133033 0.159618 0.0257777 0.0447223 0.0326725 0.0550961 0.00340967 0.0795847 0.0517683 0.0949903 0.0320182 0.0131209 0.0258753 0.00716121 0.0426244 0.0350386 0.00890405 0.00865854 0.0173283 0.00739191 0.0415639 0.0875452 0.0313357 0.0192883 
0.0516097 0.0479864 0.0157753 0.0107947 0.0373885 0.0265547 0.0285887 0.0248735 0.0253137 0.0347254 0.0229887 0.0738465 0.00918331 0.0482593 0.0532922 0.0148584 0.00373597 0.0649235 0.0138955 0.158023 0.00775053 0.0301397 0.0283692 0.0420515 0.014608 0.0819387 0.0285246 
0.0395687 0.0308736 0.0325944 0.0570582 0.043393 0.0413285 0.0630336 0.0749508 0.0269965 0.02531 0.0223869 0.0628358 0.0228908 0.0324635 0.023953 0.0263581 0.0148492 0.0569224 0.019059 0.0171669 0.0764115 0.0279054 0.0372787 0.0534092 0.0117108 0.0214107 0.0378808 
0.0178836 0.00514616 0.0358838 0.000863772 0.0135145 0.0357547 0.0224113 0.0357685 0.00508661 0.0226781 0.0454259 0.000838683 0.0379704 0.0219634 0.000809952 0.000887927 0.00104619 0.107234 0.0366533 0.000797212 0.129283 0.0916824 0.0703953 0.0128472 0.0349783 0.000956513 0.21124 
0.00499554 0.0117938 0.00872239 0.0146015 0.0561007 0.0187297 0.0213673 0.019975 0.21753 0.00470395 0.00550583 0.0222447 0.244573 0.0110829 0.011265 0.0147298 0.0168603 0.0198889 0.00919137 0.0148592 0.0121779 0.165048 0.00948349 0.0163588 0.0222244 0.00787346 0.0181125 
0.00516582 0.000992528 0.00631087 0.00775017 0.00314662 0.0140093 0.0285651 0.128052 0.237128 0.0404216 0.0117582 0.02406 0.0623371 0.00509881 0.00281913 0.00612966 0.0131868 0.0325508 0.00921567 0.125867 0.00901761 0.0128106 0.0231012 0.116739 0.00391894 0.0636444 0.00620392 
0.0184774 0.130906 0.0495508 0.0650814 0.172652 0.033589 0.0157647 0.00260777 0.00819972 0.0147651 0.00250936 0.0406734 0.00309117 0.0658459 6.21875e-05 0.00447158 0.0214158 0.00782393 0.0209643 0.0446282 0.0022424 0.00621604 0.17951 0.0202707 0.0124907 0.0226063 0.0335842 
0.0073165 0.0298198 0.142918 0.0507518 0.0150226 0.0104838 0.0152925 0.0145841 0.0158555 0.068979 0.0960597 0.022911 0.00945033 0.0461425 0.0277037 0.00985766 0.0149911 0.0422555 0.0339001 0.00265354 0.0713311 0.0634746 0.00971082 0.147577 0.00459367 0.0051884 0.0211754 
0.00788465 0.0640532 0.0188719 0.0292992 0.0236994 0.0492879 0.0429076 0.0493909 0.0277071 0.0192177 0.0380635 0.0167891 0.0418105 0.0409044 0.0486507 0.0241305 0.00767256 0.0495085 0.0278495 0.0421345 0.0305044 0.0543454 0.0902004 0.0450875 0.0106956 0.0340991 0.0652342 
0.0989132 0.0303444 0.0207232 0.0194712 0.0449781 0.032257 0.0501577 0.014207 0.0700702 0.028231 0.0295789 0.026013 0.0200046 0.029089 0.0406496 0.00926058 0.00876831 0.0159655 0.123792 0.0524953 0.054902 0.0494501 0.0371093 0.0226173 0.0141927 0.0350876 0.0216707 
0.017485 0.0415853 0.0597912 0.0111885 0.0293658 0.0396991 0.040751 0.0316276 0.0456329 0.0198461 0.0314011 0.0202491 0.00547358 0.0347692 0.0422282 0.00555012 0.0640532 0.0471518 0.0428751 0.0273912 0.0992841 0.024748 0.0309973 0.0410865 0.0124691 0.0142763 0.119024 
0.0172436 0.0111244 0.00106193 0.0538822 0.055863 0.0118069 0.0543033 0.0272952 0.0448456 0.0118092 0.0948601 0.0424794 0.0473663 0.00690607 0.0246383 0.0141502 0.0473328 0.0385043 0.0126231 0.0394974 0.0214695 0.137405 0.0169916 0.050088 0.0160957 0.0688485 0.031509 
0.0192476 0.0474881 0.0261059 0.0204975 0.00787153 0.0270822 0.0266144 0.0603981 0.0290407 0.0488993 0.211625 0.00508155 0.0225709 0.0686172 0.0143215 0.0407244 0.0227084 0.028054 0.0366983 0.0496043 0.0120355 0.0226682 0.0163644 0.047811 0.0370529 0.0217629 0.0290545 
0.116427 0.00893889 0.00725256 0.103214 0.0280461 0.0345516 0.0197094 0.0204279 0.0383769 0.0169545 0.0499208 0.0415783 0.0210542 0.0198819 0.0485745 0.0454932 0.0107634 0.00755812 0.0260603 0.0875204 0.0186853 0.0499116 0.00922379 0.0430074 0.0292114 0.0198477 0.0778083 
0.0123549 0.0122022 0.0794617 0.050967 0.0220128 0.0164609 0.0465761 0.0560328 0.0750547 0.0762182 0.00939893 0.021194 0.0211553 0.0381763 0.0196695 0.013649 0.0232918 0.0476135 0.00329362 0.011832 0.0297895 0.0588848 0.0782603 0.0191263 0.0440284 0.0242425 0.089053 
0.0075797 0.0327171 0.0593076 0.0227471 0.0483088 0.00996828 0.0388761 0.0346927 0.0259326 0.0138513 0.0463411 0.0091881 0.0364384 0.0224407 0.0430632 0.0437345 0.00990802 0.0422303 0.0333431 0.0608553 0.0281359 0.0264572 0.0712839 0.0442562 0.0277957 0.118958 0.0415889 
0.0142824 0.0505915 0.0581416 0.00886831 0.0349379 0.0225424 0.0381146 0.0304826 0.0324242 0.0526773 0.0322217 0.0324306 0.0747773 0.141884 0.0321443 0.035181 0.0163793 0.0246119 0.025527 0.0305366 0.0171583 0.0386034 0.0338466 0.0327988 0.0444642 0.0156512 0.028721 
0.0310799 0.0195823 0.0196816 0.0281865 0.0296051 0.0537586 0.0193034 0.0246554 0.0389723 0.0551258 0.0781038 0.0469052 0.0332749 0.0364223 0.0581312 0.0319651 0.04645 0.0423345 0.0164672 0.0570053 0.0328466 0.0185032 0.0168423 0.0216767 0.0474711 0.0233803 0.0722696 
0.0582613 0.0375323 0.054623 0.185561 0.0520567 0.00825141 0.0132614 0.0221125 0.140615 0.0607128 0.0397669 0.0450129 0.00843791 0.0238413 0.00646187 0.0159582 0.0133748 0.0216296 0.0246938 0.0231664 0.00628017 0.0269886 0.00807447 0.0795319 0.0115801 0.00350594 0.00870743 
0.014093 0.0512386 0.0605493 0.0215909 0.0919063 0.0384613 0.121411 0.0384944 0.0444609 0.0143364 0.0217864 0.0120332 0.026894 0.0325718 0.035908 0.0134562 0.00323458 0.00929008 0.0194368 0.0301639 0.0435604 0.00831818 0.13475 0.0114684 0.0181481 0.0306632 0.0517742 
0.00830298 0.0132022 0.0295124 0.0560211 0.0191324 0.0285238 0.0297796 0.0264311 0.0701872 0.0346544 0.0329225 0.0713819 0.0462377 0.0841777 0.0604831 0.0225814 0.0161822 0.0421683 0.0267477 0.0284586 0.0290616 0.0333969 0.0380797 0.0224396 0.0481777 0.0264036 0.0553527 
0.0138488 0.0460376 0.0840831 0.0423019 0.021206 0.031421 0.103406 0.0395754 0.00872649 0.0253458 0.0168562 0.0305431 0.0337581 0.090744 0.0206735 0.00927096 0.00713657 0.0272261 0.0228169 0.0281592 0.0194106 0.00621105 0.12238 0.0429121 0.00880462 0.081915 0.0152297 
0.0713856 0.151396 0.00880521 0.00665804 0.0307887 0.0355479 0.0405566 0.0215915 0.067458 0.0259823 0.0343992 0.034298 0.0276402 0.0123429 0.0100356 0.0119788 0.0104827 0.116635 0.0178277 0.0385098 0.0602262 0.0452069 0.0579152 0.00779483 0.0336578 0.0123499 0.00852917 
0.0177124 0.156663 0.0220655 0.0223596 0.0128548 0.0579643 0.0468824 0.00928898 0.0689983 0.0207647 0.0394598 0.0227058 0.0344605 0.021957 0.0366254 0.0458259 0.00448224 0.0135597 0.0618561 0.0487818 0.0192206 0.0235056 0.0472904 0.0536552 0.0534257 0.0247933 0.0128409 
0.0369139 0.0185505 0.0224813 0.0105587 0.115587 0.0138278 0.0113115 0.00996617 0.0213781 0.108905 0.0761766 0.0354796 0.0171162 0.0996525 0.0221406 0.0153454 0.0089796 0.014882 0.0279675 0.012874 0.0089874 0.0241057 0.0656015 0.0145357 0.0800138 0.0177556 0.0889064 
0.0332912 0.0251399 0.0443935 0.0208175 0.0288594 0.039891 0.0166143 0.0700636 0.015893 0.0270974 0.0241176 0.0213845 0.00343305 0.0562578 0.0290696 0.0116404 0.064182 0.0744143 0.0273955 0.0211976 0.0263698 0.0196726 0.0106542 0.0226762 0.0384131 0.0100119 0.217049 
0.0126475 0.0528414 0.0216525 0.0834879 0.0171122 0.0168741 0.0179915 0.082403 0.0544374 0.0260765 0.0183934 0.0118646 0.0105425 0.0253255 0.0639942 0.046038 0.0373119 0.0808443 0.0507744 0.0380351 0.015056 0.0401739 0.056747 0.0489816 0.0131576 0.0179193 0.0393164 
0.000458683 0.0465492 0.00146983 0.033878 0.000453156 0.0129306 0.0211796 0.0474612 0.00206474 0.00378068 0.0486171 0.0115597 0.0288716 0.205089 0.0147892 0.0250375 0.103368 0.00485043 0.125527 0.0268767 0.000441196 0.0144148 0.0944958 0.0212022 0.0051988 0.0850009 0.0144341 
0.00521623 0.0524796 0.0369555 0.0579127 0.028156 0.0206718 0.0254131 0.0573443 0.0177996 0.00984044 0.115443 0.00763844 0.0146191 0.0132944 0.0754694 0.0645253 0.0267362 0.123096 0.0213115 0.0289851 0.0136559 0.0326668 0.066969 0.0158909 0.0263541 0.0197965 0.0217587 
0.00626807 0.0629588 0.0307258 0.0604432 0.0213491 0.0163645 0.0210415 0.0722476 0.0542029 0.0240519 0.0269623 0.00751906 0.00851433 0.00771322 0.0699144 0.0655413 0.0313977 0.0721917 0.0569359 0.0401516 0.0219232 0.039679 0.0618673 0.0414967 0.0170456 0.0149626 0.0465308 
0.0260546 0.00258109 0.0223874 0.0220947 0.066088 0.00043739 0.0177255 0.402991 0.0110553 0.0288733 0.0451205 0.00673034 0.0806581 0.000423689 0.00649977 0.0627937 0.000524725 0.0260381 0.000448383 0.00439831 0.00042942 0.0376985 0.0374866 0.0104708 0.0646119 0.000479745 0.0148991 
0.0107701 0.0163725 0.0235955 0.0316071 0.0104464 0.0492735 0.0147087 0.030743 0.0189855 0.0393981 0.0344907 0.0580646 0.0152135 0.0233005 0.0353767 0.0179177 0.0578994 0.0228075 0.0353735 0.00983954 0.141521 0.0205118 0.0202869 0.0262428 0.160097 0.0189135 0.0562427 
0.0240696 0.00871647 0.0844691 0.0798969 0.00539735 0.00844682 0.0151593 0.0495459 0.0311465 0.144799 0.019939 0.0188844 0.0141159 0.00711257 0.00713341 0.175964 0.020235 0.0286722 0.00766887 0.0148473 0.0167824 0.0171043 0.0493387 0.0125069 0.035262 0.0418739 0.060912 
0.0626505 0.0220903 0.0297842 0.0402871 0.1105 0.0234874 0.00996519 0.0169928 0.0798849 0.0465749 0.0262174 0.0610894 0.0160978 0.0204035 0.0487876 0.0222445 0.0291505 0.0443406 0.0460151 0.0547802 0.0149985 0.0499434 0.0191046 0.0261101 0.0134262 0.0420422 0.0230312 
0.0341397 0.194532 0.0615221 0.0109385 0.00334957 0.0402963 0.0907315 0.0451091 0.0200287 0.00236015 0.0060674 0.0494866 0.00783711 0.0104903 0.0357931 0.0189059 0.00978885 0.00336073 0.024163 0.0505506 0.0243913 0.0546635 0.0448387 0.0230315 0.0241074 0.0250159 0.0845004 
0.03996 0.0461565 0.0366088 0.050705 0.0755027 0.0290268 0.269155 0.0266347 0.0218068 0.0103245 0.0144976 0.0453502 0.0113057 0.0228187 0.012878 0.0581818 0.00352437 0.088943 0.0287763 0.0315931 0.00582988 0.00512989 0.0149172 0.00820835 0.0183923 0.00832161 0.015451 
0.0725833 0.0322784 0.055348 0.0551884 0.0291599 0.0248878 0.0384626 0.0438397 0.0309519 0.0199158 0.0489486 0.0242649 0.015821 0.03477 0.0341349 0.0168433 0.0187394 0.0447439 0.0675724 0.02615 0.0365173 0.0907686 0.0413021 0.0202745 0.0136903 0.0250244 0.0378189 
0.0272358 0.0613124 0.0230305 0.0455425 0.0246904 0.0589374 0.0148945 0.0577437 0.0295011 0.022661 0.109216 0.0402519 0.00410276 0.0247685 0.012049 0.0118957 0.00193199 0.0267221 0.0132931 0.0228822 0.00784141 0.00449701 0.0422065 0.0572902 0.0140601 0.049776 0.191666 
0.0207801 0.00272336 0.0370776 0.149637 0.0026931 0.0775794 0.005167 0.0206755 0.0212745 0.147748 0.00612338 0.00369201 0.0252111 0.0149281 0.022768 0.0968309 0.0114721 0.0331299 0.00809788 0.00367743 0.0140564 0.030893 0.102005 0.0743521 0.0091986 0.0232059 0.0350026 
0.008482 0.153138 0.0152699 0.0360619 0.0212379 0.0191319 0.0705602 0.0199036 0.0462152 0.0140071 0.0619379 0.0216841 0.0126146 0.0349255 0.0190598 0.0711995 0.0205386 0.0158833 0.0322896 0.0212831 0.0595044 0.0320381 0.0609255 0.0303452 0.0331297 0.0512263 0.0174066 
0.0264488 0.0716928 0.0279188 0.0648839 0.0251731 0.0231147 0.11635 0.026825 0.0120851 0.0476608 0.0147792 0.0999223 0.0235774 0.0343123 0.00822566 0.00727238 0.0157339 0.0197593 0.0302696 0.0222869 0.0204332 0.0100625 0.0359722 0.10359 0.0258946 0.0441231 0.0416325 
0.00577667 0.0358965 0.0732273 0.0262884 0.0150884 0.0512061 0.0805797 0.0363914 0.0207537 0.0354484 0.011968 0.024914 0.0366461 0.06175 0.0230779 0.0180927 0.00528229 0.0341695 0.0580252 0.0324335 0.0475369 0.00618538 0.133882 0.0463523 0.00673335 0.0477046 0.0245893 
0.0133375 0.0930499 0.058835 0.0129149 0.0113454 0.0599883 0.0575374 0.00807199 0.0439294 0.00373129 0.0565431 0.00363371 0.0142955 0.0851049 0.0015995 0.135639 0.0194305 0.105028 0.0796681 0.0305144 0.0346943 0.00809688 0.019494 0.00286539 0.0188386 0.00416425 0.0176489 
0.0630431 0.020522 0.021896 0.0436618 0.013478 0.0587901 0.0172766 0.0224204 0.0367651 0.0282583 0.0214176 0.0335513 0.0447202 0.0781918 0.019824 0.0435052 0.115055 0.00866542 0.0509163 0.0293957 0.011557 0.0161881 0.0722816 0.0216472 0.0230466 0.0227577 0.0611677 
0.0249692 0.0256051 0.182623 0.0346464 0.0078527 0.0114414 0.028311 0.0163122 0.0192862 0.0061385 0.0352689 0.00838589 0.00712105 0.00626816 0.0115122 0.0226092 0.014586 0.0634009 0.224023 0.0309833 0.0290073 0.0117842 0.0622932 0.0163226 0.0316501 0.00936348 0.058235 
0.032305 0.0117574 0.079999 0.0112484 0.0656203 0.0172261 0.116635 0.0254034 0.00809194 0.00744512 0.0345952 0.0223678 0.0275028 0.00409716 0.0771895 0.011779 0.0282534 0.0231533 0.0347994 0.0150862 0.028717 0.0585121 0.1309 0.0428041 0.0116178 0.00507585 0.0678177 
0.0549863 0.171367 0.00685487 0.0534907 0.0197772 0.0299861 0.0134004 0.00215859 0.000515811 0.00846775 0.0241276 0.00985655 0.00387232 0.00586332 0.00435727 0.0596218 0.00654845 0.0347352 0.289985 0.0469463 0.00621936 0.0378373 0.00146518 0.00615343 0.0256166 0.00317881 0.0726109 
