0.0183724 0.045876 0.047786 0.0348973 0.0111109 0.0187784 0.0223088 0.145029 0.0292663 0.126182 0.027877 0.0211801 0.0446453 0.0188895 0.0294615 0.0379607 0.0155926 0.00860618 0.00598967 0.00252806 0.0181057 0.0611065 0.0173156 0.0139437 0.0222527 0.0741695 0.0465859 0.0341824 
0.0462698 0.0119302 0.0161895 0.126706 0.015534 0.0360224 0.0205582 0.0358234 0.0201392 0.0233014 0.0213977 0.0352175 0.047686 0.0778162 0.0243128 0.0266376 0.0624368 0.0212906 0.0196602 0.0220503 0.022965 0.0258315 0.044231 0.0221521 0.0341124 0.0405697 0.0167647 0.0823935 
0.00874162 0.058896 0.0200488 0.0614269 0.0443003 0.0100741 0.00854894 0.0720181 0.026356 0.0417833 0.0560193 0.0273268 0.0321331 0.0294033 0.00592355 0.0249432 0.0685278 0.0152495 0.0130451 0.00782211 0.0107566 0.0656134 0.0604649 0.145626 0.0151188 0.0283954 0.0276216 0.0138151 
0.0395459 0.0116667 0.0483091 0.106726 0.0508588 0.0143036 0.00931233 0.0302645 0.0121653 0.0302287 0.0815957 0.0589608 0.0205801 0.0103597 0.0325434 0.068836 0.0419514 0.0109569 0.0502259 0.0175559 0.0355002 0.0596027 0.0437733 0.0439659 0.0105347 0.0288565 0.0100439 0.0207763 
0.0321996 0.0372544 0.0297573 0.132249 0.0476309 0.0120777 0.00779461 0.0389565 0.0113685 0.00785848 0.0470486 0.0219777 0.0208885 0.0376998 0.0472592 0.0284318 0.0298849 0.010484 0.0680626 0.0229453 0.0152571 0.0360513 0.0223385 0.057117 0.0789728 0.043629 0.0271201 0.0276851 
0.0267821 0.030879 0.018403 0.00547228 0.0171733 0.0201484 0.0417123 0.0141547 0.0177772 0.049226 0.0186654 0.0545439 0.0272768 0.0426706 0.0117877 0.125819 0.0129935 0.0750471 0.0754555 0.0119215 0.00938325 0.00726152 0.0304557 0.0290649 0.0163353 0.0258981 0.0182732 0.165418 
0.0155536 0.0120771 0.00344653 0.108028 0.016719 0.0028521 0.0226439 0.05485 0.0110902 0.0284922 0.0218606 0.0144902 0.0333841 0.0313282 0.00896138 0.0749495 0.0153646 0.0527009 0.0296796 0.0200191 0.00319651 0.0231201 0.0506508 0.0398927 0.0415534 0.0517498 0.0195222 0.191823 
0.016853 0.0452637 0.0113228 0.225155 0.045516 0.0166631 0.0183206 0.117549 0.0297408 0.0167291 0.0233067 0.0155818 0.0343448 0.0175263 0.0150674 0.0145206 0.013717 0.00856505 0.0224502 0.00915758 0.0514724 0.0903145 0.0136414 0.0107772 0.0204999 0.0227883 0.0340113 0.0391442 
0.0243369 0.032728 0.0235574 0.18855 0.104107 0.0132359 0.0360939 0.103955 0.033486 0.0292319 0.0239571 0.0607435 0.0143623 0.0189447 0.00855665 0.0254736 0.0402327 0.0062244 0.00494203 0.00247324 0.00563407 0.0382958 0.0522264 0.0116277 0.0257914 0.0194454 0.0195455 0.0322416 
0.0179524 0.112977 0.00250691 0.0952771 0.047117 0.035026 0.00685946 0.103395 0.00757092 0.0236076 0.0652891 0.0107231 0.00952947 0.065922 0.051304 0.0302931 0.0487127 0.00572046 0.0274952 0.00769695 0.005941 0.0258642 0.0265328 0.0653432 0.0558457 0.0143404 0.0164145 0.014742 
0.0681132 0.00586008 0.00625803 0.00540255 0.0058964 0.0328383 0.00634759 0.00507729 0.0327491 0.00585278 0.154204 0.00636213 0.0743191 0.00598428 0.00614138 0.00629025 0.00607499 0.00659356 0.00628846 0.0330792 0.00590876 0.0316278 0.103611 0.00586207 0.260799 0.100096 0.0061587 0.00620398 
0.0179175 0.132403 0.0126676 0.0581969 0.0857662 0.0200528 0.0195345 0.0523606 0.0400193 0.0948824 0.0180953 0.0121888 0.0522595 0.0377887 0.0539236 0.00983216 0.0411053 0.00960105 0.0140388 0.0217848 0.0177905 0.042704 0.0235906 0.0403931 0.0167751 0.0177536 0.0253347 0.0112394 
0.0238233 0.127928 0.0149551 0.0784889 0.0828205 0.0649279 0.00278874 0.0577056 0.010823 0.0412931 0.0522086 0.0219018 0.0134073 0.0198397 0.029082 0.0276022 0.00707969 0.0100971 0.0284842 0.00271161 0.00458822 0.0890402 0.066165 0.0268006 0.0107416 0.0385214 0.034277 0.011897 
0.0272301 0.0038221 0.00956019 0.0972662 0.0456956 0.0294821 0.00373701 0.121477 0.0116901 0.0277968 0.0197877 0.0424599 0.025802 0.0534246 0.0254484 0.0522906 0.0891196 0.0125923 0.0181574 0.0361525 0.0201111 0.0210725 0.0129792 0.0694694 0.0698338 0.0104913 0.0117131 0.0313378 
0.00136041 0.00830054 0.216819 0.122292 0.00464487 0.00108122 0.0176954 0.0161902 0.000856665 0.0843636 0.00176277 0.00165609 0.0241275 0.00532335 0.00796853 0.0624193 0.0496755 0.00136343 0.00139319 0.00802339 0.00796932 0.0154061 0.00162589 0.00173149 0.00084287 0.0463137 0.00275116 0.286042 
0.00931951 0.00392882 0.040991 0.0116349 0.033018 0.00686652 0.0080453 0.0108778 0.0192027 0.101074 0.0228845 0.0694716 0.0416522 0.0444144 0.00214612 0.0139222 0.0172183 0.00317753 0.000308126 0.0829977 0.00361344 0.00376092 0.0165824 0.00544805 0.00511373 0.016007 0.104734 0.301589 
0.0143383 0.0319823 0.0609798 0.0361477 0.0433106 0.0398309 0.0241152 0.016091 0.000383171 0.0152746 0.324515 0.0385384 0.018961 0.0418993 0.00714825 0.0121018 0.0989782 0.0125732 0.00536689 0.0166926 0.0181854 0.0149717 0.0163641 0.00619005 0.033023 0.0130862 0.00570393 0.0332471 
0.0582995 0.140541 0.0203507 0.0480985 0.0755978 0.00851661 0.0253108 0.0841486 0.0334335 0.0380028 0.0207899 0.0187461 0.0138023 0.0155546 0.0273655 0.0263252 0.0363411 0.0081302 0.0119531 0.0176067 0.040321 0.0496797 0.0166139 0.0487431 0.059755 0.0128774 0.0128626 0.0302327 
0.0477452 0.0862734 0.0173563 0.0711278 0.0345938 0.00956204 0.00566458 0.052023 0.0140497 0.166038 0.0234967 0.0260563 0.0815849 0.00757285 0.00707283 0.0296452 0.0553098 0.00692604 0.00636598 0.00803185 0.0482204 0.0657743 0.0421487 0.0170336 0.0135905 0.0341223 0.0170137 0.00560023 
0.0403778 0.0244091 0.0269495 0.0405349 0.0219442 0.0120978 0.00706994 0.0359157 0.0311516 0.0160069 0.0166422 0.0556913 0.0261945 0.0129425 0.00391206 0.0452386 0.0186422 0.0143775 0.00970259 0.00456339 0.034416 0.0200453 0.0230928 0.00904471 0.0427636 0.332027 0.0370984 0.0371482 
0.0181673 0.0247481 0.010541 0.0183593 0.00876879 0.030322 0.0326787 0.05057 0.018033 0.0105001 0.0342349 0.0302159 0.0283232 0.0308008 0.0602171 0.11773 0.122315 0.0469313 0.0567979 0.0169712 0.0112312 0.0403203 0.0701934 0.00721042 0.0584694 0.0118315 0.0122222 0.0212958 
0.0193069 0.0221939 0.0118812 0.0567653 0.0671387 0.0160725 0.0200219 0.0156567 0.0248039 0.0285212 0.04355 0.0143993 0.029029 0.0592637 0.0155972 0.02416 0.0298773 0.0136662 0.0408508 0.0593185 0.0743289 0.088438 0.0205001 0.0991551 0.0258185 0.0346296 0.0151864 0.0298691 
0.0462564 0.0543746 0.0170097 0.0774406 0.0384402 0.0264638 0.0241487 0.0406419 0.0106881 0.0188219 0.0283211 0.0531841 0.0183675 0.0355324 0.0387784 0.0507579 0.0107649 0.00691938 0.0155557 0.049813 0.0393834 0.0209835 0.0556334 0.0189659 0.0471169 0.0534084 0.0383578 0.0638702 
0.031211 0.0247979 0.0340268 0.0295085 0.0859643 0.0352296 0.0127574 0.17382 0.0318332 0.0331549 0.0551928 0.0164476 0.0456481 0.0168965 0.00971365 0.0377504 0.0161326 0.0102102 0.01241 0.0270145 0.0316424 0.0823798 0.0180461 0.0189335 0.0216353 0.0545155 0.0174528 0.0156749 
0.0108334 0.0406125 0.0146776 0.0213702 0.0904994 0.00590929 0.0068313 0.0592023 0.00700711 0.0391891 0.218803 0.0182419 0.00923965 0.0686703 0.0238336 0.0367671 0.0562888 0.00689235 0.027379 0.0175877 0.0133199 0.0251218 0.0450291 0.0329471 0.0194678 0.0466628 0.0225602 0.0150558 
0.0392969 0.0151916 0.0133719 0.104071 0.0129635 0.0120001 0.0144332 0.0174621 0.0327127 0.0584681 0.0175826 0.013739 0.0273842 0.0482971 0.0632478 0.0590774 0.0769238 0.0085745 0.0103474 0.0420463 0.0240402 0.0612147 0.0444192 0.0317187 0.00936758 0.0478778 0.0711131 0.0230575 
0.0111555 0.022745 0.0134715 0.0530872 0.0465526 0.0142742 0.0108944 0.186903 0.0358011 0.0108966 0.0402139 0.0603537 0.0164798 0.0172462 0.0203673 0.0138832 0.0432229 0.0112708 0.0133113 0.0175257 0.041637 0.0360915 0.026903 0.0128152 0.0776998 0.0426923 0.049376 0.0531294 
0.0127942 0.0548124 0.0164248 0.0249728 0.015434 0.0188241 0.00740069 0.0584334 0.00892187 0.0198351 0.0519809 0.0349539 0.00975989 0.15139 0.0552686 0.0240234 0.0577408 0.0111329 0.00727669 0.0321876 0.0151908 0.0145758 0.136259 0.0754686 0.00558965 0.0231676 0.0213236 0.0348564 
0.00949453 0.15574 0.00892013 0.178083 0.0452487 0.00805386 0.00329284 0.0276702 0.00866562 0.0116081 0.0435417 0.0688968 0.0937899 0.0707232 0.01086 0.00371085 0.00334666 0.0462566 0.00971362 0.00891629 0.00125237 0.0165692 0.0217762 0.0468852 0.0134537 0.0135736 0.0477884 0.0221683 
0.0148224 0.0247113 0.0162621 0.0508008 0.0685345 0.00984158 0.0570565 0.0278074 0.0368348 0.0195624 0.101234 0.0127672 0.017963 0.0151632 0.014811 0.0450489 0.0251312 0.0395649 0.0229459 0.0590642 0.101022 0.0628333 0.0216685 0.0465144 0.00911236 0.00959879 0.0317868 0.0375361 
0.0309166 0.0532736 0.0213021 0.0427861 0.104574 0.0433296 0.0156251 0.126259 0.0640325 0.0151029 0.0406169 0.0107836 0.0147144 0.0253174 0.0237996 0.024035 0.0377606 0.0103472 0.0140784 0.00714992 0.00595582 0.0752767 0.0223713 0.0294984 0.0315024 0.0654916 0.0373991 0.00669944 
0.0155631 0.0313433 0.00771477 0.0359384 0.0130129 0.00738662 0.00673689 0.0460105 0.0147356 0.011553 0.0171956 0.00984703 0.0141718 0.0305747 0.0226857 0.00798523 0.199873 0.0873341 0.0183668 0.0282776 0.00838181 0.0285323 0.00981841 0.00524836 0.133528 0.153919 0.031195 0.00307035 
0.0252746 0.069066 0.0165772 0.149341 0.0551197 0.00994042 0.0103307 0.0943197 0.0124149 0.0221519 0.047186 0.0379052 0.0387093 0.0316275 0.0223116 0.0376834 0.0163592 0.0199776 0.00276136 0.0096592 0.0224029 0.0675618 0.0289241 0.0213302 0.0160142 0.0867354 0.0117222 0.0165931 
0.0284747 0.0743674 0.00315531 0.0242 0.0199605 0.0400634 0.024075 0.169713 0.0466497 0.0276257 0.0150156 0.0278362 0.0455973 0.0653363 0.00824879 0.0423523 0.0243471 0.053368 0.0428458 0.0114344 0.0435224 0.0318771 0.0316326 0.012235 0.0151034 0.0188262 0.0321865 0.0199504 
0.0042661 0.00324737 0.0391188 0.115835 0.0308433 0.0279869 0.0296957 0.0914124 0.0499091 0.0141042 0.121701 0.0282293 0.00591392 0.0526299 0.0183103 0.0652792 0.0366742 0.0491168 0.0148607 0.00620216 0.052703 0.026748 0.0162579 0.0114517 0.0096638 0.00241757 0.0583817 0.0170404 
0.216847 0.0120511 0.0151738 0.0142724 0.00532218 0.0573606 0.00607496 0.0274852 0.0110116 0.00481395 0.00675607 0.0109746 0.0502575 0.0343691 0.0515328 0.0292579 0.131828 0.0230642 0.0263426 0.0591433 0.0194038 0.0657977 0.00996667 0.00871225 0.0395601 0.00388327 0.0550324 0.00370524 
0.0364671 0.0673649 0.00575995 0.0457785 0.083594 0.00599134 0.00566005 0.0868 0.00605688 0.0377038 0.0378446 0.0197265 0.0357724 0.0308638 0.00896267 0.0284325 0.0163706 0.00638601 0.0119898 0.0229262 0.0175982 0.0265313 0.0788504 0.0407445 0.00988224 0.0471262 0.0827207 0.096095 
0.00682986 0.000587603 0.00376504 0.0113762 0.00945992 0.0142686 0.000636486 0.608895 0.00328383 0.000586871 0.00356824 0.00382767 0.00745213 0.00360033 0.0221692 0.000630737 0.00365492 0.0039669 0.0258528 0.000552821 0.000592484 0.0137427 0.0136359 0.0711243 0.0552075 0.000627303 0.000617547 0.109487 
0.052768 0.0295513 0.0113418 0.0601959 0.0168106 0.020395 0.0138624 0.0884305 0.0214612 0.049896 0.0583817 0.0286644 0.0156169 0.0465931 0.00573582 0.0668349 0.0528693 0.00689544 0.0288895 0.00578758 0.0461586 0.0441551 0.0678918 0.0471846 0.032734 0.0237415 0.0166712 0.040482 
0.0221316 0.0411816 0.00970269 0.156216 0.162802 0.0132446 0.0473676 0.0359626 0.00690194 0.0264235 0.0368229 0.0124756 0.0127422 0.0160994 0.0130536 0.0197884 0.0303386 0.0281212 0.0101724 0.00141984 0.00402007 0.0570423 0.0830145 0.0447832 0.0240271 0.0250942 0.0500403 0.00900984 
0.0167637 0.0231887 0.0402873 0.053719 0.0193826 0.0831556 0.0753249 0.0309476 0.0182173 0.0303869 0.0574843 0.0940495 0.0160865 0.0516816 0.0160275 0.0686938 0.0192581 0.0072746 0.0411663 0.0188362 0.0296791 0.0219344 0.0364187 0.0397525 0.0201738 0.0250576 0.0212972 0.0237546 
0.0820242 0.0235982 0.0482959 0.0088183 0.00557197 0.00568135 0.0181293 0.00513039 0.115818 0.038025 0.00747223 0.0123128 0.0186862 0.00527054 0.011178 0.0296266 0.0823774 0.122589 0.0368814 0.0375669 0.0666745 0.00708888 0.0189101 0.0213317 0.0502001 0.104111 0.0096749 0.00695492 
0.0613699 0.0414519 0.00903382 0.248113 0.0174686 0.0232322 0.00450031 0.115544 0.00647521 0.0157153 0.0461719 0.0340265 0.0172541 0.0348406 0.0165545 0.0302993 0.0284368 0.00218119 0.00556363 0.0088692 0.00395322 0.0478585 0.017576 0.0148424 0.0267969 0.0266272 0.0237453 0.0714984 
0.0613699 0.0414519 0.00903382 0.248113 0.0174686 0.0232322 0.00450031 0.115544 0.00647521 0.0157153 0.0461719 0.0340265 0.0172541 0.0348406 0.0165545 0.0302993 0.0284368 0.00218119 0.00556363 0.0088692 0.00395322 0.0478585 0.017576 0.0148424 0.0267969 0.0266272 0.0237453 0.0714984 
0.0648834 0.0419939 0.0131315 0.11532 0.0380124 0.0239752 0.0116667 0.0738108 0.0150433 0.020553 0.0361318 0.0122048 0.0253193 0.0198396 0.0410025 0.0413854 0.0505457 0.00241605 0.0128796 0.0153036 0.0139187 0.0800448 0.0542186 0.0272675 0.0231981 0.0234157 0.0530012 0.0495171 
0.145589 0.044507 0.0212165 0.0447409 0.0274293 0.0443266 0.0688429 0.0377625 0.0446374 0.0193245 0.0161913 0.0177431 0.0187574 0.0416352 0.0880207 0.0127585 0.106781 0.0172159 0.0222639 0.00619229 0.00760131 0.0253686 0.0192181 0.0122174 0.0342903 0.0267105 0.0163324 0.0123255 
0.0142128 0.0284541 0.0161759 0.125487 0.127219 0.0167619 0.0100474 0.0615092 0.00945134 0.0439044 0.0299119 0.0138587 0.0756462 0.0389885 0.0289596 0.0103644 0.0203389 0.0169091 0.00635265 0.00823767 0.046852 0.0353931 0.0259092 0.0126228 0.0426218 0.0912349 0.0306548 0.01192 
0.131107 6.95365e-05 0.00712886 0.0293933 0.0197775 0.00136383 0.276379 0.000411695 0.00103628 0.000416699 0.00658029 0.0526699 0.0010155 0.00113616 0.00037652 0.0303042 0.00271527 1.304e-05 0.409488 0.00431776 0.0168391 6.25501e-05 0.00295839 1.15934e-05 0.00101723 1.23725e-05 1.218e-05 0.00338641 
0.0694138 0.0230874 0.100607 0.0269389 0.0152002 0.00950499 0.0311767 0.0749148 0.00655498 0.0387934 0.0377811 0.0271994 0.00944542 0.0299673 0.0276369 0.0163114 0.062592 0.0327876 0.121981 0.04314 0.0608462 0.0154577 0.0548012 0.0156885 0.0133586 0.0183505 0.00825579 0.00820711 
0.215115 0.00771761 0.00165778 0.0207622 0.118316 0.0124976 0.0114277 0.0927496 0.0282561 0.0782755 0.0387608 0.0356328 0.00327616 0.0477766 0.00552875 0.00559642 0.010074 0.00356458 0.0309601 0.00642914 0.0204071 0.03282 0.0281996 0.0215068 0.00926366 0.0399385 0.0299466 0.0435432 
0.0417731 0.0211353 0.00963587 0.0843546 0.0444547 0.0256268 0.00689447 0.075413 0.0350197 0.0120978 0.0368053 0.0294373 0.00851535 0.0800148 0.0764194 0.0151343 0.00388756 0.0109531 0.0314028 0.0211287 0.0195565 0.126883 0.00716477 0.0604446 0.0160962 0.0288407 0.00918853 0.061722 
0.0544051 0.0120967 0.0107939 0.0865483 0.0124168 0.0670695 0.0394759 0.0189343 0.0264107 0.0299614 0.0500443 0.012742 0.00351031 0.0385777 0.00388842 0.0423722 0.00633322 0.0366364 0.0498478 0.00387203 0.072471 0.123339 0.056022 0.0247999 0.0766569 0.00357433 0.0215259 0.0156735 
0.0211542 0.0541028 0.0630582 0.0593555 0.0162895 0.0466409 0.0176163 0.0974516 0.0162522 0.014731 0.0343595 0.0430457 0.020948 0.0316527 0.00803965 0.00992316 0.0340366 0.018302 0.00530121 0.0156416 0.0383157 0.0408123 0.0492639 0.0678762 0.0326624 0.0991047 0.0242412 0.0198213 
0.0619858 0.0384386 0.0124193 0.100215 0.0681612 0.0248545 0.00651815 0.122055 0.0299811 0.0285003 0.0250272 0.0140418 0.0167424 0.0328134 0.00435224 0.0129026 0.0580717 0.0129032 0.00251108 0.0105722 0.0176635 0.095075 0.0292515 0.00997791 0.0112203 0.016948 0.0957109 0.041086 
0.0349658 0.0462332 0.0358089 0.0218214 0.0110688 0.00927151 0.042962 0.0737743 0.0307951 0.092311 0.00777883 0.0393146 0.0101259 0.102071 0.08062 0.0105679 0.0170651 0.00853619 0.033223 0.0324353 0.0069564 0.00689996 0.0127145 0.00522349 0.0481118 0.00859265 0.0509966 0.119755 
0.0128485 0.0490909 0.0166469 0.05606 0.00587342 0.00373547 0.00959681 0.199615 0.0121022 0.0497446 0.00575753 0.0700546 0.0275604 0.0148079 0.118078 0.0148835 0.0280772 0.00552287 0.00310091 0.0573863 0.0105278 0.0500955 0.0405839 0.0305311 0.0132427 0.00429759 0.0134939 0.0766845 
0.0525611 0.029254 0.031161 0.0178964 0.00610488 0.0574801 0.0319845 0.0208418 0.0670222 0.0475798 0.00589129 0.0468429 0.00855527 0.00866634 0.0669005 0.0162038 0.0371942 0.130602 0.010502 0.0771379 0.0369358 0.0149551 0.0125399 0.0319732 0.0228088 0.00405455 0.0104986 0.0958521 
0.0272915 0.00725706 0.00704588 0.00813818 0.0028471 0.106917 0.00431934 0.0208266 0.0230624 0.0502332 0.178214 0.00865762 0.00144604 0.00190935 0.054684 0.0204189 0.0151289 0.048727 0.00105245 0.269669 0.0314159 0.0110619 0.0065856 0.00618983 0.00346946 0.00336285 0.0044323 0.0756373 
0.00811734 0.0156201 0.0132946 0.0224428 0.0100734 0.0289065 0.0184295 0.0102677 0.0949192 0.0257476 0.0486853 0.0283895 0.0178002 0.261474 0.0443752 0.0349994 0.0168474 0.0309779 0.00699199 0.0793389 0.0390671 0.0146393 0.0330339 0.0157551 0.0181058 0.0290097 0.014387 0.0183038 
0.0208673 0.0147171 0.0085624 0.00557714 0.0283856 0.0154769 0.0154485 0.0143427 0.0989818 0.0665128 0.0278376 0.00984535 0.00613326 0.0264111 0.0625786 0.0453292 0.0248074 0.197133 0.0040497 0.0155033 0.0647061 0.00890199 0.0418163 0.0102173 0.0452246 0.0451721 0.0632176 0.0122436 
0.0146791 0.0109583 0.0118608 0.0157084 0.0159366 0.0356385 0.0142488 0.00706415 0.0657901 0.0231218 0.0297733 0.0995099 0.0260727 0.181906 0.0704543 0.0591801 0.0135081 0.0326873 0.00629716 0.0654316 0.0281958 0.012193 0.02702 0.032882 0.0249107 0.0435974 0.00790357 0.0234708 
0.00443513 0.181599 0.02705 0.0170392 0.0114671 0.106381 0.0443144 0.030251 0.0460151 0.0572173 0.0864266 0.0117963 0.0247025 0.014798 0.00621543 0.0504813 0.0394401 0.00742057 0.00229196 0.0553123 0.0051563 0.0162951 0.0295192 0.0268729 0.0189758 0.0349921 0.0037642 0.0397708 
0.00951452 0.0161454 0.0401076 0.021468 0.0276767 0.0429251 0.0410674 0.0282609 0.0442602 0.0447421 0.1204 0.00339843 0.0488037 0.0800801 0.0307005 0.00642942 0.0354667 0.0714892 0.0201804 0.0117089 0.0506073 0.0532567 0.0142979 0.027783 0.0131349 0.00550208 0.011416 0.0791767 
0.01286 0.00712057 0.00203277 0.00491627 0.000686345 0.0119534 0.00657748 0.00256184 0.0568291 0.076749 0.0128949 0.00900106 0.00842561 0.0303696 0.0353028 0.0279337 0.0197797 0.0622441 0.0127111 0.332553 0.139461 0.00823393 0.0057961 0.00759286 0.0709714 0.00303419 0.00426589 0.0271419 
0.0163819 0.0613248 0.0132974 0.0139623 0.0101015 0.0426486 0.00131832 0.012569 0.00709701 0.0712611 0.0669751 0.0449664 0.0179624 0.0346546 0.0263705 0.028246 0.0307583 0.0829255 0.0361309 0.192574 0.0368106 0.079883 0.00957063 0.0193079 0.00464926 0.0089183 0.0225047 0.00682947 
0.0482918 0.0137037 0.00706148 0.00311224 0.0110357 0.0342017 0.00939647 0.0165947 0.0223831 0.0337543 0.0226831 0.0190596 0.0472521 0.02084 0.0247082 0.0101035 0.180245 0.0335884 0.026851 0.126537 0.111868 0.0200355 0.0502046 0.022581 0.0236757 0.0164744 0.0266506 0.0171072 
0.0394993 0.0113971 0.00613726 0.00487375 0.00941716 0.0278506 0.02286 0.023813 0.019326 0.0275338 0.0187689 0.0312764 0.039384 0.0170914 0.02042 0.00863591 0.187962 0.0276696 0.0221353 0.119182 0.153654 0.0165332 0.0412025 0.0185995 0.0198175 0.0139828 0.0219487 0.0290274 
0.0089697 0.0134308 0.000734737 0.000366285 0.00483622 0.00331243 0.00478641 0.000260273 0.00181418 0.416272 9.80749e-06 0.0902245 0.0128035 0.000653117 0.00188893 0.000998561 0.0824858 0.0506021 0.116372 0.0281798 0.0384581 0.003539 0.00252717 0.111147 0.0020485 0.00223453 0.00041755 0.000625801 
0.00519629 0.0643066 0.0325124 0.0128203 0.00650194 0.0262734 0.023168 0.0118362 0.0977073 0.11517 0.0404981 0.00904349 0.0133158 0.0467578 0.0116885 0.0250956 0.0214606 0.0138773 0.0149261 0.0754677 0.011221 0.0572063 0.0277479 0.0774069 0.100039 0.015019 0.00709852 0.0366379 
0.00923271 0.0901071 0.0180233 0.015365 0.0659534 0.0825049 0.0729222 0.0513853 0.00949748 0.00889658 0.0122289 0.0244366 0.0227324 0.00748464 0.046063 0.00856819 0.0487733 0.0383417 0.0327171 0.011311 0.0623533 0.0122061 0.0564194 0.00927318 0.00631498 0.0324357 0.0542211 0.0902316 
0.00218609 0.112662 0.035079 0.00378906 0.0185732 0.0487712 0.0273235 0.0146644 0.00396405 0.0817608 0.0169358 0.0222166 0.00491557 0.00532998 0.125937 0.00398942 0.00651628 0.0674605 0.018728 0.130191 0.0196573 0.0690284 0.0201266 0.0150832 0.0874557 0.00831803 0.00857596 0.0207611 
0.0121711 0.0193211 0.0313919 0.0055566 0.082541 0.108372 0.0619121 0.0208998 0.0664423 0.0149498 0.0664645 0.0251772 0.012355 0.046916 0.0189152 0.0203881 0.0402898 0.0333384 0.0182997 0.104008 0.0247579 0.00683347 0.0400225 0.010297 0.0109771 0.0467901 0.0112229 0.0393896 
0.0204581 0.053104 0.0128334 0.0332109 0.0346618 0.0089197 0.0170586 0.110418 0.0267296 0.0320635 0.139365 0.0330643 0.0052213 0.0390648 0.0211553 0.0104027 0.0293677 0.0163673 0.00721115 0.0183517 0.0175669 0.0704573 0.0199416 0.0254818 0.0159831 0.107988 0.0411149 0.0324384 
0.0211157 0.0214904 0.00451412 0.0146721 0.00981334 0.0334769 0.0101829 0.0173529 0.0375549 0.0190511 0.0165892 0.0344077 0.00296983 0.0433319 0.00658017 0.002181 0.034711 0.0145743 0.0598471 0.145899 0.217688 0.00312947 0.00967723 0.128432 0.0205106 0.0249172 0.0162097 0.0291204 
0.0238614 0.030091 0.0206258 0.00196283 0.0541232 0.0168528 0.0212349 0.011028 0.0323796 0.0145506 0.0194208 0.0352384 0.0103902 0.052745 0.0122512 0.0635418 0.045365 0.0691382 0.0461459 0.0988311 0.131239 0.029192 0.0575534 0.0131279 0.00773592 0.00181637 0.0565364 0.0230218 
0.0246167 0.026213 0.0814547 0.0143982 0.00475542 0.0485383 0.0399183 0.0312963 0.105563 0.00716961 0.0482995 0.0119625 0.0369809 0.0642269 0.0113238 0.0521037 0.0373496 0.0599611 0.0470137 0.0529933 0.0294159 0.0245947 0.0234387 0.0335167 0.0100736 0.0209723 0.0155481 0.036302 
0.00970075 0.0536828 0.0321165 0.0752999 0.0205372 0.0219816 0.0332837 0.0243968 0.0849313 0.0317779 0.00659132 0.00695805 0.085712 0.0576483 0.0121181 0.00955161 0.0880375 0.00408981 0.0817534 0.0321115 0.0186958 0.019431 0.0073227 0.0159575 0.00579399 0.0938319 0.0486126 0.0180744 
0.0375315 0.0176876 0.0428474 0.0271813 0.0226174 0.0622916 0.0127622 0.0400486 0.0551806 0.0231395 0.0285862 0.0655904 0.0635394 0.0477237 0.0207868 0.0470259 0.0425394 0.0125269 0.0569424 0.04768 0.0397574 0.0335373 0.0113704 0.017166 0.0128451 0.0333349 0.0359804 0.0417798 
0.0402471 0.0143617 0.0131161 0.0352367 0.159434 0.012881 0.00229231 0.0376504 0.0371803 0.0128064 0.0420538 0.024065 0.0214098 0.0538833 0.0535754 0.0632156 0.026914 0.00371532 0.0057788 0.0437769 0.00458258 0.0892013 0.0232983 0.0862268 0.00799332 0.0181965 0.0059554 0.0609516 
0.0164929 0.021345 0.0331847 0.0864163 0.0615123 0.0652186 0.0168977 0.0410129 0.0311149 0.0113993 0.0281788 0.0257921 0.0268058 0.0223329 0.0188864 0.090686 0.0724177 0.035723 0.0218732 0.0160341 0.016732 0.0282974 0.0308764 0.0213987 0.0118011 0.0180586 0.0524969 0.0770144 
0.015603 0.0624006 0.0114951 0.0365668 0.0131647 0.0546183 0.0106965 0.028524 0.0419608 0.0161831 0.0740126 0.005337 0.0395207 0.0275895 0.0294713 0.0287572 0.0999541 0.00727388 0.0394546 0.0264878 0.0134655 0.021716 0.060426 0.0205243 0.0317127 0.0760503 0.0885282 0.0185052 
0.0548934 0.0154811 0.0249059 0.0233976 0.0442981 0.0355353 0.0130683 0.0536525 0.0206911 0.0363405 0.0113714 0.0149159 0.0494728 0.0412057 0.0710263 0.0277343 0.0459539 0.0142964 0.012617 0.0314747 0.0522099 0.0433219 0.062957 0.0572306 0.0402904 0.026039 0.0598375 0.0157817 
0.0127815 0.00737389 0.0350361 0.0186669 0.0526172 0.0565301 0.00604281 0.0843803 0.0156579 0.0256875 0.0674265 0.0125034 0.0174605 0.0226599 0.0512701 0.0381344 0.0258189 0.00756502 0.0493789 0.017875 0.0796572 0.0447205 0.0211661 0.0919806 0.0240479 0.0475575 0.0341966 0.0318067 
0.0319189 0.00169718 0.00529159 0.0157711 0.044738 0.077648 0.0197824 0.00250366 0.0246589 0.0168158 0.00608584 0.00930101 0.00467769 0.0207301 0.0428821 0.0218885 0.0907867 0.264305 0.00558049 0.171927 0.0197019 0.00459513 0.00535665 0.00591512 0.0205973 0.00926082 0.0176682 0.037915 
0.0237238 0.00189495 0.00521207 0.0233778 0.061249 0.0731822 0.0164616 0.00167612 0.0228696 0.0250025 0.00579833 0.00403761 0.00375922 0.0236847 0.0515034 0.02942 0.0710444 0.154532 0.00547974 0.268869 0.0250188 0.00536905 0.00797135 0.00665038 0.0186241 0.00504912 0.0113888 0.0471505 
0.012375 0.1048 0.0299845 0.0238694 0.0555164 0.0115901 0.0112264 0.116229 0.0207797 0.0272885 0.0285408 0.0229614 0.0236647 0.0423305 0.0109558 0.0135478 0.0659997 0.0161493 0.0302412 0.00962101 0.0170052 0.030668 0.0289005 0.0191759 0.0242774 0.0768597 0.0250694 0.100373 
0.0163621 0.0162546 0.0259283 0.03172 0.0147815 0.0243493 0.0137447 0.0484275 0.198682 0.0225108 0.0100137 0.0121937 0.0354879 0.015008 0.0252328 0.0121536 0.0584629 0.0415795 0.120556 0.0311106 0.0239086 0.00808494 0.0429067 0.0451576 0.0269417 0.00939304 0.0409804 0.0280669 
0.0366914 0.0151281 0.024332 0.00732797 0.0787151 0.0245679 0.131645 0.0117489 0.0644432 0.0631022 0.0172278 0.0748352 0.0102424 0.0196488 0.0107831 0.0313916 0.0374815 0.0199804 0.0226525 0.0239268 0.0705641 0.0128666 0.0421038 0.0323878 0.0136629 0.0109357 0.0194606 0.0721468 
0.0213334 0.0183224 0.172471 0.00776028 0.0139015 0.0100277 0.0144542 0.0240705 0.0305403 0.0294982 0.0129802 0.056666 0.00958908 0.052803 0.0707678 0.0742321 0.0405862 0.0228101 0.0987719 0.0283419 0.0459195 0.0207098 0.0207663 0.0587428 0.0103203 0.00359617 0.0159785 0.0140391 
0.00720337 0.00896781 0.00623903 0.00844424 0.0199781 0.13094 0.0455301 0.0366267 0.00378293 0.00296587 0.00851943 0.0123652 0.0024656 0.0272831 0.011763 0.00375372 0.00872449 0.00223286 0.16166 0.014521 0.0421206 0.168124 0.011325 0.0115091 0.0136153 0.190296 0.0360237 0.00302024 
0.076339 0.262264 0.000975009 0.00845759 0.0362281 0.000563172 0.00332639 0.0723542 0.000516349 0.364379 0.00698388 0.00452192 0.000527019 0.00106892 0.000670166 0.00201095 0.0196684 0.0359633 0.000405727 0.000418618 0.00031994 0.000717386 0.056298 0.0371725 0.0019027 0.00118884 0.00433898 0.000419584 
0.0123584 0.0519778 0.0254952 0.00998629 0.0173909 0.0300587 0.0066679 0.00441505 0.118456 0.070435 0.00655729 0.11098 0.00843799 0.0100547 0.017649 0.0244943 0.0283759 0.0236539 0.025271 0.0836088 0.0242012 0.0177222 0.0247471 0.0532322 0.016826 0.0179495 0.0395531 0.119444 
0.0366106 0.0346474 0.0370003 0.0319424 0.0348622 0.0323592 0.0375298 0.0300193 0.0322712 0.0346043 0.0350663 0.0376158 0.0399462 0.0353818 0.0363107 0.0371908 0.0359181 0.0389841 0.0371802 0.0325966 0.0349353 0.0311663 0.0382872 0.0346593 0.0428324 0.0369883 0.0364131 0.0366808 
0.0169015 0.135526 0.0091781 0.0163863 0.0109457 0.0458725 0.0150571 0.0368678 0.05008 0.0230341 0.0412094 0.0257462 0.0336293 0.0737052 0.00965014 0.0120312 0.019577 0.0186616 0.00999803 0.0315344 0.0956985 0.0316852 0.0321796 0.0931262 0.0217518 0.0309416 0.0160215 0.043004 
0.0164337 0.011776 0.0934771 0.0131432 0.0364401 0.0441278 0.0604833 0.045562 0.0339291 0.052251 0.0491976 0.05536 0.0156022 0.0289783 0.0180793 0.0160765 0.00929153 0.0904313 0.0466901 0.0435573 0.00814417 0.0530566 0.0156281 0.0514206 0.00956752 0.0346552 0.0278231 0.0188172 
0.0269056 0.109545 0.0221574 0.0528026 0.0895266 0.0251227 0.0123331 0.0511208 0.0167644 0.0156678 0.0333408 0.0212917 0.00865693 0.0915249 0.0174755 0.0136657 0.0674573 0.0145875 0.0345974 0.0231696 0.030398 0.0485929 0.023227 0.0752722 0.0270156 0.0170496 0.00440262 0.0263292 
0.0558769 0.0331056 0.0247656 0.0410095 0.0333484 0.0174745 0.0306312 0.0531479 0.0125714 0.106257 0.0405991 0.0215502 0.0301114 0.0386091 0.0261656 0.0145125 0.0598787 0.00986478 0.0200266 0.0330281 0.0229596 0.0894374 0.0269143 0.0216114 0.0107102 0.0414364 0.0594447 0.0249522 
0.00638129 0.137008 0.0150657 0.00802287 0.0265593 0.0582021 0.0459129 0.024441 0.022766 0.0109616 0.0194104 0.0101328 0.038914 0.0148086 0.0736369 0.0304689 0.0696871 0.00895663 0.0242564 0.124535 0.0186233 0.00154605 0.00478555 0.0496741 0.00898218 0.090264 0.0089653 0.0470322 
0.0369001 0.0144433 0.0539468 0.023459 0.0128031 0.0341768 0.027162 0.00612713 0.113364 0.0324652 0.00372349 0.0106889 0.00555754 0.0509044 0.0521813 0.0537087 0.0298819 0.12141 0.0258336 0.064924 0.0267962 0.045722 0.00811415 0.0435889 0.0201854 0.00647664 0.0568698 0.0185856 
0.0835894 0.125572 0.033268 0.0488446 0.021279 0.0584229 0.00607233 0.00670203 0.0292259 0.0228035 0.0229881 0.0270066 0.0125903 0.00722556 0.0210012 0.0306627 0.052448 0.0495809 0.0210944 0.0210351 0.0618476 0.0277405 0.00404531 0.0889095 0.0378149 0.048623 0.0184226 0.0111845 
0.0145717 0.0808219 0.0318082 0.0367811 0.0816901 0.087261 0.0106663 0.0251488 0.0230647 0.0260342 0.000829784 0.00525934 0.0314765 0.00479762 0.0817831 0.0257345 0.0328947 0.00951943 0.0149162 0.00745784 0.0209867 0.143649 0.0170004 0.0118293 0.0158111 0.125274 0.0170566 0.0158769 
0.199628 0.006829 0.0406877 0.0225608 0.0578492 0.0537286 0.00931493 0.0321702 0.0195123 0.0152816 0.0551793 0.0738551 0.0209783 0.0340504 0.0247588 0.0388253 0.0610581 0.0107192 0.00959717 0.0259929 0.0267958 0.0090761 0.0365651 0.0253525 0.0108 0.0269995 0.0302736 0.0215602 
0.027189 0.0247876 0.0264286 0.0132629 0.0341596 0.059986 0.0460741 0.0260107 0.053839 0.111112 0.0343151 0.0423 0.0188094 0.0164847 0.0408379 0.0110728 0.033043 0.0547127 0.0407864 0.0297395 0.0623406 0.0752771 0.0217224 0.0186275 0.0114734 0.0208945 0.0154876 0.029226 
0.000881157 0.00917298 0.0187013 0.0276767 0.0469883 0.0475088 0.0280017 0.0187854 0.0201947 0.000832869 0.0303836 0.127655 0.0394191 0.00510948 0.0533102 0.000895122 0.00086449 0.0103211 0.0366894 0.000784546 0.0975369 0.158276 0.0792499 0.0550566 0.0164945 0.0543053 0.0140224 0.000882846 
0.0105731 0.00790404 0.0138286 0.00738384 0.0120777 0.00787286 0.00264135 0.0134961 0.0941003 0.26771 0.00161694 0.0134881 0.00899165 0.0105403 0.00112356 0.0100638 0.00830292 0.00747421 0.0109632 0.00901838 0.00436639 0.0149573 0.024066 0.0129536 0.00418398 0.269099 0.00885914 0.142344 
0.0498493 0.0975175 0.0747176 0.0379554 0.0384965 0.0119329 0.00692847 0.00721387 0.0117449 0.0201634 0.210189 0.0103005 0.0169651 0.0143373 0.00281116 0.0558357 0.0256219 0.00708925 0.00317251 0.0127841 0.00317231 0.0193309 0.0176789 0.0265724 0.0405417 0.0324309 0.11295 0.0316969 
0.0124141 0.0124073 0.00356209 0.000378926 0.000663419 0.178074 0.0218168 0.00837159 0.0692015 0.0341698 0.00188175 0.0108427 0.00282184 0.00909955 0.0390976 0.00766294 0.0683148 0.134281 0.00836149 0.243487 0.0550945 0.0176835 0.00441089 0.00718814 0.0265548 7.85953e-05 0.00842386 0.013656 
0.00507471 0.0174361 0.0595528 0.0108644 0.0767181 0.00788938 0.0111879 0.037958 0.0148257 0.0083379 0.00323738 0.0255512 0.00777446 0.0959752 0.0176815 0.0479715 0.0587295 0.0119353 0.0552862 0.119183 0.0266809 0.0570675 0.0196142 0.00687994 0.0192413 0.123683 0.0280724 0.0255913 
0.0276752 0.0347249 0.0307929 0.0409671 0.0139405 0.0591101 0.0146256 0.036354 0.01047 0.0200468 0.0341425 0.0328965 0.0211982 0.0263613 0.0486906 0.0231146 0.0468376 0.028577 0.0246548 0.0489547 0.0805907 0.0350984 0.0456076 0.0491114 0.037813 0.018136 0.0319895 0.0775186 
0.0576235 0.0549236 0.0304241 0.0211778 0.0374317 0.0405733 0.0837233 0.0160196 0.0322886 0.0416569 0.0204947 0.0294473 0.019484 0.02106 0.0273419 0.0232798 0.0367042 0.00925041 0.0849709 0.00794568 0.0497126 0.0429689 0.110076 0.0115995 0.0204801 0.0128366 0.0206885 0.0358171 
0.0157808 0.021187 0.0602004 0.0237299 0.0209317 0.0567729 0.00632452 0.0170298 0.0116868 0.036859 0.0433698 0.0218147 0.0163436 0.0173057 0.0592144 0.0083506 0.0592648 0.0533033 0.0315333 0.0698826 0.125773 0.0492254 0.0219462 0.0373904 0.0446548 0.0170959 0.0107216 0.0423073 
0.0200508 0.0261386 0.0239361 0.0172418 0.137005 0.00913117 0.0076297 0.36841 0.00769684 0.0131687 0.035995 0.0140673 0.00647767 0.0300852 0.0115232 0.1013 0.00385765 0.0083064 0.00412475 0.00500846 0.00272969 0.0153838 0.0364467 0.0386492 0.00218729 0.0355979 0.01338 0.00447138 
0.113781 0.0176423 0.0169168 0.0310274 0.00935318 0.0365949 0.0180658 0.0334809 0.0366791 0.0815271 0.00655547 0.0319565 0.00803301 0.0524345 0.052911 0.0221229 0.0208294 0.0515365 0.0225318 0.054965 0.0124672 0.0522001 0.00354451 0.0517458 0.081574 0.0249435 0.0187485 0.0358321 
0.0239065 0.0661523 0.0764039 0.0202508 0.0306604 0.0415254 0.0366622 0.0277781 0.0171135 0.0241243 0.0729477 0.0176681 0.0231134 0.0188727 0.0300735 0.100729 0.0429283 0.00873262 0.036845 0.00681349 0.0183519 0.0603676 0.0379018 0.0509809 0.0208733 0.0417743 0.0180284 0.0284201 
0.0143412 0.0518469 0.0515537 0.0253544 0.0168397 0.11682 0.0219904 0.0147767 0.0238077 0.030906 0.0105175 0.0187331 0.00451268 0.0193416 0.0112006 0.0189068 0.0482409 0.0194905 0.0175526 0.033013 0.161556 0.0151712 0.00716929 0.110199 0.0517579 0.0169617 0.0322391 0.0352004 
0.0169822 0.0476042 0.0817241 0.027799 0.0209137 0.0605288 0.0104809 0.00720407 0.134445 0.0330845 0.0179104 0.0320925 0.0440764 0.0346335 0.044376 0.0124934 0.0343467 0.0362719 0.0436753 0.0171249 0.0391654 0.018836 0.0391401 0.0617134 0.0182071 0.030388 0.018265 0.0165171 
0.0552819 0.0167569 0.0203327 0.033821 0.0219661 0.0645764 0.0382719 0.0230459 0.0382877 0.0156662 0.00789046 0.0328777 0.0118498 0.0280366 0.0287266 0.0155381 0.0298254 0.0183604 0.0253166 0.174602 0.0297969 0.0202944 0.0301052 0.0845115 0.0414682 0.0324755 0.0179774 0.042341 
0.0250233 0.0245819 0.0186093 0.0306042 0.0221634 0.0319799 0.0166889 0.0801326 0.0191726 0.0506861 0.0164129 0.0160825 0.0532085 0.0296379 0.0721629 0.0349246 0.0625278 0.0120615 0.084861 0.0189815 0.0207664 0.104271 0.00992556 0.0237984 0.0133019 0.0167441 0.0585789 0.032111 
0.0107677 0.0165598 0.026032 0.102001 0.00567819 0.0879726 0.00264255 0.0853667 0.015082 0.0586342 0.0141079 0.0139931 0.00445959 0.0885112 0.0358803 0.0933051 0.0169411 0.0491538 0.00574021 0.00693956 0.068483 0.0211603 0.0083643 0.0127056 0.00493763 0.0130099 0.0942861 0.0372846 
0.072046 0.0682305 0.01196 0.0203984 0.0141823 0.0559269 0.0252316 0.0199285 0.0101444 0.0139501 0.0607664 0.0484184 0.0179808 0.0816461 0.0186824 0.019081 0.024283 0.0731671 0.0291551 0.0709057 0.0524332 0.0280863 0.0215711 0.0079084 0.0192482 0.0241047 0.0257721 0.0647912 
0.0362694 0.0113062 0.0379014 0.0357089 0.0446437 0.0281901 0.0154411 0.0653586 0.036561 0.0359465 0.0269519 0.0287929 0.0350722 0.0563337 0.0164698 0.027264 0.0228967 0.0104488 0.0321413 0.0564422 0.0712641 0.0441655 0.0242092 0.0854282 0.0164362 0.0270609 0.0330082 0.0382874 
0.0436098 0.00621945 0.0293004 0.0726325 0.00488193 0.090744 0.0285385 0.00428858 0.0312325 0.0454098 0.0105757 0.0594182 0.0163951 0.0119297 0.0641857 0.00237967 0.00650445 0.0514478 0.0509019 0.0768131 0.0860428 0.028471 0.00881188 0.075767 0.0199533 0.0307299 0.0105878 0.0322275 
0.0135505 0.0135306 0.0711906 0.0125976 0.031067 0.123844 0.0573114 0.0185589 0.0100002 0.0139227 0.0101305 0.0138733 0.0181256 0.0612002 0.0584209 0.0876708 0.0322736 0.078744 0.00957733 0.0420684 0.0591414 0.0082401 0.0171322 0.0182302 0.0129118 0.0193687 0.0366081 0.0507091 
0.0330713 0.0229994 0.0166822 0.0289415 0.0490759 0.10031 0.0247828 0.0317001 0.0121795 0.025279 0.0260491 0.0145796 0.0541624 0.062953 0.035251 0.018139 0.0797957 0.0138808 0.0107899 0.0475626 0.118131 0.0507813 0.0173509 0.0113295 0.00882044 0.0363495 0.0394535 0.00959934 
0.110335 0.010619 0.0257299 0.0348977 0.00891647 0.00694086 0.00959874 0.0113557 0.0197268 0.0122779 0.0509776 0.0078959 0.0102168 0.239706 0.0754423 0.0167698 0.0132239 0.0348408 0.0178632 0.0236488 0.0522102 0.0236808 0.0163158 0.0624906 0.0306073 0.0388 0.00680858 0.0281045 
0.0333875 0.0131997 0.0172043 0.00646805 0.0226605 0.0874271 0.0306508 0.00450111 0.0322151 0.0803783 0.0227137 0.0346381 0.011011 0.0215187 0.0382042 0.0217714 0.0280715 0.0339595 0.0153154 0.113549 0.0607443 0.0316164 0.0287876 0.126734 0.00725461 0.00770814 0.00848828 0.0598227 
0.133166 0.0110412 0.107038 0.00932621 0.0114249 0.0554257 0.0142807 0.0101237 0.0261196 0.0313804 0.036364 0.0289518 0.0783002 0.00681608 0.0228933 0.0146581 0.0126157 0.0593988 0.0981081 0.0362589 0.053091 0.0557208 0.00785209 0.0159288 0.033809 0.00987846 0.00452418 0.0155039 
0.0201238 0.108703 0.016478 0.000172609 0.00306635 0.00294217 0.0193116 0.000537278 0.0627406 0.0237817 0.0121331 0.0106603 0.00423522 0.0330036 0.0241664 0.0389633 0.0118566 0.0394267 0.00114981 0.259144 0.00580184 0.0601973 0.00972296 0.0766453 0.0519157 0.00335834 0.0852987 0.0144642 
0.133338 0.0114229 0.118975 0.0114859 0.0128222 0.0268843 0.0133787 0.0624019 0.0180177 0.0221111 0.0100502 0.0239658 0.103355 0.00449113 0.0224858 0.0241714 0.0231317 0.0428761 0.0345383 0.0405042 0.0379155 0.0427654 0.00735299 0.060137 0.0544759 0.0110006 0.00662499 0.0193205 
0.159863 0.0115536 0.119966 0.0118688 0.0158449 0.0434347 0.0112541 0.0168705 0.0216464 0.0253042 0.0212551 0.0229049 0.105696 0.0071202 0.0256175 0.00809657 0.00994094 0.0374445 0.0698466 0.0376339 0.0562818 0.0761528 0.0122828 0.0170181 0.0197701 0.0148709 0.00503223 0.0154282 
0.0050456 0.00477505 0.00509932 0.120461 0.120553 0.040948 0.00282125 0.169625 0.061053 0.0502924 0.0202098 0.00518415 0.0480465 0.00487625 0.014103 0.012115 0.0342012 0.00048843 0.0470487 0.0024504 0.0223228 0.0335814 0.0724342 0.000434243 0.0407849 0.0213175 0.0346725 0.00505528 
0.0247478 0.0141944 0.0222537 0.0227659 0.0246966 0.0521269 0.0290368 0.0194831 0.0133135 0.0113121 0.0207049 0.0250982 0.0397857 0.0125881 0.0490298 0.0225879 0.0149784 0.0252805 0.0567748 0.0273696 0.0531489 0.102004 0.0991506 0.0337651 0.0305277 0.0665914 0.0786472 0.00803619 
0.0326716 0.0469403 0.0149192 0.0236855 0.024667 0.0371395 0.0342083 0.0349404 0.0199413 0.0203382 0.0115842 0.0180546 0.0260766 0.0429114 0.00552364 0.00225283 0.0686068 0.0299891 0.0394852 0.0238286 0.2166 0.0119158 0.0100351 0.0605717 0.103769 0.0166324 0.0107007 0.0120111 
0.0761273 0.0144682 0.0230312 0.0214678 0.0136197 0.0225391 0.0201616 0.0160049 0.0335515 0.0555495 0.0276814 0.026044 0.0324567 0.0257778 0.0274731 0.0508319 0.0871095 0.0116854 0.00819892 0.0395288 0.0369524 0.0698009 0.0757569 0.0291862 0.0301917 0.0503583 0.0396065 0.0348388 
0.0362694 0.00905497 0.0707314 0.0120269 0.00498377 0.0310569 0.0156274 0.0060578 0.0621512 0.0219558 0.0771754 0.0179368 0.0341368 0.0651359 0.0149347 0.0391541 0.0592387 0.0266705 0.0126544 0.00733236 0.0539466 0.0373431 0.0731899 0.0967112 0.0039545 0.0336468 0.0263107 0.0506121 
0.0185186 0.0313097 0.00853944 0.00669041 0.0128841 0.0151367 0.0449726 0.0256641 0.22447 0.0162226 0.0142218 0.0371316 0.00349523 0.00427376 0.0334517 0.0413832 0.0147558 0.144843 0.011373 0.136586 0.0485611 0.0214452 0.00590021 0.00590127 0.0176987 0.0158847 0.0320307 0.00665465 
0.0237838 0.0528058 0.0369487 0.0167675 0.00920458 0.036269 0.0325001 0.0164868 0.0165324 0.147602 0.069907 0.0165726 0.0272681 0.031743 0.0449064 0.0295204 0.02015 0.0162654 0.022955 0.040308 0.133278 0.0138476 0.0207707 0.0145151 0.0388039 0.0284866 0.0257615 0.0160407 
0.035006 0.0559951 0.0207403 0.0119195 0.0226418 0.0526529 0.0805244 0.0060499 0.0663485 0.0952849 0.0366923 0.19493 0.0172045 0.0120324 0.00682094 0.0232769 0.00928401 0.00692886 0.011487 0.0783042 0.0245981 0.0033625 0.0198701 0.0355154 0.0142376 0.0138034 0.0108268 0.0336615 
0.014328 0.0248226 0.0362555 0.0164826 0.0140552 0.055027 0.0490657 0.0239053 0.0571663 0.0309251 0.00169701 0.00334905 0.077887 0.0155038 0.0329596 0.0118308 0.126375 0.0112955 0.0509103 0.0228189 0.139782 0.00336527 0.00434777 0.0913042 0.0654905 0.00139001 0.00777876 0.00988144 
0.0275945 0.0162899 0.0281544 0.0258013 0.0152682 0.0189739 0.00948146 0.0371908 0.0337208 0.0725954 0.0190431 0.103376 0.0154577 0.0275097 0.0444083 0.00481971 0.0193109 0.0292606 0.0232838 0.204912 0.0647977 0.00518405 0.00247216 0.0210909 0.0313175 0.0120734 0.0148104 0.071801 
0.00734043 0.00952216 0.0157615 0.0098046 0.0348397 0.0855809 0.00797898 0.0272696 0.0610058 0.0175286 0.013893 0.0151119 0.0163603 0.023031 0.0694451 0.0334123 0.0225298 0.00738937 0.0115065 0.18579 0.155214 0.0231455 0.0413807 0.0151027 0.00762289 0.0277103 0.0255608 0.029162 
0.054882 0.00341031 0.0206786 0.0411161 0.00263182 0.0889687 0.0336395 0.00314674 0.0582118 0.0623999 0.0142786 0.0351958 0.0105264 0.00784412 0.130312 0.00938718 0.0135671 0.02989 0.0323917 0.0659054 0.0743369 0.019398 0.0217035 0.0432923 0.0238233 0.0377434 0.0194469 0.0418724 
