0.0432886 0.0333656 0.0360603 0.0856376 0.052514 0.0253918 0.0144862 0.0104819 0.00413166 0.0109217 0.00667245 0.0300681 0.0137205 0.104933 0.0792327 0.00811203 0.0533558 0.0708746 0.0384819 0.0577084 0.00409076 0.0124579 0.0191384 0.0161551 0.0101964 0.0501311 0.0214917 0.0182621 0.0686376 
0.0525611 0.0236609 0.0628673 0.056552 0.0508923 0.0154458 0.023728 0.0378875 0.0138949 0.0252028 0.0165339 0.0568255 0.0346482 0.0509362 0.0215278 0.0352364 0.0378101 0.0431348 0.01509 0.0299856 0.0343996 0.0244973 0.0568305 0.0219754 0.0195026 0.0370654 0.0526058 0.0222549 0.0264472 
0.0189741 0.0322026 0.0329729 0.0437793 0.012776 0.00974529 0.0106939 0.0174869 0.012784 0.0372393 0.0267693 0.0777481 0.0312076 0.0360939 0.0289584 0.0614186 0.041855 0.057 0.0586808 0.0275147 0.00757641 0.0257815 0.0409964 0.0124407 0.0491468 0.0423554 0.0658208 0.0229475 0.0570336 
0.0196775 0.0407438 0.08051 0.0397452 0.0359954 0.0258037 0.0803275 0.0259372 0.0267236 0.0283596 0.0260482 0.0598628 0.0104068 0.0852166 0.0243322 0.0140031 0.030795 0.0361322 0.00632284 0.00723754 0.0184953 0.033311 0.0229294 0.0294466 0.0475387 0.00780975 0.0544292 0.0221402 0.0597191 
0.015629 0.052117 0.0455658 0.0423978 0.0479958 0.0117159 0.0101828 0.0188591 0.021655 0.0269299 0.0319939 0.0336818 0.0213338 0.0395319 0.0379103 0.0136697 0.0446737 0.0236432 0.0469064 0.105633 0.013236 0.0902291 0.0259878 0.00805105 0.058575 0.0322806 0.0392784 0.0232816 0.0170546 
0.0153078 0.0581136 0.0339584 0.0168519 0.0593336 0.00867064 0.0312595 0.137688 0.0152624 0.0132235 0.0853993 0.00830267 0.0386811 0.00940885 0.038564 0.0110725 0.0328038 0.026762 0.01352 0.0134098 0.00920893 0.0187929 0.0055849 0.112564 0.0154812 0.068748 0.0164743 0.0385375 0.047015 
0.0275925 0.0318405 0.0202097 0.0443452 0.0669884 0.00808728 0.0179942 0.0663076 0.00610003 0.00850515 0.0861667 0.00399801 0.00972768 0.0147348 0.0590267 0.0301129 0.0396484 0.0220609 0.0940192 0.0357599 0.0126229 0.0433515 0.0278589 0.0452676 0.0318563 0.0448466 0.0139209 0.0288404 0.0582093 
0.0599362 0.0408032 0.166439 0.0497172 0.0243401 0.0149229 0.0172464 0.0270451 0.00835387 0.0209976 0.0120901 0.0393417 0.0125096 0.0763025 0.0179354 0.0133635 0.0590305 0.0233641 0.0711455 0.0304181 0.00923764 0.0231875 0.0268412 0.0147529 0.0207564 0.0372308 0.025757 0.01648 0.0404537 
0.0403595 0.00910419 0.0258541 0.135005 0.0173969 0.0102234 0.0146691 0.0237269 0.00728063 0.0163356 0.0109551 0.0624363 0.00767612 0.0933445 0.00512229 0.0131886 0.105283 0.0782908 0.0322121 0.0471148 0.00389308 0.016615 0.0387866 0.00687797 0.0148613 0.0511652 0.0220243 0.0275061 0.0626909 
0.0214667 0.0323839 0.0772015 0.0655212 0.0200885 0.0328967 0.00612662 0.180423 0.00753229 0.0120296 0.02673 0.00709244 0.00734903 0.0334225 0.0492737 0.00913071 0.0704913 0.00744438 0.0347969 0.0175125 0.0223808 0.0345745 0.101359 0.00834083 0.00942133 0.0311689 0.01441 0.00924726 0.0501838 
0.00651752 0.00677608 0.00620509 0.00569836 0.0391774 0.0699747 0.00623572 0.040691 0.00602914 0.00646725 0.103413 0.00613946 0.00846792 0.063532 0.00661906 0.00674027 0.031976 0.00624255 0.182412 0.00620193 0.00649682 0.0060422 0.173356 0.00590376 0.101147 0.00653923 0.0719698 0.00648412 0.00654484 
0.0309732 0.0125352 0.0130745 0.0706279 0.0442098 0.0175375 0.0668112 0.0535352 0.014798 0.0244752 0.00635474 0.0369666 0.0112947 0.111824 0.0178331 0.0258507 0.103656 0.0408977 0.0492497 0.0329086 0.0300334 0.0242405 0.0231207 0.0102463 0.0296395 0.011924 0.0349624 0.0265319 0.0238875 
0.00647284 0.0103768 0.0486248 0.0373031 0.00176086 0.0319798 0.0190561 0.00737381 0.00932185 0.0274488 0.0128439 0.00581767 0.0155435 0.0784498 0.0917897 0.0570027 0.0699124 0.0308806 0.115901 0.012514 0.0140016 0.0181624 0.0509181 0.0105751 0.0937342 0.0290353 0.0143366 0.0529288 0.025934 
0.0164312 0.0225267 0.0254525 0.0315128 0.0453832 0.0147426 0.0260881 0.0311916 0.00401874 0.0667851 0.052191 0.0348814 0.00822891 0.0451681 0.0687744 0.0094043 0.0743287 0.0179173 0.0279622 0.0505525 0.0294317 0.0300987 0.0207322 0.149103 0.0239593 0.0159434 0.020507 0.0146261 0.0220571 
0.0383286 0.0224895 0.0117706 0.0774411 0.00211976 0.0961933 0.0466779 0.283788 0.00594937 0.00823676 0.0347956 0.0452526 0.000828388 0.00432126 0.00195399 0.00264802 0.00167475 0.00342087 0.0131089 0.00130469 0.00378952 0.00154309 0.143433 0.0060557 0.000837336 0.00167002 0.00219199 0.135473 0.00270264 
0.00875272 0.00712365 0.0021681 0.0471956 0.00608209 0.0866358 0.0465294 0.0751053 0.00260676 0.00583113 0.00133136 0.152951 0.000426907 0.108839 0.000504185 0.000318975 0.225153 0.012151 0.0478956 0.0545452 0.0254869 0.01516 0.00769761 0.00239455 0.0249526 0.0203731 0.001132 0.0058777 0.00477894 
0.00590982 0.0585406 0.0193049 0.0574174 0.000907131 0.022347 0.0239345 0.0363628 0.0161982 0.0117546 0.0507212 0.00615145 0.013512 0.111805 0.0163988 0.00921131 0.0293091 0.0387464 0.000876768 0.00323972 0.0205408 0.00883132 0.0616052 0.00268211 0.00287057 0.0198366 0.0170904 0.170498 0.163397 
0.0156727 0.0206777 0.0204836 0.0150802 0.0602498 0.0442177 0.0130897 0.0384893 0.00910079 0.0121437 0.0250227 0.0805712 0.0254659 0.0194583 0.0447307 0.0257739 0.088822 0.0220302 0.0383185 0.0383435 0.0743306 0.0201455 0.0361725 0.00891785 0.0388756 0.0301137 0.0799772 0.033653 0.020072 
0.0365755 0.0228117 0.0193643 0.0492095 0.0150747 0.0201632 0.0105506 0.0237632 0.0046917 0.018797 0.012302 0.0106789 0.00302604 0.0705816 0.0616928 0.00272668 0.0644086 0.146663 0.0211939 0.0152257 0.0113882 0.026873 0.0246187 0.00293804 0.210008 0.0182108 0.010028 0.0258912 0.0405432 
0.090638 0.0109666 0.0235147 0.0332667 0.00549098 0.00774218 0.00811682 0.0257002 0.0070146 0.0108322 0.0332581 0.103423 0.05812 0.0322651 0.00983563 0.0624019 0.0152316 0.0853971 0.0402142 0.0796758 0.00666074 0.00925683 0.117741 0.00442071 0.0216783 0.00610165 0.048791 0.01322 0.0290237 
0.03036 0.278014 0.0398648 0.0153285 0.0106019 0.0121372 0.0533679 0.0237978 0.0179804 0.036095 0.0187132 0.0263296 0.0155092 0.0326928 0.0159382 0.00923769 0.0438724 0.0106988 0.00896079 0.00683947 0.0383087 0.0165708 0.0183568 0.00717127 0.00718324 0.0288266 0.0687676 0.00768164 0.100794 
0.029395 0.037019 0.0450717 0.0263946 0.0129309 0.0166626 0.0214081 0.0380487 0.0103985 0.0180522 0.0670428 0.0518491 0.0152186 0.0462084 0.0140882 0.037655 0.0194233 0.171452 0.0182425 0.0214758 0.0237039 0.0147792 0.0316853 0.0157703 0.0178308 0.0632537 0.0701402 0.027072 0.0177277 
0.0410075 0.110023 0.0361185 0.024931 0.0862322 0.0219708 0.0504071 0.0149647 0.0112721 0.0198528 0.039989 0.0236582 0.0184921 0.0153796 0.0479755 0.0103696 0.0349876 0.0298383 0.0554766 0.0338603 0.0122496 0.0291647 0.0244969 0.0294944 0.037421 0.0329636 0.0577317 0.0234537 0.0262179 
0.0288795 0.0144359 0.0317953 0.0568185 0.0166814 0.011966 0.0227803 0.0199904 0.0108266 0.0484855 0.031846 0.0469536 0.00672902 0.0917871 0.0328078 0.00950646 0.099225 0.0360949 0.0868494 0.0216634 0.035486 0.0424314 0.0524611 0.00946314 0.0089786 0.00606509 0.0239288 0.0530918 0.041972 
0.0714455 0.0142463 0.0165144 0.0159662 0.0117715 0.0134172 0.0351608 0.00507726 0.00311275 0.0702484 0.0496412 0.0119035 0.035173 0.0757553 0.0099947 0.0130547 0.0460404 0.0178078 0.0545683 0.0398047 0.015014 0.0197627 0.109089 0.0328572 0.0136572 0.0429798 0.114395 0.0272843 0.0142565 
0.0435212 0.0294103 0.0321356 0.0911369 0.0248501 0.014231 0.0411486 0.0369587 0.00563568 0.0307138 0.0377218 0.197999 0.00106088 0.0432344 0.0184247 0.0128363 0.0339337 0.0262207 0.0222299 0.0248437 0.0138018 0.0169946 0.0213575 0.00886156 0.0223549 0.02627 0.0468165 0.0181482 0.0571483 
0.0474054 0.0543063 0.0176702 0.0606283 0.00991261 0.0597973 0.0222522 0.0128336 0.0121333 0.0311027 0.0161242 0.0578245 0.0129264 0.0414547 0.0160119 0.0160477 0.033483 0.0767248 0.057808 0.0430914 0.0442327 0.0127247 0.0605732 0.0148546 0.0580204 0.0141703 0.0357718 0.0327958 0.0273182 
0.0374107 0.0637897 0.021688 0.0454918 0.015093 0.0812372 0.0159988 0.0648423 0.0406148 0.0252598 0.0272769 0.0187704 0.0059995 0.029857 0.0275564 0.0098143 0.0378214 0.0341715 0.0248436 0.048647 0.0920966 0.0160107 0.0414199 0.00819582 0.0123765 0.0201292 0.0236769 0.0110445 0.0988658 
0.00207294 0.00837982 0.019276 0.0320456 0.00210959 0.0348838 0.00254205 0.0323565 0.00197012 0.0725935 0.00900401 0.00290787 0.00101389 0.0445749 0.330678 0.00615439 0.0982448 0.0106341 0.00984267 0.00723776 0.0181062 0.087186 0.0142075 0.00137912 0.0263109 0.0145804 0.0145482 0.032895 0.0622645 
0.0472908 0.0706238 0.00944847 0.0451164 0.0187068 0.0660156 0.104161 0.0364131 0.0171012 0.0876484 0.00823628 0.0381538 0.0109007 0.0153195 0.0181174 0.0411199 0.0145999 0.0418607 0.0611047 0.00774743 0.0247833 0.0963315 0.016071 0.0163393 0.0338372 0.00951599 0.0267333 0.0105865 0.00611623 
0.0378188 0.0477964 0.0178502 0.050784 0.0262302 0.0267884 0.0100834 0.0510016 0.0228532 0.0104162 0.023913 0.0622121 0.00628815 0.0652843 0.0175501 0.0197041 0.0616742 0.0914748 0.0482485 0.0438857 0.00842512 0.0149327 0.0508113 0.00589113 0.0418179 0.0275035 0.0346945 0.0436921 0.0303744 
0.00819102 0.0343553 0.194024 0.00871285 0.00958881 0.00214767 0.07464 0.0509351 0.0318 0.0904986 0.00548936 0.00466323 0.0011403 0.0667221 0.0709764 0.00594587 0.0323134 0.045934 0.0272219 0.032344 0.0142307 0.00347695 0.0127871 0.047373 0.00477246 0.0133715 0.0148497 0.0614994 0.0299955 
0.0255771 0.030056 0.0393652 0.029241 0.00412622 0.00441056 0.00687572 0.0195128 0.0033405 0.0169033 0.0125561 0.045422 0.0181234 0.0558768 0.0426069 0.0354843 0.0978447 0.0417951 0.0878893 0.0625727 0.0196107 0.0175747 0.0715468 0.00746349 0.0297507 0.0402239 0.0391357 0.0185284 0.076586 
0.0439193 0.0169196 0.114441 0.0446228 0.0271965 0.0094957 0.0658943 0.0181394 0.00274547 0.0144708 0.0816371 0.0480543 0.0120331 0.0334669 0.0117635 0.0120097 0.12377 0.0493214 0.00924735 0.0392251 0.0163155 0.0234618 0.0188086 0.00402038 0.0134401 0.0485902 0.0540718 0.0336419 0.00927642 
0.0294371 0.133634 0.0634743 0.0404027 0.00789327 0.0361752 0.0587953 0.00166743 0.0512388 0.0168164 0.0124748 0.0377211 0.0212141 0.103774 0.031741 0.00903621 0.0305397 0.0443123 0.00494179 0.00217647 0.0336997 0.0452926 0.0161527 0.0313981 0.0139289 0.00683587 0.0695733 0.0241146 0.0215378 
0.00399832 0.13925 0.0804038 0.0713312 0.0441371 0.0145235 0.0341226 0.0571205 0.0397894 0.0185886 0.00499588 0.00351461 0.00283807 0.0346914 0.0184698 0.00232228 0.00533592 0.0202516 0.0261862 0.0109346 0.0434771 0.051401 0.0067898 0.0191237 0.0195276 0.0336812 0.0891972 0.011603 0.0923938 
0.0226256 0.0404393 0.149652 0.109601 0.0326347 0.0108238 0.00438627 0.0264673 0.00490484 0.032838 0.00875582 0.0271719 0.00948176 0.0509495 0.0218639 0.00377842 0.0632777 0.0326613 0.0374807 0.0269502 0.00792248 0.0527041 0.0150433 0.00362766 0.00737216 0.0263409 0.0856911 0.0315242 0.0530302 
0.000897929 0.000933551 0.000854885 0.000785072 0.0863606 0.0184046 0.000859105 0.000934343 0.000830645 0.023166 0.0142474 0.0135335 0.0186662 0.000795719 0.00547151 0.0055717 0.044788 0.00516027 0.000810687 0.00939894 0.605074 0.000832444 0.00551156 0.0414818 0.000870946 0.0099101 0.000901399 0.000893327 0.0820542 
0.0188948 0.0323657 0.0357685 0.0235286 0.00376642 0.00817574 0.0181872 0.0373769 0.0171066 0.0497805 0.00839232 0.0277351 0.0235696 0.104355 0.013085 0.0081021 0.0486808 0.0567648 0.0378463 0.0207234 0.0137918 0.013946 0.0427333 0.0128709 0.132101 0.106741 0.012763 0.00930383 0.061544 
0.0228594 0.0756356 0.0841773 0.0186342 0.0205493 0.0338347 0.0111152 0.0130958 0.00508941 0.00753816 0.00543484 0.0405399 0.0213589 0.0469457 0.0238286 0.0225911 0.0425267 0.0113586 0.0141266 0.0648189 0.0786421 0.0954021 0.0113558 0.0135802 0.113705 0.0505077 0.0390591 0.00481573 0.006873 
0.0320821 0.0165667 0.0215094 0.0507687 0.0200096 0.0160038 0.0338998 0.0140847 0.0874711 0.0518066 0.0430918 0.0159304 0.0100645 0.0289314 0.0389285 0.0134848 0.0389529 0.0181484 0.0526085 0.0521085 0.0183326 0.0980926 0.0214311 0.0191194 0.0278392 0.0643546 0.0202362 0.0454596 0.0286827 
0.0651462 0.0257293 0.023598 0.0367424 0.116821 0.0169913 0.0402107 0.0495872 0.0376474 0.0136356 0.0312493 0.0215778 0.0357972 0.00811993 0.0531223 0.0845895 0.0359571 0.0254411 0.00862735 0.0128237 0.0111117 0.00839597 0.125888 0.015801 0.0253398 0.0132625 0.00689262 0.0155492 0.0343457 
0.0504339 0.0790406 0.0159487 0.100247 0.0152518 0.0120199 0.0197269 0.0249959 0.00511014 0.0289869 0.0263628 0.165045 0.00984811 0.0390735 0.0131929 0.00762146 0.0188528 0.026769 0.0540089 0.0219579 0.0322053 0.0212592 0.0209864 0.00626532 0.00977515 0.0193035 0.0834915 0.0141365 0.0580833 
0.0504339 0.0790406 0.0159487 0.100247 0.0152518 0.0120199 0.0197269 0.0249959 0.00511014 0.0289869 0.0263628 0.165045 0.00984811 0.0390735 0.0131929 0.00762146 0.0188528 0.026769 0.0540089 0.0219579 0.0322053 0.0212592 0.0209864 0.00626532 0.00977515 0.0193035 0.0834915 0.0141365 0.0580833 
0.0300949 0.0187895 0.00946507 0.0895797 0.042541 0.0187094 0.0389206 0.0169662 0.00379702 0.00231736 0.0268724 0.102986 0.00744981 0.0662979 0.0461397 0.00824471 0.0881755 0.00385524 0.0114795 0.0246567 0.00431304 0.0284691 0.0454573 0.00812492 0.0484791 0.0259534 0.061962 0.0461991 0.0737034 
0.016855 0.00910372 0.014411 0.0706952 0.0130665 0.0106128 0.0306829 0.0134124 0.00978771 0.142401 0.0546685 0.0250221 0.0043422 0.0230185 0.0154583 0.0035643 0.0614003 0.119229 0.041222 0.0247351 0.00632196 0.065003 0.0288223 0.0202197 0.00679763 0.0103557 0.0997729 0.0199972 0.039021 
0.0129082 0.0326778 0.0200091 0.0327912 0.00915853 0.0197724 0.0157011 0.0237035 0.0266291 0.0596251 0.0491442 0.0191224 0.00787947 0.0501917 0.0406538 0.0138671 0.0984452 0.0138365 0.00916127 0.122901 0.0186636 0.0453393 0.0240355 0.0115795 0.0187466 0.0613016 0.0457889 0.056347 0.0400187 
0.326727 0.000614515 0.0736267 0.000516779 0.000783177 1.86097e-05 0.0242804 0.00299581 0.00433894 0.0381419 0.0877524 1.79606e-05 0.00237815 0.00407201 0.0382626 0.00100563 0.00024945 0.167939 0.0317772 0.000199577 0.136388 0.000371198 0.0278148 0.00122625 0.0221185 0.00231474 0.000114842 0.000967413 0.00298688 
0.0140774 0.0266401 0.144125 0.019095 0.00860802 0.0146419 0.0228068 0.0147119 0.00704713 0.04763 0.0239089 0.0511986 0.0120436 0.10198 0.0305812 0.0161817 0.0303001 0.040283 0.0226781 0.0161735 0.00758103 0.182937 0.0255428 0.0163749 0.0112645 0.0196085 0.028477 0.0171041 0.0263994 
0.0418062 0.0349246 0.0146037 0.0956261 0.00186237 0.00425003 0.0416166 0.00199975 0.0086442 0.00166136 0.00272012 0.0126716 0.00623629 0.00876733 0.00639457 0.00403669 0.0672158 0.254187 0.103188 0.109572 0.00423886 0.0143543 0.0260711 0.00797453 0.024214 0.0200336 0.00522168 0.0418906 0.034016 
0.0251915 0.0352438 0.0309078 0.00693942 0.0272459 0.0125199 0.0590227 0.00679328 0.0121295 0.0247073 0.0078186 0.0572569 0.00922171 0.00504039 0.0177976 0.0129887 0.0395653 0.0222787 0.207772 0.00654941 0.0220344 0.0226817 0.0158916 0.0185633 0.0756017 0.0214923 0.0504254 0.0951422 0.0511768 
0.0925536 0.203375 0.0618579 0.00797493 0.00207158 0.0132713 0.00730536 0.020217 0.00803612 0.0229007 0.00253712 0.0789851 0.000818541 0.00755355 0.00461194 0.0557327 0.0304864 0.0198487 0.0334654 0.0262879 0.0270741 0.0155352 0.0316666 0.0147487 0.00667681 0.0330628 0.0736409 0.0652528 0.0324515 
0.0264535 0.0791413 0.0389283 0.0455302 0.00636505 0.0126372 0.0184672 0.02872 0.0037357 0.00851294 0.0156686 0.059453 0.0219525 0.112948 0.0278533 0.00690472 0.0537058 0.0122654 0.00929404 0.0549802 0.032132 0.0340563 0.0685786 0.0143196 0.0137972 0.045978 0.0940093 0.0415385 0.0120735 
0.0343299 0.0337593 0.0248551 0.0493129 0.01759 0.0288477 0.0406822 0.0494761 0.00307495 0.0127336 0.0149996 0.0287281 0.00348687 0.0891913 0.00695299 0.0183443 0.0700618 0.120456 0.0192716 0.0406685 0.00654728 0.0110304 0.0499203 0.0988149 0.0269174 0.0115498 0.0219443 0.013226 0.053227 
0.0100748 0.0703552 0.0928881 0.0154314 0.0112722 0.0607694 0.0290104 0.0124865 0.101802 0.0280885 0.012699 0.0108284 0.00700574 0.010266 0.0211766 0.0363179 0.00625688 0.0418604 0.0275755 0.0107738 0.0838809 0.0630164 0.0105831 0.055597 0.012791 0.106994 0.00836593 0.0316019 0.0102306 
0.0126683 0.00659347 0.00900507 0.00344788 0.0172641 0.200261 0.0167967 0.0192633 0.0891119 0.022108 0.0159133 0.0148485 0.00391183 0.0108981 0.0658808 0.0103968 0.264896 0.0167231 0.00386112 0.00790651 0.00558216 0.0139641 0.0151337 0.0440012 0.0154499 0.00659082 0.0264624 0.0364204 0.0246398 
0.0102768 0.117544 0.0524107 0.0644478 0.0161144 0.0895128 0.0379637 0.0169738 0.0125309 0.0310324 0.0115917 0.0122843 0.00570092 0.0139018 0.0123621 0.0751075 0.0193005 0.0579463 0.00505292 0.0122108 0.0482831 0.0241327 0.0528546 0.0444601 0.0252666 0.0469196 0.0398375 0.026771 0.0172083 
0.0305154 0.0237027 0.125918 0.00159929 0.0479149 0.0780315 0.125344 0.00926239 0.00402455 0.0244382 0.0138682 0.00921457 0.00636167 0.0155149 0.0118651 0.00289977 0.00112201 0.00428431 0.00422949 0.00110624 0.0842346 0.00258113 0.00368636 0.252801 0.00142473 0.0972503 0.0033294 0.010495 0.0029808 
0.00937466 0.00924383 0.00668281 0.0474968 0.0205901 0.0398176 0.0949159 0.0157087 0.0045073 0.020988 0.0215822 0.0179466 0.00921826 0.0112987 0.0425933 0.0232791 0.0060586 0.0153046 0.0130963 0.0256863 0.0613657 0.0112632 0.0283865 0.0152354 0.261837 0.027789 0.0563175 0.0675949 0.0148212 
0.0752347 0.0136143 0.0798603 0.0153395 0.0279647 0.0618158 0.0210233 0.0470798 0.00729215 0.0371417 0.0753698 0.0103494 0.0152491 0.0150825 0.0322204 0.0448985 0.010846 0.0147148 0.0178707 0.0367644 0.0555018 0.0927283 0.0334302 0.0532987 0.021956 0.0243672 0.00989943 0.0297367 0.0193496 
0.0120166 0.00742042 0.00852626 0.0244088 0.0225004 0.0433644 0.0746236 0.0224138 0.0307333 0.0408055 0.0123484 0.0303012 0.0145278 0.0376951 0.0488328 0.0273649 0.0132235 0.00733548 0.0143868 0.0413379 0.0615711 0.0115594 0.0414233 0.0123099 0.162042 0.0353135 0.0715738 0.0591006 0.0109398 
0.0211928 0.136679 0.0405832 0.0414433 0.039571 0.00753491 0.0221385 0.0290201 0.00763103 0.0279171 0.0167231 0.0125923 0.029648 0.083092 0.0134413 0.00217638 0.133257 0.00426219 0.0247819 0.0278204 0.00665003 0.0113158 0.0221403 0.0210699 0.00927741 0.135577 0.0117033 0.0398253 0.0209342 
0.00827739 0.0335563 0.00986162 0.00251682 0.0457697 0.0469401 0.0234547 0.0175418 0.0107677 0.0532962 0.0178057 0.0654048 0.0095007 0.022415 0.0212212 0.032782 0.0227843 0.0830859 0.0441578 0.0205746 0.00708417 0.0623238 0.0399655 0.0332951 0.0342313 0.021487 0.0674717 0.127472 0.014955 
0.0276929 0.0210702 0.010764 0.0101795 0.0470342 0.131762 0.00785545 0.0243219 0.00430594 0.0125102 0.00953681 0.0165623 0.00249786 0.00875566 0.00494016 0.146917 0.00443326 0.00374057 0.00300896 0.0163888 0.278618 0.0390435 0.00344085 0.0666252 0.0100952 0.0226283 0.00696826 0.0556789 0.00262402 
0.0112513 0.0662752 0.106721 0.0125 0.0491496 0.0123421 0.0662391 0.0432711 0.0256334 0.0212868 0.0223959 0.0398521 0.016623 0.0103704 0.0278384 0.0871042 0.0339336 0.0719493 0.0291741 0.0307617 0.0316989 0.0540149 0.0597196 0.0043885 0.035596 0.00551203 0.00502782 0.007703 0.0116671 
0.02109 0.0188651 0.045782 0.0044537 0.030372 0.0162143 0.0885218 0.00394825 0.00584913 0.024028 0.0230242 0.0461955 0.0259131 0.0337013 0.120143 0.0751526 0.0190192 0.00657607 0.0337226 0.064944 0.006705 0.019082 0.00383683 0.00727841 0.150018 0.0297914 0.0539675 0.00333753 0.0184668 
0.0175936 0.015718 0.0373165 0.00391584 0.0322878 0.0225133 0.0714954 0.00355153 0.005081 0.0305623 0.0192746 0.054723 0.0374924 0.0468787 0.115108 0.0614764 0.0157358 0.00864799 0.0364638 0.0524102 0.00587127 0.0159641 0.00367547 0.0150014 0.181732 0.0246079 0.0444696 0.00496821 0.0154645 
0.0707803 0.238714 0.0481468 0.000497891 0.00544078 0.0220429 0.0045315 0.00196556 0.0237186 0.00249459 0.00166664 0.000928944 0.0610129 0.000627728 0.0157421 0.00195352 0.0119932 0.161517 0.0529311 0.0361613 0.0657099 0.0665196 0.00221661 0.0402733 0.00742309 0.00287074 0.0356384 0.000497456 0.015984 
0.0422187 0.0156278 0.0584308 0.0128154 0.017236 0.00562716 0.0376768 0.0315337 0.0299801 0.0123194 0.024127 0.098641 0.036557 0.0364538 0.0200316 0.0496512 0.0109977 0.0121092 0.0368397 0.0486417 0.0466914 0.0238855 0.0295614 0.05509 0.0869601 0.0287165 0.0686779 0.0150248 0.00787654 
0.0105386 0.013149 0.0733789 0.0578429 0.0111937 0.0228786 0.037801 0.045317 0.0378717 0.0125257 0.0479514 0.0271426 0.00847593 0.0258679 0.0561412 0.0167774 0.0310527 0.0182136 0.0125181 0.0170883 0.170876 0.0795878 0.00783984 0.0312076 0.0556455 0.0176462 0.0226515 0.013144 0.0176756 
0.0144416 0.00150823 0.00861758 0.0014083 0.0298725 0.00711477 0.00927629 0.0345772 0.0404523 0.0155528 0.00447731 0.0207166 0.0164483 0.0111188 0.00584061 0.285882 0.00251377 0.130124 0.0120597 0.00338233 0.130374 0.0121773 0.00162443 0.0027433 0.00694525 0.0137729 0.154897 0.0146669 0.00741346 
0.0887744 0.0295333 0.153576 0.0511644 0.0364852 0.0172142 0.0364475 0.0356841 0.0178724 0.0470678 0.016269 0.00624084 0.0209648 0.0136991 0.0362758 0.0123349 0.0233037 0.0090024 0.0429031 0.0102744 0.0434923 0.0297236 0.0137934 0.0643784 0.0648833 0.0152486 0.042279 0.0127745 0.00833943 
0.0139721 0.0216985 0.0222276 0.038686 0.0151174 0.016597 0.0298525 0.0568031 0.0122962 0.0140462 0.0116162 0.0893541 0.0212277 0.0265568 0.0179007 0.0232415 0.0208244 0.0510159 0.118373 0.0364056 0.0135537 0.0132154 0.111291 0.0241563 0.0404413 0.0339779 0.031406 0.0478394 0.0263068 
0.033756 0.011073 0.193873 0.00223906 0.0250559 0.0189075 0.0946603 0.00857569 0.0106801 0.0600527 0.0345102 0.0191875 0.00551498 0.0171145 0.0017749 0.00762336 0.00213471 0.00442044 0.0100687 0.0362469 0.140964 0.020605 0.00464815 0.109128 0.0175487 0.0828664 0.0063507 0.0100191 0.0104008 
0.0224191 0.0126013 0.0706973 0.00245108 0.0164349 0.00835869 0.0332788 0.0658043 0.0143977 0.0775059 0.0352897 0.0443321 0.00411118 0.0181677 0.0237416 0.0782677 0.00866539 0.0348515 0.0616587 0.0101472 0.170692 0.00938589 0.0218211 0.0500439 0.0196848 0.0245479 0.010438 0.0109109 0.0392934 
0.0398935 0.0727327 0.0783544 0.0269644 0.0674656 0.0420292 0.0413904 0.0147069 0.0233602 0.0172176 0.0645086 0.0170163 0.00474448 0.0153038 0.0143032 0.0145982 0.0350008 0.00761125 0.0182761 0.0491836 0.112031 0.0381336 0.0356036 0.0308309 0.0298357 0.0330191 0.0293668 0.0170696 0.00944819 
0.0315872 0.00713373 0.00628548 0.0262573 0.0115262 0.0523727 0.0159443 0.0240059 0.00902617 0.00460303 0.0285756 0.068432 0.00554266 0.0369994 0.0700275 0.0420282 0.0119 0.0106039 0.067463 0.0266962 0.00827785 0.0614001 0.159384 0.00977836 0.0183804 0.119708 0.019305 0.0145121 0.0322435 
0.0253664 0.0239048 0.0369216 0.0969096 0.0402896 0.0529816 0.020444 0.0127009 0.0125803 0.054407 0.0582996 0.0405334 0.00556411 0.0385867 0.0239926 0.0205949 0.0293392 0.0434808 0.0139432 0.0422347 0.0144513 0.0346839 0.0254963 0.0477963 0.0191766 0.0613211 0.034345 0.0281131 0.0415414 
0.0494597 0.00443196 0.00632508 0.105195 0.0262778 0.00429529 0.0898573 0.0208187 0.0327376 0.0226566 0.00945715 0.0949671 0.00471508 0.0564396 0.00992799 0.0726129 0.0429653 0.0242857 0.0232614 0.0293819 0.0141133 0.0432101 0.0065035 0.0155668 0.0114713 0.0130059 0.0792777 0.0697968 0.0169858 
0.0290397 0.0296588 0.0167757 0.0499518 0.0151053 0.0468325 0.0920292 0.0555579 0.0354771 0.0148727 0.0243138 0.114415 0.0129274 0.0470462 0.019881 0.00656618 0.041489 0.0358407 0.0431524 0.0242451 0.00932007 0.0439618 0.0166901 0.0302906 0.0210002 0.0176695 0.0280814 0.0377996 0.0400091 
0.0195141 0.0275345 0.00230943 0.0562392 0.0136697 0.0155937 0.0103053 0.00659385 0.00343424 0.0361064 0.0431361 0.0536004 0.00217886 0.146373 0.0215147 0.00277002 0.0491141 0.0666253 0.105192 0.0568525 0.0259556 0.00677887 0.0287008 0.0139548 0.017516 0.0665313 0.0139269 0.0723158 0.015663 
0.0373516 0.00450316 0.0511306 0.0194195 0.0835981 0.0340535 0.0285674 0.0492302 0.00797514 0.0233398 0.0628503 0.0284035 0.0579721 0.0254138 0.0750844 0.0203102 0.0514268 0.0209804 0.0445544 0.0343492 0.0255582 0.029552 0.0148968 0.0173632 0.0127175 0.0352981 0.0405898 0.0271866 0.0363237 
0.0660831 0.0143139 0.0735911 0.0212887 0.0206818 0.0280633 0.0224263 0.0199906 0.017916 0.0190154 0.0701201 0.0907656 0.0119466 0.028322 0.0119543 0.0168702 0.00398271 0.056205 0.0343231 0.0824224 0.0161968 0.00659693 0.0606178 0.0304579 0.0137631 0.0194409 0.0921073 0.0405817 0.00995545 
0.00867384 0.0134269 0.004762 0.00429942 0.0218521 0.019839 0.0985872 0.0988157 0.0105032 0.00350127 0.0191714 0.0273461 0.00589061 0.0261051 0.00849814 0.0194024 0.0154368 0.0102922 0.0135919 0.0228024 0.013078 0.0449886 0.0133776 0.287981 0.0523375 0.055857 0.0442647 0.027129 0.00818906 
0.00803694 0.00818014 0.00456118 0.00533009 0.00857995 0.0198667 0.086972 0.107007 0.00234846 0.00355786 0.00632186 0.0271564 0.00565044 0.0149866 0.00668779 0.0226713 0.018746 0.0132756 0.0141866 0.0263136 0.0181805 0.0643244 0.0126808 0.316287 0.0390294 0.0507976 0.0492259 0.0278896 0.0111482 
0.0204715 0.0518473 0.0263521 0.0164693 0.0248646 0.119238 0.0248793 0.0247139 0.0173584 0.102546 0.0149423 0.0218452 0.0291706 0.0352209 0.0174811 0.0260758 0.0275898 0.0477864 0.0294376 0.0516095 0.0158308 0.0195905 0.0688215 0.0473825 0.0134242 0.0205629 0.0314636 0.029306 0.023718 
0.0107481 0.0159891 0.0466199 0.0205289 0.0131644 0.0277184 0.0631778 0.0330261 0.0106564 0.0276894 0.0295722 0.0138063 0.111747 0.057475 0.0165252 0.148683 0.0197873 0.0236672 0.0222159 0.0891655 0.0344103 0.0234553 0.015517 0.025093 0.0200485 0.0120877 0.0185699 0.0179637 0.030891 
0.0276328 0.0187529 0.0546649 0.0806258 0.032696 0.018152 0.0364822 0.0168163 0.022557 0.0126425 0.0291894 0.0419533 0.0233955 0.0279425 0.0529394 0.049095 0.00824267 0.0440937 0.0251401 0.00672646 0.0157988 0.0529569 0.0539907 0.155975 0.0101433 0.0277029 0.0126046 0.0271417 0.0139457 
0.00283636 0.00769691 0.00422779 0.0118602 0.0641661 0.0124619 0.014612 0.0110044 0.00261354 0.0180917 0.10802 0.161161 0.000745348 0.041607 0.063152 0.0349045 0.0552039 0.0133184 0.0663007 0.0100221 0.0196886 0.0479517 0.12543 0.0330679 0.0139151 0.00730008 0.00981622 0.035761 0.00306428 
0.0301049 0.00567247 0.0166102 0.0204171 0.0189568 0.00345158 0.0296039 0.00583858 0.00927704 0.0821453 0.207802 0.01401 0.0104383 0.00832277 0.0959881 0.0123335 0.0302889 0.0104205 0.0137174 0.0634666 0.00845558 0.0505813 0.0870087 0.00213074 0.0115587 0.0556748 0.00232486 0.0874607 0.00593931 
0.00115563 0.0455316 0.00617457 0.00180156 0.0482835 0.142995 0.0076189 0.00571184 0.00378769 0.00113848 0.00105546 0.00111988 0.000131593 0.00144343 0.0553024 0.000585542 0.0030833 0.283741 0.0101277 0.00160527 0.0275508 0.00813673 0.00107182 0.000753515 0.274582 0.0053076 0.0582646 0.000769774 0.00116881 
0.0385558 0.0207495 0.0425947 0.0935953 0.0730293 0.0354435 0.0351148 0.0399942 0.0257107 0.0222323 0.0391868 0.0111617 0.027295 0.0370774 0.0311351 0.0433343 0.0226956 0.02062 0.0276605 0.0246899 0.034898 0.0903563 0.0341292 0.0328245 0.0249704 0.00739142 0.0289602 0.0280522 0.00654127 
0.0352282 0.0366258 0.0335395 0.0308005 0.0352934 0.0343839 0.033705 0.0366568 0.0325885 0.0349565 0.0349353 0.0331847 0.0457704 0.0312182 0.0357771 0.0364322 0.0288058 0.033742 0.0318055 0.0335224 0.0351164 0.0326591 0.036039 0.0319108 0.0341696 0.0353455 0.0353644 0.0350477 0.0353759 
0.0240394 0.145569 0.0182698 0.00913665 0.0537087 0.0185755 0.0341498 0.0312401 0.0314712 0.0241312 0.0190951 0.0450992 0.00892868 0.109391 0.0466775 0.0191007 0.0387474 0.029106 0.0116395 0.050461 0.0230791 0.0261688 0.0182668 0.0181247 0.0318855 0.0241364 0.047413 0.0185009 0.023888 
0.0394505 0.0443127 0.02272 0.0167376 0.0270787 0.0367876 0.0751847 0.0173232 0.0934777 0.0322736 0.023502 0.0299129 0.00774534 0.0484711 0.119175 0.0209617 0.0223904 0.00997861 0.0429345 0.0245389 0.0279244 0.0550676 0.0127373 0.0105881 0.00886371 0.0220421 0.015284 0.0393628 0.053173 
0.0226097 0.0330935 0.0486315 0.0337097 0.0112119 0.0735764 0.0434761 0.115983 0.00598995 0.0189332 0.026644 0.0989594 0.0129657 0.0267543 0.0168613 0.0176754 0.0408181 0.0286814 0.0581107 0.0360986 0.0438489 0.0209281 0.0128333 0.0187615 0.043238 0.03361 0.00840216 0.0368373 0.0107573 
0.0354042 0.0282324 0.0498522 0.0662213 0.043081 0.00718973 0.0281882 0.0197665 0.0620794 0.0625233 0.0126832 0.0195907 0.00631707 0.0116172 0.0235265 0.00910342 0.0504536 0.0425357 0.0872011 0.0254706 0.0137449 0.0712332 0.0170975 0.0411871 0.0122862 0.0201798 0.0546213 0.0450545 0.0335579 
0.026551 0.0148412 0.0178547 0.00561283 0.0376642 0.0188664 0.00862034 0.0342038 0.00686057 0.0347302 0.132769 0.00307471 0.0298167 0.0124075 0.00957048 0.0786579 0.0371143 0.0365015 0.174623 0.0386706 0.145232 0.0137736 0.0161528 0.0238861 0.0100559 0.00403869 0.0077607 0.00196799 0.0181216 
0.00359152 0.037531 0.0504027 0.00680653 0.00781362 0.0244082 0.0231797 0.0149745 0.0114525 0.0681123 0.00702496 0.0119632 0.0109475 0.00214824 0.105799 0.17775 0.00829639 0.0331855 0.099765 0.00569834 0.0182078 0.0165575 0.0214942 0.170194 0.0166292 0.0046665 0.00763113 0.024434 0.00933569 
0.0396804 0.0191351 0.0457148 0.0285607 0.0193064 0.0769176 0.0388791 0.0271891 0.0194234 0.0573565 0.093511 0.0305047 0.00502784 0.0132447 0.0203996 0.0279153 0.0144671 0.0105056 0.046244 0.114845 0.057002 0.0420271 0.00410695 0.0299959 0.0428073 0.0289905 0.00622752 0.0267591 0.0132562 
0.0123183 0.00216678 0.010841 0.0351438 0.0451093 0.00929268 0.031858 0.0266319 0.00573687 0.0227012 0.00844321 0.0657734 0.0309714 0.0267933 0.100491 0.0112355 0.0571992 0.0803101 0.0835808 0.0452972 0.0163662 0.0472138 0.0766066 0.0185498 0.015186 0.0160525 0.0079519 0.0488873 0.0412915 
0.0297148 0.0879272 0.0123679 0.0311744 0.0169757 0.0511305 0.0675465 0.0146775 0.0306691 0.0763513 0.0395538 0.0335049 0.0042609 0.030653 0.00578528 0.0223368 0.0715826 0.0335392 0.0192484 0.0363664 0.0310755 0.0656193 0.0244053 0.0356206 0.0167192 0.0309288 0.0366986 0.0225458 0.0210209 
0.027426 0.05153 0.0815193 0.0340887 0.0264746 0.0327404 0.0309177 0.0341843 0.0374753 0.0198443 0.0312692 0.0189823 0.0109287 0.0454521 0.0343181 0.0382807 0.0424557 0.0136861 0.0418003 0.0506151 0.00968274 0.0531985 0.00977514 0.0304758 0.0899625 0.0168679 0.0348166 0.0336512 0.0175808 
0.000849836 0.0273901 0.0210364 0.0156035 0.0263937 0.00497682 0.0577294 0.102579 0.000786156 0.0303581 0.000842769 0.0448302 0.0231872 0.0007531 0.0138092 0.000878881 0.0111185 0.0089538 0.000767267 0.0857206 0.0135542 0.0283628 0.0139103 0.000769807 0.000824298 0.20123 0.167211 0.00084548 0.0947273 
0.00229726 0.010665 0.00738428 0.0220939 0.00344087 0.00357421 0.00557099 0.0150526 0.0014939 0.013113 0.0124284 0.0997585 0.00372352 0.0107029 0.00429652 0.00719791 0.0125726 0.129319 0.0158327 0.0127915 0.00863841 0.00940451 0.0158459 0.0143398 0.0112735 0.0795536 0.00767193 0.448633 0.0113289 
0.026082 0.0985766 0.0322135 0.0024936 0.00921942 0.00487432 0.103427 0.00946392 0.000683123 0.00985619 0.00354036 0.048834 0.00451364 0.00448619 0.0376703 0.0313241 0.0588059 0.0042432 0.0822517 0.0592137 0.00128684 0.0530451 0.0452121 0.00336333 0.00783982 0.0211379 0.0645623 0.0856941 0.0860856 
0.00926863 0.0613318 0.0616418 0.0114495 0.0232179 0.0476591 0.0652809 0.00111502 0.0232505 0.0218404 0.00560792 0.032113 0.000647657 0.00994379 0.00420452 0.0354214 0.0114339 0.00143015 0.00432341 0.014967 0.169851 0.114737 0.000173986 0.163627 0.0106333 0.0260298 0.0307797 0.0272722 0.0107466 
0.00816044 0.00357565 0.0730811 0.0130486 0.018855 0.0612507 0.157613 0.00774993 0.0058412 0.00516549 0.0050791 0.00694934 0.0404479 0.00944227 0.0220237 0.00551229 0.00903381 0.0456088 0.0137287 0.0224988 0.0681507 0.0299241 0.0223799 0.121714 0.0337572 0.0208236 0.148152 0.00755551 0.0128783 
0.0464569 0.0385141 0.0468653 0.0349709 0.0156494 0.0444153 0.0477447 0.0273437 0.016512 0.0294318 0.0111454 0.00938716 0.0126597 0.0597256 0.0163995 0.0584165 0.0543774 0.0246956 0.0259271 0.0515255 0.0267423 0.0680874 0.0362141 0.0438862 0.0400509 0.0465717 0.0277684 0.0326989 0.00581662 
0.0969565 0.0312999 0.0202333 0.0482465 0.0350137 0.0062153 0.00949162 0.0303945 0.104938 0.0169959 0.0111736 0.0404775 0.0137266 0.0366563 0.0158098 0.0570864 0.054544 0.0127877 0.0241032 0.0620192 0.00984519 0.0542204 0.0209864 0.0297089 0.0226419 0.0171865 0.0474222 0.0362394 0.0335797 
0.0164675 0.0412451 0.105457 0.00519478 0.0418586 0.0119396 0.0232531 0.0155867 0.0159036 0.0254904 0.0246212 0.0196877 0.016703 0.059812 0.0300001 0.0857536 0.0297992 0.0629871 0.0282331 0.0265943 0.110209 0.0295817 0.0244271 0.0137762 0.0661201 0.0264958 0.0224945 0.00725261 0.0130553 
0.0265136 0.0126237 0.022084 0.0736991 0.0218329 0.0562355 0.00995468 0.0172909 0.00855275 0.0259324 0.0223019 0.0264317 0.000264608 0.0466774 0.0461319 0.00658192 0.23082 0.0357676 0.0626526 0.0537627 0.00899329 0.0393835 0.0222942 0.0124443 0.00465137 0.015484 0.0518039 0.0118247 0.0270086 
0.0272446 0.0459993 0.00745213 0.0151724 0.0298158 0.0139974 0.0155169 0.0372203 0.0314324 0.0318818 0.0426822 0.0606961 0.00564277 0.00684792 0.0126463 0.106192 0.00570725 0.0122017 0.0541151 0.051033 0.0259043 0.0559831 0.0425467 0.0198493 0.0381542 0.0560086 0.0577883 0.0704479 0.0198199 
0.0253513 0.0309219 0.0178111 0.0450597 0.0221582 0.0178392 0.0244665 0.0569186 0.0842115 0.0123057 0.0187539 0.0886391 0.00502399 0.0784131 0.0367439 0.018741 0.0855545 0.00864743 0.0285957 0.0319566 0.00774135 0.0182559 0.0132201 0.102765 0.034391 0.016188 0.0223065 0.0271051 0.0199145 
0.0375547 0.038375 0.0479137 0.00856199 0.100191 0.0784774 0.0850492 0.0185452 0.0380785 0.0438124 0.0628796 0.0269097 0.0506278 0.0230093 0.0155742 0.0329867 0.0182758 0.00865015 0.017125 0.0110149 0.0284251 0.0239565 0.0302464 0.0196151 0.0374308 0.0440948 0.0291043 0.0161601 0.00735435 
0.0198128 0.0515585 0.0495249 0.0418687 0.0598144 0.0119355 0.0191449 0.0648754 0.00511495 0.0394812 0.0609508 0.0228509 0.0290717 0.0166307 0.0550555 0.0197694 0.0420957 0.00622275 0.0278215 0.0327443 0.0107918 0.0371586 0.0452202 0.0531521 0.00359046 0.0351396 0.0656909 0.0477249 0.0251869 
0.0318922 0.023321 0.0657821 0.0267898 0.0321298 0.0107939 0.0439545 0.0254418 0.0214445 0.0254769 0.0608721 0.0673894 0.00662507 0.0140499 0.010081 0.0230799 0.0365383 0.0156385 0.0780025 0.0359411 0.0127932 0.0628835 0.0142029 0.072659 0.0149355 0.0515067 0.0137765 0.0858745 0.0161239 
0.0299568 0.0403797 0.120624 0.0743003 0.0569771 0.00641815 0.0258793 0.0215873 0.00903293 0.0282952 0.0275416 0.0650113 0.0276078 0.0866574 0.0137547 0.0230407 0.0375139 0.0272261 0.0167508 0.0361319 0.014546 0.016418 0.020119 0.0164401 0.0118888 0.0483116 0.0579523 0.0149011 0.0247362 
0.017166 0.0366077 0.00381656 0.0303719 0.0192003 0.117612 0.173867 0.0115876 0.103753 0.00940762 0.0165608 0.0136173 0.00284043 0.00544069 0.0152717 0.0122456 0.0134465 0.0368473 0.0123269 0.00634976 0.0381774 0.0153505 0.005085 0.0655786 0.0760614 0.00864011 0.0050289 0.0371395 0.0906014 
0.0178009 0.0838751 0.0272134 0.0549388 0.0105865 0.0207452 0.00614043 0.0650189 0.0293538 0.0276249 0.0603224 0.00560863 0.00525641 0.0384584 0.040777 0.0167483 0.010164 0.0239322 0.0110894 0.00226348 0.0120327 0.0152012 0.0222894 0.227361 0.0171726 0.023832 0.0931584 0.0204633 0.0105715 
0.0231753 0.0164399 0.0519604 0.0189849 0.0339609 0.0237335 0.0491103 0.0199441 0.0103461 0.0427137 0.044968 0.0885371 0.0182456 0.0310767 0.0398774 0.0688807 0.0173335 0.0374918 0.0369747 0.0258368 0.0141127 0.0550268 0.0312563 0.0440855 0.0187392 0.0438188 0.0368971 0.0452924 0.0111798 
0.0936274 0.0128411 0.0819913 0.0192704 0.00909381 0.0608035 0.0328274 0.0675576 0.0187708 0.0338035 0.01631 0.0250442 0.0299369 0.0194701 0.0310305 0.0316216 0.0108387 0.00971799 0.019076 0.0419288 0.0513815 0.0222613 0.0135888 0.133927 0.0140723 0.0705296 0.00721545 0.0154922 0.00596987 
0.0469412 0.0440271 0.0271838 0.0139346 0.0718867 0.0115536 0.0247527 0.0727059 0.0287436 0.00898708 0.0470944 0.0117184 0.0137105 0.0478827 0.0302773 0.0146923 0.0216155 0.0486963 0.0472445 0.0243144 0.0978836 0.0311263 0.0156646 0.0372593 0.0200732 0.0474955 0.0258403 0.0399731 0.0267214 
0.0224273 0.0493319 0.0111651 0.0445984 0.0202174 0.0213596 0.0317339 0.0216319 0.00915031 0.0357239 0.0404446 0.029556 0.00475415 0.0509436 0.0398183 0.0502375 0.0519276 0.0284199 0.0366209 0.0391164 0.0217858 0.0107609 0.0111163 0.0191822 0.02158 0.0132955 0.198588 0.0457926 0.0187206 
0.0106494 0.0105289 0.00887618 0.0914874 0.00798847 0.0219903 0.030901 0.0322139 0.0117563 0.0173634 0.00852322 0.0326127 0.00960943 0.0084231 0.0118587 0.189379 0.0161267 0.0670605 0.041524 0.0117481 0.00993285 0.0293415 0.0384436 0.180578 0.00650954 0.0367334 0.0358825 0.00752856 0.0144299 
0.0970763 0.0676131 0.0577915 0.00765369 0.0444167 0.0463101 0.0366379 0.0171416 0.0281784 0.0549407 0.020793 0.0117997 0.0309083 0.0173898 0.0523884 0.0282489 0.0231416 0.053305 0.0338007 0.0158591 0.0297931 0.0425746 0.0169342 0.0436769 0.0266538 0.053849 0.0274677 0.00361087 0.0100454 
0.0122969 0.0269906 0.0959841 0.0219691 0.0398935 0.0144583 0.0996428 0.0113766 0.0138402 0.0733213 0.120332 0.0246896 0.0093804 0.0270294 0.0570244 0.00675476 0.0167186 0.031987 0.0298172 0.0116266 0.0272133 0.047839 0.00941525 0.028344 0.0613395 0.00736537 0.0117461 0.0272065 0.0343977 
0.137116 0.00767128 0.0128509 0.00154102 0.00480073 0.00337704 0.211648 0.00330024 0.0114027 0.00415109 0.0616206 0.01372 0.085524 0.00858418 0.0569741 0.051281 0.016352 0.031685 0.0703177 0.0082056 0.0631252 0.00459498 0.0126021 0.00505449 0.047956 0.000726276 0.0457075 0.0138679 0.00424215 
0.0129611 0.0415554 0.0617472 0.0486556 0.0269326 0.00870437 0.138706 0.0370202 0.0108673 0.0407655 0.0841271 0.0247019 0.0135106 0.0294769 0.0697027 0.0132432 0.00735091 0.0224636 0.0198745 0.0303938 0.0171536 0.0399563 0.0117765 0.0452021 0.0909189 0.00922192 0.00717554 0.0104997 0.0253349 
0.0124472 0.0254552 0.105426 0.0107123 0.0525752 0.0122863 0.117186 0.0105118 0.00978128 0.0614964 0.157388 0.0195122 0.00597457 0.0473364 0.0823944 0.00523357 0.0164103 0.029247 0.0384153 0.0117155 0.0162437 0.0330573 0.00563941 0.0181673 0.0378333 0.00610274 0.0211139 0.0156934 0.0146439 
0.110051 0.0632547 0.000425916 0.00821382 0.00268913 0.00916944 0.0218289 0.000465503 0.0148982 0.000443911 0.0181893 0.114202 0.000581236 0.0717554 0.0935923 0.0027759 0.0899877 0.00899824 0.0589689 0.0429956 0.0829449 0.00456209 0.0347819 0.00445756 0.0438257 0.000448851 0.0116763 0.0204731 0.0633424 
0.00817221 0.0462119 0.0298791 0.0109595 0.0196475 0.0342214 0.0293215 0.0316911 0.0133969 0.0147975 0.00913516 0.0165522 0.0185518 0.0303923 0.0286404 0.00663861 0.0197397 0.0759287 0.00555629 0.0436348 0.0151716 0.0797293 0.037596 0.0257496 0.026763 0.0925625 0.174599 0.0133639 0.0413965 
0.0553611 0.0438205 0.0125749 0.011991 0.103409 0.031139 0.0119964 0.057172 0.0857496 0.0473888 0.0308221 0.0284514 0.00976908 0.0316585 0.0644011 0.021342 0.0267884 0.0202904 0.0332827 0.0458874 0.00173081 0.0326888 0.0376329 0.0270722 0.0480309 0.0260847 0.018262 0.02239 0.0128126 
0.0144775 0.103817 0.0743054 0.059241 0.048555 0.0505414 0.0204045 0.0300794 0.0144263 0.0164702 0.0190556 0.0135609 0.00811586 0.0363663 0.0647361 0.0189185 0.0120635 0.0238826 0.0138133 0.0342664 0.0467661 0.0215714 0.0767848 0.0403011 0.0147887 0.0500264 0.00983289 0.0419447 0.0208869 
0.0245096 0.111439 0.0439956 0.00943234 0.0532884 0.0345725 0.0283184 0.00952287 0.0259607 0.0400174 0.0128262 0.0164416 0.0100742 0.0344605 0.0470019 0.0412042 0.0124953 0.052198 0.01967 0.0346479 0.104782 0.0247851 0.0302512 0.0152987 0.0102456 0.0487273 0.0541409 0.0199048 0.0297877 
0.0243557 0.007465 0.0146193 0.0190952 0.0196361 0.0523728 0.019476 0.0196192 0.0246825 0.0428521 0.0420813 0.0162804 0.250893 0.0988826 0.0160412 0.0279575 0.0895371 0.00892164 0.0366215 0.00429452 0.0147723 0.022261 0.0154713 0.0129787 0.0212223 0.0372875 0.00630915 0.016825 0.0171882 
