0.347846 0.375303 0.276851 
0.379819 0.395092 0.225089 
0.376047 0.366974 0.256979 
0.416392 0.428689 0.154919 
0.33541 0.387013 0.277578 
0.351353 0.195537 0.45311 
0.367478 0.184536 0.447986 
0.491485 0.291674 0.216841 
0.334069 0.41192 0.254011 
0.301485 0.285802 0.412713 
0.0075396 0.984651 0.00780925 
0.306689 0.286801 0.40651 
0.426748 0.184576 0.388676 
0.497736 0.322367 0.179896 
0.140657 0.410506 0.448837 
0.359173 0.16783 0.472998 
0.461452 0.149393 0.389154 
0.241894 0.437093 0.321013 
0.236762 0.515414 0.247824 
0.581722 0.324027 0.0942511 
0.458641 0.271169 0.27019 
0.206342 0.51753 0.276128 
0.486174 0.277062 0.236765 
0.446418 0.309288 0.244294 
0.207088 0.200858 0.592054 
0.362525 0.306927 0.330548 
0.325639 0.466784 0.207577 
0.243542 0.403183 0.353275 
0.584756 0.170284 0.24496 
0.404252 0.332061 0.263688 
0.42754 0.300429 0.272031 
0.33385 0.356271 0.309878 
0.445951 0.293323 0.260726 
0.479662 0.228631 0.291707 
0.404647 0.367438 0.227915 
0.316409 0.262935 0.420655 
0.424614 0.308183 0.267203 
6.01332e-05 0.795274 0.204665 
0.376139 0.342785 0.281077 
0.43296 0.319844 0.247196 
0.356758 0.358438 0.284804 
0.238091 0.445715 0.316195 
0.39782 0.268729 0.333451 
0.39782 0.268729 0.333451 
0.349799 0.378719 0.271483 
0.199474 0.421577 0.378949 
0.530494 0.231931 0.237575 
0.18241 0.43257 0.38502 
0.345076 0.409765 0.24516 
0.277748 0.249076 0.473176 
0.283374 0.300339 0.416287 
0.266196 0.285131 0.448672 
0.420452 0.361539 0.21801 
0.445695 0.239848 0.314457 
0.243427 0.289032 0.467541 
0.419132 0.137377 0.443491 
0.404226 0.30359 0.292184 
0.130325 0.50129 0.368385 
0.288162 0.482286 0.229552 
0.112158 0.339193 0.548649 
0.235329 0.549306 0.215366 
0.472507 0.322765 0.204729 
0.344677 0.264074 0.391249 
0.101865 0.426499 0.471637 
0.173192 0.363464 0.463344 
0.272201 0.198328 0.529471 
0.213455 0.250633 0.535912 
0.51888 0.351053 0.130067 
0.204709 0.315809 0.479481 
0.47135 0.270226 0.258424 
0.0845982 0.503038 0.412364 
0.434587 0.432175 0.133238 
0.433687 0.297755 0.268558 
0.345161 0.414314 0.240525 
0.232123 0.336203 0.431674 
0.397982 0.275299 0.326719 
0.271527 0.335049 0.393424 
0.3599 0.210345 0.429755 
0.297726 0.31317 0.389104 
0.514201 0.221412 0.264388 
0.467674 0.313836 0.21849 
0.363786 0.321069 0.315145 
0.282403 0.43029 0.287307 
0.125121 0.643315 0.231564 
0.144453 0.567774 0.287774 
0.136615 0.581751 0.281634 
0.333536 0.252497 0.413967 
0.340729 0.260211 0.39906 
0.182056 0.575078 0.242866 
0.440769 0.210101 0.34913 
0.086749 0.633411 0.27984 
0.370249 0.304932 0.324819 
0.32974 0.328727 0.341533 
0.377776 0.260799 0.361425 
0.361404 0.391253 0.247343 
0.308766 0.323793 0.367441 
0.310022 0.40028 0.289699 
0.172421 0.625146 0.202433 
0.376315 0.385315 0.23837 
0.214402 0.548213 0.237385 
0.413623 0.361836 0.224541 
0.250424 0.385654 0.363922 
0.276521 0.234871 0.488608 
0.559249 0.0645918 0.376159 
0.343003 0.0145679 0.642429 
0.495008 0.239291 0.265701 
0.246315 0.431685 0.322 
0.390783 0.213747 0.39547 
0.313466 0.378583 0.307951 
0.453291 0.224941 0.321768 
0.225519 0.420486 0.353995 
0.33139 0.293483 0.375127 
0.352969 0.36696 0.280071 
0.359216 0.176972 0.463812 
0.116407 0.492723 0.39087 
0.383336 0.241619 0.375045 
0.246678 0.398273 0.355049 
0.448626 0.267579 0.283795 
0.441599 0.241515 0.316886 
0.52914 0.371115 0.0997451 
0.359333 0.373746 0.266921 
0.231128 0.318938 0.449934 
0.361024 0.318521 0.320455 
0.517291 0.149209 0.333501 
0.482781 0.265811 0.251407 
0.291819 0.4471 0.261081 
0.274121 0.423851 0.302028 
0.620197 0.0660367 0.313766 
0.310742 0.400502 0.288756 
0.273533 0.375248 0.351219 
0.37595 0.228025 0.396026 
0.395439 0.21412 0.390441 
0.1663 0.307093 0.526607 
0.252173 0.330882 0.416945 
0.397142 0.374188 0.22867 
0.343457 0.313802 0.34274 
0.383363 0.320044 0.296592 
0.255032 0.198661 0.546306 
0.210431 0.2101 0.579469 
0.47111 0.349913 0.178977 
0.366009 0.305472 0.328519 
0.185644 0.371602 0.442754 
0.0832447 0.388598 0.528157 
0.404406 0.293064 0.30253 
0.143656 0.372819 0.483525 
0.313913 0.491291 0.194796 
0.215774 0.213001 0.571226 
0.242021 0.405883 0.352096 
0.288781 0.321023 0.390196 
0.412932 0.339364 0.247705 
0.367099 0.504269 0.128631 
0.204788 0.44041 0.354802 
0.320345 0.280861 0.398795 
0.296333 0.204775 0.498891 
0.168962 0.564887 0.266151 
0.221965 0.450604 0.327432 
0.233774 0.464698 0.301528 
0.219467 0.441436 0.339097 
0.146299 0.545983 0.307718 
0.178318 0.530588 0.291095 
0.38391 0.280577 0.335513 
0.301495 0.344152 0.354353 
0.151329 0.251991 0.59668 
0.380019 0.320725 0.299256 
0.20537 0.320046 0.474584 
0.308663 0.459682 0.231655 
0.327934 0.220439 0.451626 
0.349621 0.353734 0.296645 
0.211178 0.540521 0.2483 
0.707498 0.137764 0.154738 
0.182325 0.54375 0.273925 
0.468925 0.33008 0.200996 
0.301654 0.414629 0.283717 
0.248407 0.457343 0.29425 
0.396106 0.366368 0.237526 
0.132948 0.284644 0.582408 
0.325271 0.372877 0.301852 
0.384681 0.39113 0.224188 
0.215391 0.333402 0.451207 
0.462515 0.136994 0.40049 
0.427922 0.327658 0.244419 
0.256935 0.377781 0.365284 
0.315241 0.309818 0.37494 
0.305538 0.3357 0.358762 
0.300109 0.347604 0.352287 
0.681695 0.139843 0.178462 
0.2845 0.381143 0.334357 
0.288816 0.456695 0.254489 
0.296674 0.390467 0.312859 
0.338303 0.437908 0.223789 
0.26936 0.279518 0.451122 
0.362343 0.365579 0.272079 
0.321888 0.38366 0.294451 
0.282512 0.418385 0.299102 
0.101993 0.749328 0.148679 
0.31472 0.227281 0.457999 
0.33643 0.317216 0.346354 
0.274266 0.408749 0.316985 
0.337861 0.167578 0.494561 
0.326524 0.266567 0.406909 
0.506431 0.304601 0.188968 
0.2428 0.360783 0.396417 
0.249124 0.326292 0.424584 
0.367657 0.306948 0.325394 
0.338117 0.378537 0.283346 
0.389637 0.292568 0.317794 
0.297207 0.223353 0.47944 
0.304007 0.424663 0.271329 
0.24496 0.368428 0.386612 
0.413209 0.303784 0.283007 
0.408876 0.234622 0.356502 
0.254319 0.496666 0.249015 
0.280777 0.460363 0.25886 
0.388746 0.345606 0.265649 
0.00699465 0.321764 0.671242 
0.74172 0.108528 0.149752 
0.4434 0.18366 0.37294 
0.164934 0.587265 0.247802 
0.2993 0.411116 0.289583 
0.390152 0.369937 0.239911 
0.157144 0.412088 0.430768 
0.399776 0.315196 0.285028 
0.306732 0.245743 0.447526 
0.343558 0.342957 0.313485 
0.477698 0.334941 0.187361 
0.320885 0.228013 0.451102 
0.338386 0.334184 0.32743 
0.384695 0.161974 0.453331 
0.382117 0.338942 0.278941 
0.174393 0.613175 0.212432 
0.333456 0.29067 0.375874 
0.446575 0.339434 0.213991 
0.397919 0.37888 0.223201 
0.380293 0.257457 0.36225 
0.17104 0.632063 0.196897 
0.173011 0.497586 0.329402 
0.354551 0.256856 0.388593 
0.421684 0.309806 0.26851 
0.244618 0.407558 0.347825 
0.490552 0.307063 0.202385 
0.305006 0.234669 0.460325 
0.407431 0.38702 0.205549 
0.171818 0.626987 0.201195 
0.152365 0.55098 0.296655 
0.139256 0.545163 0.315581 
0.288552 0.52513 0.186318 
0.240216 0.552867 0.206917 
0.196544 0.441716 0.36174 
0.348639 0.455815 0.195546 
0.366069 0.378888 0.255042 
0.119409 0.60209 0.278502 
0.469871 0.218709 0.31142 
0.343209 0.408185 0.248605 
0.274151 0.333753 0.392096 
0.267 0.403234 0.329766 
0.212136 0.511815 0.276049 
0.250477 0.249492 0.500031 
0.31984 0.298319 0.381841 
0.291966 0.323078 0.384955 
0.277468 0.308697 0.413834 
0.306056 0.39343 0.300514 
0.50125 0.309283 0.189467 
0.124152 0.650991 0.224857 
0.257902 0.44489 0.297208 
0.163498 0.307299 0.529203 
0.268194 0.375469 0.356338 
0.512416 0.270856 0.216728 
0.338203 0.483853 0.177944 
0.418077 0.267943 0.31398 
0.163498 0.307299 0.529203 
0.160918 0.349697 0.489385 
0.163498 0.307299 0.529203 
0.219134 0.33289 0.447976 
0.23944 0.558093 0.202467 
0.397765 0.354644 0.247591 
0.302593 0.222099 0.475309 
0.375895 0.417116 0.206989 
0.319764 0.390387 0.289849 
0.212325 0.491213 0.296462 
0.279137 0.294746 0.426116 
0.150525 0.328852 0.520623 
0.467026 0.232403 0.300571 
0.235559 0.262114 0.502327 
0.241555 0.298362 0.460083 
0.316979 0.393311 0.28971 
0.235742 0.303022 0.461236 
0.484721 0.371099 0.14418 
0.204084 0.41712 0.378796 
0.348706 0.332166 0.319128 
0.351054 0.34771 0.301236 
0.434039 0.289671 0.276291 
0.22659 0.548948 0.224462 
0.136191 0.31178 0.552029 
0.326403 0.376563 0.297034 
0.297914 0.269144 0.432942 
0.483512 0.277342 0.239145 
0.215864 0.365572 0.418563 
0.392575 0.300434 0.306991 
0.302209 0.290034 0.407757 
0.192332 0.22811 0.579558 
0.202629 0.496803 0.300569 
0.331333 0.308439 0.360228 
0.238351 0.185068 0.576581 
0.296177 0.514239 0.189585 
0.364438 0.518964 0.116598 
0.183003 0.402744 0.414254 
0.293188 0.334743 0.372069 
0.359711 0.301729 0.33856 
0.38476 0.281498 0.333742 
0.358142 0.540548 0.10131 
0.22304 0.325705 0.451255 
0.477587 0.243626 0.278788 
0.335736 0.342681 0.321583 
0.325868 0.149967 0.524165 
0.299771 0.384099 0.31613 
0.280262 0.294731 0.425007 
0.325885 0.421125 0.25299 
0.170395 0.360089 0.469516 
0.646959 0.136914 0.216127 
0.566009 0.28671 0.147282 
0.0272972 0.505569 0.467134 
0.364438 0.518964 0.116598 
0.351841 0.359172 0.288986 
0.313516 0.474101 0.212384 
0.241307 0.466808 0.291884 
0.203521 0.420353 0.376127 
0.30735 0.38188 0.31077 
0.329325 0.399815 0.27086 
0.335108 0.443509 0.221383 
0.155054 0.557594 0.287352 
0.186219 0.520636 0.293145 
0.153253 0.618892 0.227854 
0.33135 0.539169 0.12948 
0.285496 0.441405 0.273098 
0.222434 0.632454 0.145112 
0.295679 0.550161 0.15416 
0.196484 0.536995 0.266521 
0.268977 0.411488 0.319534 
0.421834 0.311324 0.266842 
0.405669 0.332936 0.261395 
0.469705 0.186937 0.343357 
0.242946 0.576919 0.180134 
0.434015 0.346267 0.219718 
0.20102 0.313178 0.485802 
0.2105 0.140614 0.648886 
0.501006 0.331903 0.167091 
0.39143 0.114251 0.494319 
0.162562 0.526861 0.310577 
0.199677 0.395373 0.404949 
0.293498 0.633354 0.0731477 
0.35132 0.324503 0.324177 
0.253247 0.49923 0.247523 
0.41616 0.321965 0.261876 
0.368157 0.314089 0.317754 
0.544999 0.20432 0.250682 
0.30094 0.458982 0.240078 
0.275122 0.353988 0.37089 
0.333548 0.371515 0.294937 
0.219177 0.448333 0.33249 
0.60811 0.175142 0.216748 
0.322516 0.419386 0.258098 
0.352847 0.417889 0.229264 
0.328703 0.503219 0.168079 
0.231377 0.47379 0.294833 
0.293334 0.355039 0.351627 
0.0748532 0.508808 0.416339 
0.240278 0.409899 0.349823 
0.334671 0.392598 0.272731 
0.262661 0.397609 0.33973 
0.414127 0.247177 0.338696 
0.374007 0.394452 0.231541 
0.310569 0.405235 0.284196 
0.197018 0.245604 0.557378 
0.20029 0.447042 0.352669 
0.407768 0.301023 0.291208 
0.188232 0.410703 0.401065 
0.396708 0.300444 0.302848 
0.396623 0.367288 0.236089 
0.363245 0.361756 0.275 
0.246435 0.520677 0.232888 
0.237162 0.385618 0.37722 
0.375692 0.24703 0.377278 
0.166112 0.0700644 0.763824 
0.513565 0.309516 0.176919 
0.290201 0.241912 0.467887 
0.182475 0.576199 0.241326 
0.183766 0.520407 0.295827 
0.313526 0.416914 0.26956 
0.445154 0.293561 0.261285 
0.441057 0.202604 0.356339 
0.412872 0.44754 0.139588 
0.185427 0.196059 0.618514 
0.382174 0.355647 0.262179 
0.340832 0.371395 0.287773 
0.133851 0.656175 0.209974 
0.329364 0.342492 0.328144 
0.375709 0.404399 0.219892 
0.185522 0.520852 0.293626 
0.442559 0.17267 0.384771 
0.246369 0.320325 0.433306 
0.32598 0.31375 0.36027 
0.349575 0.246946 0.40348 
0.45195 0.284939 0.263111 
0.269942 0.387695 0.342363 
0.31804 0.259144 0.422815 
0.316598 0.507724 0.175678 
0.105146 0.260064 0.63479 
0.262568 0.46979 0.267642 
0.115454 0.67429 0.210255 
0.364662 0.35763 0.277708 
0.208667 0.470593 0.32074 
0.140209 0.302104 0.557687 
0.417549 0.326335 0.256116 
0.350285 0.283484 0.36623 
0.261012 0.401964 0.337024 
0.364694 0.230751 0.404555 
0.36815 0.236785 0.395066 
0.402848 0.322584 0.274568 
0.351688 0.287473 0.360839 
0.572486 0.259098 0.168416 
0.413978 0.269051 0.316971 
0.384097 0.181406 0.434497 
0.405958 0.329147 0.264895 
0.30619 0.369311 0.324499 
0.232681 0.419699 0.34762 
0.430656 0.35063 0.218714 
0.221097 0.641053 0.13785 
0.341081 0.200547 0.458373 
0.402002 0.387826 0.210172 
0.137643 0.494678 0.367679 
0.27937 0.412554 0.308076 
0.221076 0.431346 0.347578 
0.459849 0.240782 0.299368 
0.28695 0.398389 0.314661 
0.369173 0.338954 0.291872 
0.163498 0.307299 0.529203 
0.351232 0.344138 0.30463 
0.314447 0.3311 0.354453 
0.301239 0.293397 0.405363 
0.281593 0.396968 0.321439 
0.392758 0.345408 0.261834 
0.301552 0.307551 0.390897 
0.158999 0.53856 0.302441 
0.313249 0.203657 0.483095 
0.235755 0.291129 0.473116 
0.48191 0.198533 0.319557 
0.364151 0.343591 0.292258 
0.396418 0.326568 0.277015 
0.432214 0.269513 0.298273 
0.21578 0.446374 0.337846 
0.185165 0.248725 0.56611 
0.269889 0.172468 0.557643 
0.14811 0.323518 0.528372 
0.252708 0.426719 0.320574 
0.429556 0.321109 0.249335 
0.433158 0.2848 0.282042 
0.626409 0.140901 0.23269 
0.39788 0.257853 0.344267 
0.305862 0.428502 0.265636 
0.307367 0.386847 0.305786 
0.452905 0.207696 0.339399 
0.169217 0.61315 0.217633 
0.445085 0.369999 0.184917 
0.16428 0.370058 0.465662 
0.626977 0.193557 0.179466 
0.196277 0.272064 0.531659 
0.272365 0.357567 0.370068 
0.203405 0.273571 0.523024 
0.317516 0.319064 0.363421 
0.275938 0.339565 0.384497 
0.43439 0.267211 0.298399 
0.328231 0.340601 0.331168 
0.289562 0.376687 0.333751 
0.388874 0.307042 0.304084 
0.228014 0.509331 0.262655 
0.305773 0.314869 0.379358 
0.429501 0.276903 0.293596 
0.242263 0.318966 0.43877 
0.404896 0.290347 0.304756 
0.32241 0.197594 0.479996 
0.111823 0.535416 0.352761 
0.325213 0.174796 0.499991 
0.377745 0.304225 0.31803 
0.420783 0.223164 0.356053 
0.439585 0.306698 0.253717 
0.567443 0.204063 0.228494 
0.406856 0.373033 0.220111 
0.237836 0.444024 0.31814 
0.265022 0.441645 0.293334 
0.405232 0.35088 0.243888 
0.309587 0.171264 0.519149 
0.269628 0.387838 0.342534 
0.599486 0.188102 0.212413 
0.312811 0.396004 0.291185 
0.275186 0.331279 0.393535 
0.433385 0.417164 0.149451 
0.434016 0.353333 0.212651 
0.260058 0.387625 0.352318 
0.484165 0.296814 0.21902 
nan nan nan 
0.394405 0.237556 0.368039 
0.560034 0.157501 0.282464 
0.257572 0.179401 0.563027 
0.165904 0.642725 0.19137 
0.274686 0.343199 0.382115 
0.285375 0.241636 0.472989 
0.231592 0.449779 0.318628 
0.273329 0.409885 0.316786 
0.424736 0.387521 0.187742 
0.297276 0.439404 0.26332 
0.300634 0.238903 0.460462 
0.237836 0.444024 0.31814 
0.117762 0.478214 0.404024 
0.330869 0.380251 0.288881 
0.399988 0.321177 0.278835 
0.399988 0.321177 0.278835 
0.298487 0.467494 0.234019 
0.390097 0.222259 0.387645 
0.385394 0.267067 0.34754 
0.540098 0.217403 0.242499 
0.212507 0.373183 0.41431 
0.473284 0.270574 0.256142 
0.247528 0.433427 0.319045 
0.414507 0.232932 0.352561 
0.270495 0.459495 0.27001 
0.237883 0.602111 0.160006 
0.152191 0.555064 0.292746 
0.459299 0.211502 0.329198 
0.363343 0.426377 0.21028 
0.280403 0.389896 0.3297 
0.239779 0.414064 0.346157 
0.388841 0.212904 0.398256 
0.293093 0.339793 0.367114 
0.596781 0.152037 0.251182 
0.145179 0.606464 0.248357 
0.319358 0.340137 0.340505 
0.205319 0.247509 0.547173 
0.405656 0.317439 0.276905 
nan nan nan 
0.321967 0.272371 0.405661 
0.326665 0.385285 0.28805 
0.135245 0.272155 0.592601 
0.321967 0.272371 0.405661 
0.339489 0.459321 0.201189 
0.325404 0.444169 0.230427 
0.398825 0.229686 0.371489 
0.29096 0.430528 0.278511 
0.308033 0.37676 0.315207 
0.257009 0.537975 0.205016 
0.328108 0.459904 0.211988 
0.322096 0.458844 0.21906 
0.203298 0.256573 0.540129 
0.40576 0.297424 0.296816 
0.334759 0.329529 0.335712 
0.548424 0.150267 0.301309 
0.366589 0.409399 0.224012 
0.30483 0.383304 0.311865 
0.358517 0.296725 0.344759 
0.24015 0.448112 0.311738 
0.270582 0.354042 0.375376 
0.276083 0.34272 0.381198 
0.326365 0.262252 0.411382 
0.449648 0.24196 0.308393 
0.448884 0.433018 0.118099 
0.575941 0.254624 0.169435 
0.468341 0.364321 0.167337 
0.360849 0.243068 0.396083 
0.302771 0.486236 0.210992 
nan nan nan 
0.350145 0.398998 0.250857 
0.201407 0.605774 0.192819 
0.135869 0.182142 0.68199 
0.409692 0.354443 0.235864 
0.517548 0.23897 0.243482 
0.391475 0.397974 0.210551 
0.358658 0.378095 0.263246 
0.466482 0.321802 0.211716 
0.3891 0.358266 0.252634 
0.437694 0.337362 0.224944 
0.144091 0.509448 0.346461 
0.368395 0.375823 0.255782 
0.366224 0.23281 0.400966 
0.266294 0.299409 0.434297 
0.302174 0.347428 0.350398 
0.437082 0.016363 0.546555 
0.478303 0.187361 0.334336 
0.528393 0.301691 0.169916 
0.389892 0.338473 0.271635 
0.348464 0.350843 0.300693 
0.281407 0.49388 0.224713 
0.250489 0.35849 0.391021 
0.319419 0.428602 0.251979 
0.378656 0.34768 0.273664 
0.393572 0.394786 0.211642 
0.485646 0.278062 0.236292 
0.321257 0.368697 0.310045 
0.263656 0.312048 0.424295 
0.220982 0.546382 0.232636 
0.143366 0.133622 0.723011 
0.144789 0.111775 0.743436 
0.459899 0.211695 0.328405 
0.326096 0.306153 0.367751 
0.199806 0.499363 0.300831 
0.246927 0.379782 0.373292 
0.227615 0.247511 0.524874 
0.369024 0.369402 0.261575 
0.476413 0.180148 0.343438 
0.463121 0.289231 0.247648 
0.181767 0.465594 0.352639 
0.504106 0.219972 0.275922 
0.327447 0.430454 0.242099 
0.301636 0.286575 0.411789 
0.274902 0.400476 0.324622 
0.459947 0.33374 0.206313 
0.328915 0.2926 0.378485 
0.420048 0.277236 0.302716 
0.375565 0.345859 0.278576 
0.331595 0.349257 0.319148 
0.298092 0.215834 0.486075 
0.385858 0.356095 0.258047 
0.437896 0.374072 0.188032 
0.437449 0.300725 0.261825 
0.479606 0.216971 0.303422 
0.447391 0.304587 0.248022 
0.308867 0.444297 0.246836 
0.315092 0.44268 0.242228 
0.512454 0.211326 0.27622 
0.420063 0.231194 0.348742 
0.279786 0.309354 0.41086 
0.509823 0.268791 0.221386 
0.318929 0.572816 0.108255 
0.34283 0.459321 0.197849 
0.504794 0.250798 0.244408 
0.223937 0.484133 0.29193 
0.398825 0.229686 0.371489 
0.408084 0.275442 0.316474 
0.335728 0.404616 0.259656 
0.320666 0.430194 0.24914 
0.35698 0.248653 0.394367 
0.205303 0.291167 0.50353 
0.132296 0.00909885 0.858605 
0.132296 0.00909885 0.858605 
0.132296 0.00909885 0.858605 
0.132296 0.00909885 0.858605 
0.132296 0.00909885 0.858605 
0.132296 0.00909885 0.858605 
0.132296 0.00909885 0.858605 
0.459996 0.321951 0.218052 
0.132296 0.00909885 0.858605 
0.132296 0.00909885 0.858605 
0.155339 0.0208806 0.823781 
0.132296 0.00909885 0.858605 
0.132296 0.00909885 0.858605 
0.132296 0.00909885 0.858605 
0.132296 0.00909885 0.858605 
0.132296 0.00909885 0.858605 
0.132296 0.00909885 0.858605 
0.132296 0.00909885 0.858605 
0.132296 0.00909885 0.858605 
0.132296 0.00909885 0.858605 
0.132296 0.00909885 0.858605 
0.132296 0.00909885 0.858605 
0.132296 0.00909885 0.858605 
0.320362 0.365795 0.313843 
0.132296 0.00909885 0.858605 
0.132296 0.00909885 0.858605 
0.132296 0.00909885 0.858605 
0.0947576 0.00426911 0.900973 
0.132296 0.00909885 0.858605 
0.132296 0.00909885 0.858605 
0.132296 0.00909885 0.858605 
0.132296 0.00909885 0.858605 
0.132296 0.00909885 0.858605 
0.362296 0.448219 0.189485 
0.330259 0.25234 0.417401 
0.44142 0.318915 0.239664 
0.319354 0.322317 0.358329 
0.132296 0.00909885 0.858605 
0.132296 0.00909885 0.858605 
0.132296 0.00909885 0.858605 
0.132296 0.00909885 0.858605 
0.415063 0.219339 0.365598 
0.403141 0.282169 0.314689 
0.432402 0.263043 0.304556 
0.143232 0.142925 0.713842 
0.31644 0.351967 0.331592 
0.330423 0.261025 0.408552 
0.322993 0.396195 0.280812 
0.377587 0.242513 0.379899 
0.152318 0.241156 0.606526 
0.283207 0.277704 0.439089 
0.287231 0.469646 0.243123 
0.385934 0.289502 0.324564 
0.333656 0.435136 0.231208 
0.382052 0.247534 0.370414 
0.477196 0.256853 0.265951 
0.318136 0.291218 0.390645 
0.398856 0.517759 0.0833857 
0.272938 0.44151 0.285552 
0.222576 0.350825 0.426599 
0.360316 0.275575 0.364109 
0.147081 0.126198 0.726722 
0.134379 0.254419 0.611202 
0.381702 0.2573 0.360998 
0.332212 0.188891 0.478897 
0.244075 0.455228 0.300696 
0.394833 0.345166 0.260001 
0.317103 0.396055 0.286842 
0.237836 0.444024 0.31814 
0.433816 0.348001 0.218182 
0.294121 0.346224 0.359655 
0.295345 0.405677 0.298979 
0.243075 0.336019 0.420906 
0.252206 0.333766 0.414028 
0.632017 0.182653 0.18533 
0.316098 0.453203 0.230699 
0.27353 0.414903 0.311567 
0.329413 0.298259 0.372328 
0.272635 0.31923 0.408135 
0.168092 0.438713 0.393195 
0.290006 0.180678 0.529316 
0.285126 0.416535 0.298339 
0.524336 0.256376 0.219289 
0.369116 0.252508 0.378376 
0.306715 0.214104 0.479182 
0.29646 0.353003 0.350537 
0.450763 0.349257 0.19998 
0.230746 0.550309 0.218945 
0.368378 0.178501 0.453121 
0.287627 0.404682 0.307692 
0.605334 0.136849 0.257817 
0.0572585 0.783978 0.158764 
0.30105 0.159172 0.539778 
0.39114 0.277631 0.331229 
0.294512 0.357678 0.34781 
0.283503 0.454251 0.262246 
0.294622 0.585013 0.120365 
0.615274 0.182951 0.201776 
0.389484 0.272964 0.337553 
0.313533 0.315908 0.37056 
0.594991 0.109488 0.295521 
0.340866 0.401068 0.258066 
0.421178 0.33277 0.246053 
0.476633 0.255535 0.267832 
0.428614 0.21644 0.354946 
0.395848 0.358837 0.245315 
0.39909 0.21781 0.383099 
0.260508 0.395127 0.344365 
0.561734 0.233431 0.204835 
0.312078 0.356453 0.331469 
0.434478 0.238546 0.326975 
0.153745 0.207546 0.638709 
0.382646 0.325811 0.291544 
0.34829 0.223198 0.428513 
0.33636 0.380316 0.283324 
0.419249 0.237631 0.34312 
0.237836 0.444024 0.31814 
0.132296 0.00909885 0.858605 
0.132296 0.00909885 0.858605 
0.132296 0.00909885 0.858605 
0.132296 0.00909885 0.858605 
0.0940016 0.00314678 0.902852 
0.132296 0.00909885 0.858605 
0.132296 0.00909885 0.858605 
0.132296 0.00909885 0.858605 
0.132296 0.00909885 0.858605 
0.132296 0.00909885 0.858605 
0.132296 0.00909885 0.858605 
0.348775 0.261161 0.390064 
0.321937 0.392317 0.285746 
0.322739 0.552458 0.124803 
0.305868 0.452515 0.241617 
0.404863 0.342368 0.252769 
0.364424 0.348389 0.287187 
0.257605 0.487261 0.255133 
0.525105 0.27236 0.202535 
0.363695 0.328977 0.307329 
0.45486 0.208045 0.337095 
0.273267 0.208091 0.518642 
0.18976 0.234949 0.575291 
0.264261 0.193051 0.542688 
0.354904 0.408119 0.236976 
0.237836 0.444024 0.31814 
0.426057 0.299388 0.274555 
0.511382 0.197716 0.290903 
0.566344 0.191455 0.242201 
0.280212 0.439679 0.280109 
0.297353 0.396939 0.305708 
0.313996 0.363502 0.322502 
0.370308 0.257143 0.372549 
0.484251 0.309831 0.205918 
0.308726 0.417191 0.274083 
0.345034 0.361149 0.293817 
0.237871 0.257727 0.504402 
0.333061 0.401843 0.265096 
0.152716 0.708712 0.138573 
0.0400616 0.0619671 0.897971 
0.274753 0.363944 0.361303 
0.15466 0.39442 0.450921 
0.397481 0.292642 0.309877 
0.490002 0.289923 0.220075 
0.202628 0.337948 0.459424 
0.164806 0.219436 0.615757 
0.237836 0.444024 0.31814 
0.338998 0.353992 0.30701 
0.462169 0.320496 0.217335 
0.28893 0.507283 0.203787 
0.286735 0.274706 0.438558 
0.318457 0.307035 0.374507 
0.41515 0.144206 0.440644 
0.294586 0.40512 0.300294 
0.350656 0.340412 0.308932 
0.265294 0.37361 0.361097 
0.306282 0.499199 0.19452 
0.334335 0.367842 0.297823 
0.425457 0.321105 0.253438 
0.26997 0.338876 0.391154 
0.236039 0.397791 0.366171 
0.447293 0.301626 0.251081 
0.243309 0.380757 0.375934 
0.525915 0.105845 0.36824 
0.304477 0.30193 0.393593 
0.395523 0.387756 0.216721 
0.35406 0.321506 0.324434 
0.178503 0.582392 0.239105 
0.284259 0.26003 0.455711 
0.242316 0.432113 0.32557 
0.0113932 0.976806 0.0118007 
0.3227 0.232814 0.444486 
0.423217 0.208456 0.368327 
0.505957 0.318389 0.175654 
0.220763 0.449255 0.329982 
0.477373 0.297748 0.22488 
0.367142 0.114469 0.518388 
0.178437 0.280373 0.54119 
0.198924 0.459723 0.341353 
0.0420503 0.367171 0.590779 
0.264544 0.39982 0.335635 
0.283531 0.492416 0.224053 
0.18488 0.213539 0.601581 
0.399194 0.306282 0.294524 
0.32625 0.34426 0.32949 
0.458059 0.257319 0.284622 
0.188554 0.491949 0.319498 
0.350447 0.297213 0.35234 
0.158162 0.388008 0.45383 
0.344195 0.263507 0.392297 
0.402084 0.357411 0.240504 
0.348807 0.472293 0.1789 
0.33003 0.522091 0.147878 
0.369152 0.493039 0.13781 
0.270815 0.437423 0.291762 
0.372432 0.303438 0.324131 
0.447261 0.374037 0.178702 
0.549582 0.283943 0.166475 
0.365295 0.278157 0.356548 
0.478907 0.359668 0.161425 
0.454423 0.407239 0.138338 
0.316669 0.345907 0.337424 
0.339535 0.415836 0.244629 
0.53586 0.195824 0.268316 
0.419091 0.258452 0.322457 
0.237792 0.219848 0.54236 
0.388702 0.357983 0.253316 
0.312353 0.640827 0.0468193 
nan nan nan 
0.269222 0.401606 0.329172 
0.229977 0.422375 0.347648 
0.271571 0.296663 0.431765 
0.303578 0.440417 0.256005 
0.152278 0.39623 0.451493 
0.364129 0.369689 0.266182 
0.331962 0.291032 0.377006 
0.355282 0.388934 0.255784 
0.414277 0.328045 0.257678 
0.312226 0.452168 0.235606 
0.420251 0.322615 0.257134 
0.447545 0.308875 0.243579 
0.29479 0.49174 0.21347 
0.754973 0.106002 0.139025 
0.394177 0.2922 0.313623 
0.388129 0.291636 0.320235 
0.287832 0.553111 0.159057 
0.16827 0.480137 0.351593 
0.132296 0.00909885 0.858605 
0.132296 0.00909885 0.858605 
0.132296 0.00909885 0.858605 
0.165384 0.0738988 0.760718 
0.132296 0.00909885 0.858605 
0.132296 0.00909885 0.858605 
0.132296 0.00909885 0.858605 
0.132296 0.00909885 0.858605 
0.132296 0.00909885 0.858605 
0.132296 0.00909885 0.858605 
0.132296 0.00909885 0.858605 
0.132296 0.00909885 0.858605 
0.132296 0.00909885 0.858605 
0.132296 0.00909885 0.858605 
0.132296 0.00909885 0.858605 
0.366139 0.355871 0.27799 
0.132296 0.00909885 0.858605 
0.132296 0.00909885 0.858605 
0.255082 0.0421532 0.702764 
0.132296 0.00909885 0.858605 
0.132296 0.00909885 0.858605 
0.132296 0.00909885 0.858605 
0.132296 0.00909885 0.858605 
0.132296 0.00909885 0.858605 
0.132296 0.00909885 0.858605 
0.155339 0.0208806 0.823781 
0.132296 0.00909885 0.858605 
0.132296 0.00909885 0.858605 
0.132296 0.00909885 0.858605 
0.132296 0.00909885 0.858605 
0.132296 0.00909885 0.858605 
0.128796 0.0188726 0.852331 
0.230289 0.500866 0.268845 
0.351067 0.259152 0.389781 
0.216971 0.438746 0.344284 
0.412408 0.313379 0.274213 
0.372172 0.214655 0.413173 
0.407668 0.247239 0.345093 
0.477831 0.219854 0.302314 
0.4285 0.223824 0.347677 
0.329276 0.207959 0.462765 
0.356513 0.376395 0.267092 
0.452214 0.270613 0.277174 
0.467558 0.295925 0.236517 
0.336356 0.411711 0.251933 
0.470597 0.261935 0.267468 
0.65814 0.256003 0.0858574 
0.213243 0.613538 0.173219 
0.334031 0.450448 0.215521 
0.345457 0.486326 0.168217 
0.45759 0.240536 0.301874 
0.382509 0.364842 0.252649 
0.301475 0.313795 0.38473 
0.387938 0.242017 0.370045 
0.217443 0.53184 0.250717 
0.356421 0.283492 0.360086 
0.270869 0.0282844 0.700847 
0.502523 0.215602 0.281875 
0.303022 0.390697 0.306281 
0.4075 0.242391 0.350109 
0.359857 0.273362 0.366781 
0.340181 0.435239 0.22458 
0.329556 0.195952 0.474491 
0.150157 0.163937 0.685906 
0.397539 0.271585 0.330876 
0.300652 0.297109 0.402239 
0.257704 0.384742 0.357553 
0.388175 0.114736 0.497089 
0.49783 0.325006 0.177164 
0.120491 0.0928339 0.786675 
0.16815 0.169382 0.662468 
0.333371 0.333381 0.333249 
0.411051 0.29529 0.293659 
0.453106 0.304828 0.242066 
0.301639 0.259026 0.439335 
0.339531 0.502485 0.157984 
0.619896 0.127413 0.252692 
0.358616 0.258817 0.382567 
0.323857 0.440138 0.236004 
0.493668 0.176493 0.329839 
0.341314 0.346329 0.312356 
0.43452 0.219476 0.346004 
0.478821 0.167945 0.353234 
0.574435 0.196569 0.228996 
0.505475 0.269026 0.225499 
0.242525 0.441182 0.316293 
0.302545 0.340267 0.357188 
0.255959 0.244217 0.499824 
0.448255 0.359447 0.192299 
0.35435 0.298668 0.346983 
0.31528 0.287064 0.397656 
0.286258 0.309828 0.403915 
0.537568 0.0633942 0.399038 
0.42525 0.27235 0.3024 
0.191119 0.392982 0.415899 
0.308295 0.42046 0.271245 
0.199399 0.109174 0.691427 
0.462109 0.403878 0.134013 
0.14666 0.139442 0.713898 
0.300633 0.413699 0.285668 
0.234885 0.412502 0.352613 
0.439898 0.131712 0.42839 
0.484076 0.140515 0.375409 
0.473346 0.134472 0.392182 
0.322919 0.413999 0.263082 
0.314648 0.326154 0.359198 
0.225908 0.695526 0.0785656 
0.38269 0.275626 0.341684 
0.4738 0.195913 0.330287 
0.444056 0.220419 0.335525 
0.168214 0.640924 0.190863 
0.221895 0.510279 0.267826 
0.318188 0.296276 0.385536 
0.308231 0.411808 0.27996 
0.384185 0.288861 0.326954 
0.311684 0.292936 0.39538 
0.270292 0.311548 0.41816 
0.359561 0.287997 0.352443 
0.264442 0.276482 0.459076 
0.530065 0.251347 0.218588 
0.326398 0.204662 0.468939 
0.312606 0.389185 0.298209 
0.400751 0.276403 0.322845 
0.142414 0.0990376 0.758549 
0.439073 0.227215 0.333711 
0.260549 0.396646 0.342805 
0.373223 0.274532 0.352244 
0.244657 0.184569 0.570774 
0.273381 0.407988 0.318631 
0.378662 0.323643 0.297695 
0.32974 0.328727 0.341533 
0.340649 0.352525 0.306827 
0.433284 0.180329 0.386387 
0.252994 0.346349 0.400657 
0.498433 0.29457 0.206998 
0.326771 0.447695 0.225533 
0.379357 0.392962 0.227681 
0.380976 0.215935 0.403089 
0.311171 0.430947 0.257882 
0.35863 0.233819 0.407551 
0.160395 0.184619 0.654986 
0.175813 0.161833 0.662354 
0.0962873 0.201317 0.702396 
0.140819 0.144425 0.714755 
0.118681 0.102318 0.779001 
0.158989 0.214171 0.62684 
0.439921 0.219716 0.340363 
0.239111 0.115224 0.645665 
0.24111 0.142776 0.616114 
0.185948 0.171555 0.642497 
0.406436 0.268845 0.324719 
0.55646 0.186755 0.256784 
0.181352 0.160109 0.65854 
0.0990148 0.08652 0.814465 
0.15594 0.0818297 0.762231 
0.270919 0.347748 0.381334 
0.305963 0.37833 0.315707 
0.175993 0.59567 0.228337 
0.346971 0.366276 0.286753 
0.368596 0.192208 0.439196 
0.57476 0.203297 0.221943 
0.284473 0.399778 0.315749 
0.262193 0.397921 0.339887 
0.312627 0.383489 0.303884 
0.355613 0.463102 0.181285 
0.0965012 0.705982 0.197517 
0.28572 0.414978 0.299302 
0.443701 0.411991 0.144308 
0.310957 0.344207 0.344836 
0.234632 0.401268 0.3641 
0.286388 0.515518 0.198094 
0.384103 0.22798 0.387917 
0.159747 0.492472 0.347781 
nan nan nan 
0.409526 0.385585 0.20489 
0.246494 0.190281 0.563225 
0.443316 0.319366 0.237318 
0.343843 0.267374 0.388783 
0.187809 0.211862 0.600329 
0.312518 0.239071 0.448411 
0.292583 0.399645 0.307773 
0.244804 0.560592 0.194604 
0.285311 0.260742 0.453947 
0.333972 0.312741 0.353287 
0.256443 0.538849 0.204709 
0.517514 0.295078 0.187408 
0.300066 0.417152 0.282782 
0.263693 0.39807 0.338237 
0.356183 0.240845 0.402972 
0.229199 0.257556 0.513245 
0.39561 0.399889 0.204502 
0.187561 0.293686 0.518753 
0.348758 0.158579 0.492663 
0.467599 0.21509 0.317311 
0.301023 0.245847 0.45313 
0.301215 0.259952 0.438833 
0.236358 0.454303 0.309339 
0.00578157 0.381595 0.612623 
0.314347 0.368029 0.317624 
0.231631 0.600256 0.168113 
0.564838 0.294565 0.140597 
0.499229 0.275669 0.225102 
0.263725 0.40631 0.329965 
0.453911 0.241634 0.304455 
0.484209 0.221527 0.294264 
0.310789 0.294504 0.394706 
0.449769 0.293043 0.257188 
0.328153 0.29372 0.378127 
0.339725 0.255669 0.404607 
0.30514 0.447486 0.247374 
0.573165 0.225465 0.201371 
0.443944 0.329337 0.226719 
0.331081 0.378652 0.290267 
0.334451 0.459686 0.205863 
0.324113 0.309472 0.366415 
0.360225 0.353221 0.286554 
0.273445 0.479373 0.247182 
0.373202 0.375142 0.251656 
0.383508 0.2247 0.391792 
0.390185 0.242744 0.36707 
0.331985 0.375334 0.292681 
0.322478 0.210802 0.46672 
0.301993 0.390054 0.307953 
0.374834 0.434049 0.191116 
0.381062 0.270313 0.348625 
0.583083 0.17764 0.239277 
0.212302 0.487727 0.299971 
0.323079 0.451741 0.22518 
0.541105 0.0886888 0.370206 
0.174691 0.104766 0.720543 
0.153158 0.0987194 0.748123 
0.140409 0.148981 0.71061 
0.375725 0.419336 0.204938 
0.135811 0.10611 0.758078 
0.0718949 0.0644089 0.863696 
0.311089 0.421206 0.267705 
0.305629 0.228214 0.466157 
0.512978 0.257954 0.229068 
0.329277 0.320375 0.350347 
0.242073 0.521738 0.236189 
0.364209 0.33185 0.303941 
0.426731 0.138254 0.435015 
0.132296 0.00909885 0.858605 
0.155339 0.0208806 0.823781 
0.132296 0.00909885 0.858605 
0.132296 0.00909885 0.858605 
0.132296 0.00909885 0.858605 
0.132296 0.00909885 0.858605 
0.132296 0.00909885 0.858605 
0.132296 0.00909885 0.858605 
0.132296 0.00909885 0.858605 
0.132296 0.00909885 0.858605 
0.132296 0.00909885 0.858605 
0.132296 0.00909885 0.858605 
0.132296 0.00909885 0.858605 
0.132296 0.00909885 0.858605 
0.132296 0.00909885 0.858605 
0.132296 0.00909885 0.858605 
0.132296 0.00909885 0.858605 
0.132296 0.00909885 0.858605 
0.132296 0.00909885 0.858605 
0.132296 0.00909885 0.858605 
0.132296 0.00909885 0.858605 
0.132296 0.00909885 0.858605 
0.132296 0.00909885 0.858605 
0.132296 0.00909885 0.858605 
0.132296 0.00909885 0.858605 
0.132296 0.00909885 0.858605 
0.132296 0.00909885 0.858605 
0.132296 0.00909885 0.858605 
0.0972574 0.0241893 0.878553 
0.199056 0.400159 0.400785 
0.132296 0.00909885 0.858605 
0.132296 0.00909885 0.858605 
0.132296 0.00909885 0.858605 
0.132296 0.00909885 0.858605 
0.132296 0.00909885 0.858605 
0.132296 0.00909885 0.858605 
0.132296 0.00909885 0.858605 
0.148512 0.151488 0.7 
0.132296 0.00909885 0.858605 
0.132296 0.00909885 0.858605 
0.132296 0.00909885 0.858605 
0.132296 0.00909885 0.858605 
0.132296 0.00909885 0.858605 
0.132296 0.00909885 0.858605 
0.132296 0.00909885 0.858605 
0.132296 0.00909885 0.858605 
0.132296 0.00909885 0.858605 
0.132296 0.00909885 0.858605 
0.132296 0.00909885 0.858605 
0.132296 0.00909885 0.858605 
0.132296 0.00909885 0.858605 
0.132296 0.00909885 0.858605 
0.132296 0.00909885 0.858605 
0.149044 0.0176833 0.833272 
0.132296 0.00909885 0.858605 
0.132296 0.00909885 0.858605 
0.132296 0.00909885 0.858605 
0.36935 0.352773 0.277876 
0.35863 0.233819 0.407551 
0.250104 0.433582 0.316314 
0.384824 0.302593 0.312583 
0.258427 0.147106 0.594466 
0.329384 0.27299 0.397626 
0.42896 0.341644 0.229396 
0.38584 0.374729 0.239431 
0.152747 0.12271 0.724543 
0.340058 0.233448 0.426493 
0.333769 0.37839 0.287842 
0.225061 0.288365 0.486574 
0.307059 0.503021 0.18992 
0.244583 0.201318 0.554099 
0.476738 0.348739 0.174523 
0.16177 0.304057 0.534173 
0.174978 0.242042 0.58298 
0.342934 0.395254 0.261813 
0.314177 0.437081 0.248742 
0.413591 0.290245 0.296164 
0.429729 0.193489 0.376781 
0.293579 0.298032 0.408389 
0.325422 0.320337 0.354241 
0.255326 0.428822 0.315852 
0.35777 0.216568 0.425663 
0.208101 0.647312 0.144586 
0.185179 0.260314 0.554508 
0.351805 0.30941 0.338785 
0.352765 0.248429 0.398806 
0.401617 0.248725 0.349657 
0.327266 0.35065 0.322084 
0.376224 0.382619 0.241157 
0.158516 0.579633 0.261851 
0.296112 0.352813 0.351075 
0.20767 0.501927 0.290403 
0.40062 0.224482 0.374898 
0.269042 0.426176 0.304782 
0.383708 0.365034 0.251258 
0.466657 0.417926 0.115417 
0.437994 0.219323 0.342683 
0.220276 0.272985 0.506739 
0.144091 0.509448 0.346461 
0.512484 0.386128 0.101389 
0.543198 0.244332 0.21247 
0.422734 0.20016 0.377106 
0.385962 0.45025 0.163788 
0.238652 0.133896 0.627452 
0.148436 0.142954 0.708609 
0.201675 0.416715 0.38161 
0.371304 0.194162 0.434533 
0.27355 0.502685 0.223765 
0.210141 0.567645 0.222213 
0.426576 0.390295 0.18313 
0.29333 0.326557 0.380113 
0.395333 0.225752 0.378916 
0.265553 0.348362 0.386085 
0.340485 0.366259 0.293256 
0.237836 0.444024 0.31814 
0.252901 0.277262 0.469838 
0.273837 0.270853 0.45531 
0.183377 0.373526 0.443096 
0.294846 0.341641 0.363512 
0.194053 0.569744 0.236203 
0.287711 0.45724 0.255049 
0.239109 0.439182 0.321709 
0.348296 0.251547 0.400157 
0.568934 0.302884 0.128182 
0.250372 0.568044 0.181584 
0.320061 0.454681 0.225258 
0.31969 0.621501 0.0588087 
0.306985 0.393074 0.299941 
0.251422 0.416422 0.332156 
0.496533 0.304337 0.19913 
0.407411 0.3295 0.263089 
0.271216 0.234535 0.49425 
0.294287 0.431555 0.274159 
0.385634 0.381106 0.23326 
0.242255 0.685488 0.0722571 
0.277858 0.567317 0.154825 
0.412371 0.383596 0.204033 
0.360326 0.241198 0.398477 
0.413372 0.24114 0.345489 
0.534055 0.294137 0.171807 
0.488418 0.260211 0.251372 
0.325271 0.380706 0.294023 
0.37155 0.202645 0.425805 
0.318564 0.223868 0.457568 
0.370712 0.246537 0.382751 
0.220033 0.108199 0.671768 
0.306531 0.358021 0.335448 
0.276276 0.196047 0.527677 
0.173938 0.18159 0.644472 
0.194408 0.188845 0.616747 
0.194408 0.188845 0.616747 
0.194408 0.188845 0.616747 
0.194408 0.188845 0.616747 
0.194408 0.188845 0.616747 
0.194408 0.188845 0.616747 
0.194408 0.188845 0.616747 
0.194408 0.188845 0.616747 
0.194408 0.188845 0.616747 
0.194408 0.188845 0.616747 
0.194408 0.188845 0.616747 
0.194408 0.188845 0.616747 
0.194408 0.188845 0.616747 
0.194408 0.188845 0.616747 
0.20603 0.20066 0.59331 
0.20603 0.20066 0.59331 
0.20603 0.20066 0.59331 
0.194408 0.188845 0.616747 
0.20603 0.20066 0.59331 
0.130874 0.669875 0.199252 
0.413697 0.313476 0.272827 
0.120594 0.121833 0.757573 
0.275224 0.0145412 0.710235 
0.163195 0.27876 0.558045 
0.24317 0.220964 0.535866 
0.280067 0.0154429 0.70449 
0.293848 0.0869249 0.619227 
0.250916 0.0112437 0.737841 
0.266148 0.0607478 0.673104 
0.261146 0.349986 0.388868 
0.345554 0.38162 0.272826 
0.408208 0.287317 0.304474 
0.435006 0.155468 0.409526 
0.254787 0.429996 0.315217 
0.32659 0.310787 0.362623 
0.176595 0.238527 0.584878 
0.174883 0.208094 0.617023 
0.321001 0.196552 0.482447 
0.321588 0.149297 0.529116 
0.335295 0.249515 0.41519 
0.350215 0.297368 0.352417 
0.477271 0.293068 0.229661 
0.325246 0.387432 0.287321 
0.362735 0.465622 0.171643 
0.359593 0.317962 0.322445 
0.32861 0.374039 0.297351 
0.325462 0.224904 0.449633 
0.304642 0.202167 0.493191 
0.306988 0.439234 0.253778 
0.287068 0.360724 0.352209 
0.277794 0.385099 0.337107 
0.340146 0.426693 0.23316 
0.272162 0.384286 0.343552 
0.147536 0.219126 0.633338 
0.214216 0.381218 0.404566 
0.31838 0.421287 0.260333 
0.419059 0.251661 0.329281 
0.150084 0.310731 0.539185 
0.247053 0.43456 0.318387 
0.306207 0.271247 0.422546 
0.443095 0.36569 0.191215 
0.506798 0.180274 0.312929 
0.242183 0.401586 0.356231 
0.44827 0.300023 0.251707 
0.456865 0.261295 0.28184 
0.229013 0.302501 0.468487 
0.306161 0.34311 0.350729 
0.189386 0.61854 0.192074 
0.306568 0.419797 0.273635 
0.383176 0.272354 0.34447 
0.45154 0.298852 0.249608 
0.505649 0.254364 0.239987 
0.510431 0.261474 0.228095 
0.343639 0.394233 0.262128 
0.271101 0.335067 0.393831 
0.246595 0.341618 0.411787 
0.47064 0.202198 0.327162 
0.357472 0.311472 0.331057 
0.381861 0.392693 0.225446 
0.386364 0.354672 0.258965 
0.201655 0.334086 0.464259 
0.284898 0.445577 0.269525 
0.311471 0.417403 0.271126 
0.287482 0.456856 0.255662 
0.411646 0.285389 0.302965 
0.256566 0.443646 0.299788 
0.152197 0.303074 0.544729 
0.362157 0.35088 0.286963 
0.493853 0.23304 0.273107 
0.330927 0.468052 0.201022 
0.217971 0.334735 0.447294 
0.439446 0.26179 0.298763 
0.249301 0.590773 0.159926 
0.463311 0.346976 0.189714 
0.31366 0.427566 0.258774 
0.451718 0.303289 0.244993 
0.210723 0.35704 0.432237 
0.318527 0.617325 0.0641486 
0.335102 0.435754 0.229143 
0.306373 0.323366 0.370261 
0.243832 0.424466 0.331702 
0.402585 0.345325 0.25209 
0.216538 0.473265 0.310197 
0.159956 0.376072 0.463972 
0.348696 0.261869 0.389435 
0.742891 0.168705 0.0884036 
0.335858 0.367136 0.297006 
0.346313 0.274908 0.378779 
0.469281 0.314004 0.216715 
0.370231 0.452677 0.177092 
0.235991 0.233725 0.530284 
0.17894 0.337204 0.483857 
0.327312 0.261464 0.411224 
0.451248 0.290082 0.25867 
0.352967 0.355798 0.291235 
0.247546 0.547141 0.205313 
0.214726 0.395889 0.389385 
0.273492 0.470587 0.255921 
0.282551 0.413645 0.303804 
0.315134 0.41454 0.270326 
0.418829 0.366576 0.214596 
0.358596 0.286045 0.355359 
0.604272 0.185288 0.21044 
0.308784 0.426104 0.265111 
0.322895 0.389011 0.288094 
0.469954 0.398912 0.131134 
0.3102 0.370109 0.319691 
0.346721 0.111816 0.541463 
0.253839 0.140006 0.606155 
0.312579 0.334461 0.35296 
0.58777 0.0993534 0.312876 
0.323986 0.276961 0.399052 
0.134528 0.228226 0.637246 
0.420771 0.288635 0.290594 
0.251376 0.00972016 0.738904 
0.399421 0.313709 0.28687 
0.450566 0.265524 0.28391 
0.349553 0.378341 0.272106 
0.144463 0.212869 0.642668 
0.448302 0.392111 0.159587 
0.261938 0.5136 0.224462 
0.43966 0.328433 0.231908 
0.4441 0.24056 0.315339 
0.341111 0.354034 0.304855 
0.244235 0.236845 0.51892 
0.359207 0.306347 0.334447 
0.161458 0.208624 0.629918 
0.49677 0.296345 0.206886 
0.400452 0.297337 0.302211 
0.147219 0.29386 0.558921 
0.343316 0.341469 0.315216 
0.32777 0.137814 0.534416 
0.699061 0.117624 0.183314 
0.11728 0.841195 0.0415252 
0.215638 0.344589 0.439773 
0.312876 0.423482 0.263642 
0.272763 0.274881 0.452356 
0.273492 0.470587 0.255921 
0.349797 0.266438 0.383765 
0.699061 0.117624 0.183314 
0.466043 0.0924761 0.441481 
