0.275139 0.0491948 0.324086 0.35158 
0.197416 0.206028 0.256814 0.339741 
0.203185 0.187672 0.218929 0.390213 
0.306664 0.101646 0.121121 0.470569 
0.28223 0.307919 0.190085 0.219767 
0.191535 0.338746 0.223329 0.24639 
0.21253 0.299782 0.273346 0.214342 
0.187011 0.183467 0.326077 0.303445 
0.1459 0.190465 0.269122 0.394513 
0.241899 0.219763 0.352842 0.185496 
0.0445059 0.269458 0.00767658 0.67836 
0.176963 0.222897 0.241731 0.358409 
0.240549 0.218258 0.217279 0.323914 
0.186329 0.182087 0.233764 0.39782 
0.578691 0.317634 0.0818981 0.0217774 
0.222504 0.242706 0.300533 0.234257 
0.218415 0.156473 0.219467 0.405645 
0.199761 0.174865 0.418215 0.207159 
0.138758 0.149057 0.230161 0.482024 
0.242772 0.065975 0.115677 0.575577 
0.112112 0.279271 0.175726 0.432891 
0.343756 0.302663 0.25658 0.0970003 
0.221182 0.287974 0.275846 0.214997 
0.174729 0.177711 0.325921 0.321639 
0.279319 0.126073 0.263634 0.330973 
0.242424 0.209078 0.273587 0.274912 
0.277076 0.150039 0.224428 0.348457 
0.310278 0.166723 0.287918 0.23508 
0.35742 0.0715445 0.239764 0.331272 
0.487114 0.26813 0.120013 0.124743 
0.232241 0.170274 0.368112 0.229373 
0.291037 0.0822273 0.18357 0.443166 
0.212229 0.195821 0.324306 0.267644 
0.208436 0.26558 0.326949 0.199035 
0.351173 0.193453 0.141748 0.313626 
0.0872174 0.239114 0.216684 0.456985 
0.264259 0.134593 0.252005 0.349142 
0.00117394 0.00141239 0.994873 0.00254104 
0.213519 0.184606 0.336296 0.265578 
0.231681 0.159063 0.291021 0.318235 
0.19727 0.203986 0.283456 0.315288 
0.283834 0.30242 0.195769 0.217978 
0.166861 0.17867 0.240618 0.413852 
0.166861 0.17867 0.240618 0.413852 
0.209286 0.170152 0.371834 0.248729 
0.271851 0.247533 0.102062 0.378554 
0.125046 0.133228 0.287671 0.454055 
0.248511 0.167074 0.447205 0.137211 
0.175136 0.161347 0.242775 0.420742 
0.132035 0.28417 0.211617 0.372178 
0.203953 0.214081 0.271706 0.31026 
0.189608 0.220826 0.215927 0.373638 
0.171038 0.220256 0.275308 0.333397 
0.241647 0.180026 0.273744 0.304583 
0.138191 0.386685 0.242431 0.232693 
0.30661 0.347417 0.180542 0.165431 
0.389366 0.436039 0.0582782 0.116317 
0.393796 0.309048 0.1606 0.136557 
0.577699 0.243619 0.0633828 0.1153 
0.222795 0.401366 0.117838 0.258001 
0.453621 0.298082 0.0854471 0.16285 
0.286884 0.157044 0.369194 0.186879 
0.151692 0.308578 0.254412 0.285317 
0.215112 0.688938 0.0621896 0.0337603 
0.339698 0.145753 0.147664 0.366885 
0.268969 0.35217 0.238403 0.140457 
0.210962 0.461554 0.210756 0.116728 
0.263282 0.716969 0.00442041 0.0153288 
0.175005 0.290959 0.301983 0.232053 
0.443855 0.332655 0.0817167 0.141773 
0.0752976 0.777298 0.0660174 0.0813872 
0.23988 0.286982 0.306034 0.167104 
0.305631 0.136852 0.281758 0.275759 
0.28599 0.354697 0.096121 0.263192 
0.234336 0.33945 0.224727 0.201487 
0.272736 0.319498 0.202473 0.205293 
0.284345 0.18264 0.260216 0.2728 
0.334221 0.165495 0.246692 0.253593 
0.321302 0.162636 0.247581 0.268481 
0.268959 0.249448 0.203712 0.277881 
0.240138 0.182731 0.171058 0.406074 
0.348977 0.173736 0.280148 0.197139 
0.275535 0.216068 0.331046 0.177351 
0.533408 0.236326 0.164306 0.0659597 
0.528655 0.269915 0.147803 0.0536267 
0.149976 0.256759 0.215678 0.377587 
0.278348 0.28679 0.268501 0.166362 
0.175425 0.30214 0.323124 0.199311 
0.232399 0.190695 0.183033 0.393873 
0.176864 0.174794 0.119911 0.528431 
0.0875698 0.103566 0.0518627 0.757002 
0.279833 0.332141 0.162429 0.225597 
0.246977 0.249219 0.255599 0.248205 
0.40316 0.129811 0.143116 0.323912 
0.299232 0.388937 0.119428 0.192403 
0.301292 0.131735 0.27653 0.290442 
0.198954 0.157757 0.390599 0.252689 
0.188658 0.63955 0.081163 0.0906284 
0.387506 0.331196 0.0434938 0.237805 
0.321047 0.339624 0.180417 0.158912 
0.46797 0.119301 0.264753 0.147976 
0.23711 0.37619 0.231959 0.154742 
0.26526 0.384563 0.160608 0.18957 
0.25236 0.0997953 0.269994 0.377851 
0.012823 0.00744417 0.856488 0.123245 
0.451722 0.22108 0.0666722 0.260526 
0.420079 0.426803 0.0809677 0.0721502 
0.606096 0.0670388 0.156692 0.170173 
0.295039 0.226577 0.26878 0.209603 
0.185482 0.227526 0.430227 0.156765 
0.294117 0.36254 0.146787 0.196555 
0.284353 0.164174 0.306831 0.244642 
0.217443 0.255458 0.21497 0.31213 
0.154292 0.150228 0.358631 0.33685 
0.491911 0.253573 0.157013 0.0975031 
0.252046 0.278025 0.117323 0.352606 
0.281389 0.331687 0.196432 0.190493 
0.240952 0.218929 0.261633 0.278486 
0.252572 0.467393 0.204532 0.0755035 
0.39829 0.206285 0.256758 0.138666 
0.311925 0.254891 0.237635 0.195549 
0.236933 0.33981 0.150925 0.272332 
0.34158 0.402203 0.112366 0.143851 
0.443071 0.219061 0.163212 0.174656 
0.221555 0.395609 0.0790154 0.303821 
0.321265 0.341227 0.166568 0.17094 
0.26229 0.414101 0.172801 0.150808 
0.182987 0.455639 0.179385 0.18199 
0.262318 0.450671 0.121924 0.165087 
0.259516 0.450288 0.161336 0.12886 
0.228999 0.261255 0.225939 0.283807 
0.199175 0.119572 0.373864 0.307388 
0.493085 0.237726 0.164867 0.104322 
0.19538 0.400455 0.145234 0.258932 
0.393178 0.381682 0.0896521 0.135487 
0.401987 0.269047 0.252977 0.0759895 
0.182462 0.213513 0.172351 0.431674 
0.224859 0.224001 0.378156 0.172984 
0.387419 0.208025 0.299872 0.104684 
0.554584 0.17689 0.124268 0.144258 
0.244126 0.289651 0.248196 0.218028 
0.269791 0.297989 0.118768 0.313451 
0.276862 0.398072 0.0327566 0.292309 
0.314009 0.288187 0.195377 0.202427 
0.11962 0.533249 0.0886851 0.258446 
0.449474 0.201669 0.0888126 0.260045 
0.509581 0.190881 0.112956 0.186582 
0.331692 0.297601 0.091539 0.279168 
0.236992 0.295134 0.167876 0.299997 
0.269006 0.178327 0.175868 0.3768 
0.128559 0.481296 0.247962 0.142183 
0.260857 0.366611 0.266001 0.106532 
0.390872 0.145697 0.15722 0.306211 
0.11243 0.11345 0.318329 0.45579 
0.260322 0.611973 0.102176 0.0255289 
0.233351 0.419476 0.193403 0.15377 
0.201002 0.378285 0.17848 0.242233 
0.295164 0.186563 0.42282 0.0954523 
0.383633 0.160025 0.382542 0.0738002 
0.367345 0.134304 0.330925 0.167426 
0.170092 0.255365 0.31374 0.260803 
0.203473 0.329855 0.288064 0.178608 
0.347344 0.203876 0.353016 0.0957644 
0.266056 0.232829 0.329922 0.171193 
0.124725 0.401362 0.311693 0.162219 
0.358056 0.344985 0.0849874 0.211972 
0.141586 0.303979 0.345923 0.208512 
0.205493 0.386087 0.131307 0.277114 
0.169319 0.459569 0.249832 0.121281 
0.0621353 0.0926076 0.42115 0.424107 
0.313532 0.449025 0.137816 0.0996267 
0.243821 0.337892 0.213301 0.204986 
0.336762 0.311342 0.238188 0.113708 
0.320489 0.197967 0.235026 0.246518 
0.235837 0.303757 0.189968 0.270438 
0.331554 0.255111 0.309178 0.104156 
0.302969 0.246047 0.295379 0.155606 
0.236735 0.201812 0.262647 0.298806 
0.300184 0.204515 0.283429 0.211872 
0.107438 0.351705 0.403329 0.137528 
0.258576 0.141669 0.243787 0.355968 
0.427437 0.253295 0.136186 0.183082 
0.322738 0.259998 0.182155 0.235109 
0.188871 0.385012 0.192098 0.234018 
0.268887 0.399897 0.148365 0.182851 
0.201551 0.361254 0.187526 0.249669 
0.305425 0.253021 0.202978 0.238576 
0.605073 0.13319 0.140802 0.120934 
0.190999 0.357733 0.229345 0.221923 
0.191997 0.633376 0.0769247 0.0977031 
0.370679 0.204152 0.310047 0.115123 
0.312021 0.198704 0.26706 0.222216 
0.193213 0.194723 0.226412 0.385651 
0.148098 0.29857 0.269233 0.2841 
0.587779 0.130986 0.110573 0.170662 
0.276828 0.307774 0.117648 0.297751 
0.228464 0.24258 0.288721 0.240235 
0.321597 0.259236 0.226676 0.192491 
0.38951 0.17199 0.259092 0.179409 
0.379723 0.18727 0.23838 0.194627 
0.235641 0.302435 0.265514 0.19641 
0.279254 0.17336 0.177991 0.369396 
0.387941 0.321841 0.142169 0.148049 
0.371745 0.282536 0.144277 0.201442 
0.180498 0.284687 0.295844 0.238971 
0.288764 0.17252 0.236869 0.301847 
0.142273 0.25705 0.353071 0.247606 
0.31463 0.370657 0.136609 0.178104 
0.175552 0.367503 0.171267 0.285678 
0.176465 0.37078 0.268308 0.184447 
0.162667 0.24374 0.203289 0.390304 
0.244495 0.418951 0.233169 0.103385 
0.246909 0.486895 0.159294 0.106902 
0.2408 0.209964 0.23566 0.313575 
0.00694529 0.944444 0.00694197 0.0416688 
0.108826 0.202562 0.161971 0.526641 
0.375471 0.402357 0.0645581 0.157614 
0.114085 0.205711 0.213994 0.46621 
0.266069 0.178906 0.322213 0.232812 
0.231497 0.19506 0.319063 0.25438 
0.172201 0.300908 0.256979 0.269912 
0.439638 0.145855 0.200284 0.214222 
0.123081 0.272312 0.246214 0.358393 
0.196982 0.26674 0.311362 0.224916 
0.356055 0.0995839 0.30519 0.239171 
0.247228 0.163186 0.410856 0.178731 
0.324036 0.278082 0.211648 0.186233 
0.201293 0.455371 0.196903 0.146433 
0.413913 0.21503 0.195042 0.176014 
0.172616 0.274565 0.469861 0.0829579 
0.246251 0.223546 0.320344 0.209859 
0.196135 0.174538 0.348596 0.280732 
0.209189 0.26852 0.213886 0.308406 
0.252924 0.230671 0.121722 0.394683 
0.0982433 0.629724 0.0584814 0.213551 
0.0727322 0.554702 0.0980955 0.274471 
0.216895 0.281943 0.210971 0.29019 
0.260884 0.418812 0.092241 0.228063 
0.20321 0.383795 0.174984 0.23801 
0.261682 0.1345 0.351881 0.251938 
0.216395 0.155589 0.28898 0.339036 
0.280334 0.200269 0.128145 0.391252 
0.233766 0.47778 0.105167 0.183287 
0.208073 0.482151 0.161608 0.148167 
0.203225 0.325907 0.220664 0.250204 
0.23999 0.587036 0.121362 0.0516131 
0.257621 0.58007 0.108742 0.0535672 
0.537544 0.188883 0.121526 0.152046 
0.201187 0.215622 0.280613 0.302577 
0.261757 0.222005 0.308139 0.208098 
0.458212 0.33428 0.12554 0.0819676 
0.221695 0.385378 0.131997 0.26093 
0.215779 0.11951 0.442609 0.222102 
0.272698 0.147175 0.417983 0.162144 
0.276854 0.400656 0.24843 0.0740602 
0.217337 0.170717 0.408426 0.20352 
0.359045 0.388652 0.0767219 0.175581 
0.277616 0.384517 0.207947 0.12992 
0.344414 0.131905 0.31692 0.206762 
0.270906 0.328292 0.147914 0.252889 
0.492531 0.143163 0.174699 0.189607 
0.281267 0.141049 0.340441 0.237243 
0.292566 0.472945 0.128058 0.106431 
0.283505 0.139361 0.286854 0.290279 
0.264925 0.386546 0.144349 0.20418 
0.184115 0.303942 0.19929 0.312653 
0.336881 0.256011 0.182552 0.224556 
0.338755 0.102137 0.36789 0.191217 
0.31528 0.148898 0.275405 0.260417 
0.264925 0.386546 0.144349 0.20418 
0.293074 0.40217 0.150707 0.154049 
0.264925 0.386546 0.144349 0.20418 
0.231281 0.277825 0.251993 0.238901 
0.141241 0.43944 0.190172 0.229147 
0.340594 0.406553 0.164074 0.0887785 
0.168938 0.384945 0.0788069 0.36731 
0.228606 0.216171 0.30345 0.251773 
0.246559 0.222638 0.23346 0.297342 
0.27215 0.335254 0.079576 0.313021 
0.216302 0.255667 0.26888 0.25915 
0.0594837 0.301213 0.434369 0.204934 
0.351093 0.166681 0.216751 0.265474 
0.192098 0.295711 0.0857746 0.426416 
0.248672 0.323523 0.246854 0.180951 
0.176619 0.244697 0.302319 0.276365 
0.15757 0.41684 0.104435 0.321156 
0.251248 0.335668 0.211751 0.201332 
0.169098 0.211649 0.300807 0.318445 
0.195957 0.42198 0.126407 0.255656 
0.364221 0.29572 0.204954 0.135104 
0.200499 0.127224 0.379198 0.293078 
0.288941 0.399993 0.17128 0.139786 
0.22835 0.462844 0.079484 0.229323 
0.179722 0.295102 0.114728 0.410448 
0.411141 0.26589 0.116346 0.206624 
0.307656 0.237975 0.219217 0.235152 
0.344513 0.218966 0.142866 0.293655 
0.198873 0.247023 0.266257 0.287847 
0.183126 0.298497 0.253895 0.264482 
0.162611 0.261108 0.246558 0.329723 
0.179598 0.261672 0.27911 0.27962 
0.185012 0.210673 0.223634 0.380681 
0.0770565 0.593003 0.199142 0.130798 
0.125023 0.389459 0.118899 0.366619 
0.193629 0.247427 0.341911 0.217033 
0.270263 0.420067 0.147298 0.162372 
0.515463 0.309721 0.043086 0.131731 
0.260184 0.193292 0.169248 0.377276 
0.36725 0.31042 0.167624 0.154706 
0.18416 0.425429 0.106107 0.284304 
0.182838 0.432189 0.168641 0.216333 
0.340559 0.200835 0.201313 0.257293 
0.323829 0.239253 0.259395 0.177523 
0.26338 0.266494 0.132266 0.33786 
0.154577 0.291101 0.291917 0.262405 
0.369429 0.266609 0.268632 0.0953305 
0.276304 0.268931 0.259109 0.195657 
0.202333 0.426566 0.193001 0.178099 
0.389629 0.102956 0.197202 0.310213 
0.337366 0.149655 0.364473 0.148506 
0.17865 0.135198 0.289344 0.396808 
0.193629 0.247427 0.341911 0.217033 
0.395527 0.315731 0.17359 0.115152 
0.133032 0.204848 0.323413 0.338707 
0.393227 0.342522 0.102813 0.161438 
0.279647 0.329209 0.123489 0.267655 
0.201224 0.400165 0.156663 0.241948 
0.266226 0.233987 0.263069 0.236718 
0.215936 0.290349 0.200472 0.293243 
0.431855 0.289517 0.201024 0.0776046 
0.481143 0.258172 0.162277 0.0984076 
0.48393 0.276665 0.17021 0.0691954 
0.299298 0.254749 0.137893 0.30806 
0.22972 0.431294 0.192521 0.146464 
0.205312 0.356124 0.117796 0.320768 
0.159802 0.330004 0.290881 0.219313 
0.295148 0.29184 0.18518 0.227832 
0.314028 0.120074 0.116181 0.449718 
0.321817 0.213008 0.149899 0.315275 
0.332494 0.325782 0.138342 0.203383 
0.339247 0.194102 0.176347 0.290304 
0.394981 0.216751 0.114535 0.273733 
0.353539 0.152774 0.338432 0.155255 
0.242945 0.401984 0.2759 0.0791713 
0.470527 0.341957 0.148052 0.0394634 
0.259521 0.598408 0.0242683 0.117802 
0.142879 0.026641 0.239774 0.590706 
0.225725 0.158906 0.240368 0.375 
0.402956 0.32065 0.170731 0.105664 
0.44493 0.109759 0.124165 0.321146 
0.201865 0.36446 0.181525 0.25215 
0.385976 0.158148 0.258915 0.196961 
0.260563 0.437563 0.113215 0.188659 
0.468377 0.201989 0.167084 0.16255 
0.253298 0.248057 0.184637 0.314008 
0.417485 0.166963 0.247145 0.168408 
0.484664 0.348274 0.0420227 0.12504 
0.268778 0.41916 0.0982617 0.2138 
0.286926 0.414304 0.169839 0.12893 
0.120276 0.370501 0.306895 0.202327 
0.312661 0.131889 0.274267 0.281182 
0.415841 0.226193 0.0964141 0.261552 
0.386706 0.284335 0.157892 0.171067 
0.0237727 0.404181 0.440617 0.131429 
0.255155 0.300888 0.18682 0.257137 
0.312866 0.208786 0.300035 0.178313 
0.323826 0.277991 0.208433 0.18975 
0.276619 0.390926 0.086403 0.246053 
0.256329 0.20661 0.187484 0.349577 
0.140525 0.242687 0.22005 0.396738 
0.25784 0.229625 0.343669 0.168867 
0.229208 0.178454 0.233303 0.359034 
0.263427 0.27754 0.292317 0.166716 
0.221342 0.442992 0.0944728 0.241193 
0.366238 0.235222 0.1869 0.211641 
0.126495 0.323775 0.371448 0.178282 
0.167118 0.271382 0.352647 0.208853 
0.256145 0.226867 0.282846 0.234142 
0.285132 0.223645 0.121538 0.369685 
0.362963 0.346855 0.101413 0.188769 
0.256761 0.171071 0.184647 0.387521 
0.216931 0.268818 0.340811 0.17344 
0.229086 0.690342 0.0511347 0.0294374 
0.261111 0.183263 0.273911 0.281716 
0.188526 0.406922 0.158909 0.245643 
0.436462 0.235951 0.101203 0.226385 
0.379625 0.360365 0.157145 0.102865 
0.266816 0.372219 0.202723 0.158242 
0.435546 0.171822 0.258935 0.133697 
0.580727 0.138216 0.116489 0.164568 
0.184877 0.156632 0.322737 0.335754 
0.3887 0.109685 0.273946 0.227669 
0.301345 0.353534 0.140897 0.204224 
0.26494 0.434777 0.133976 0.166308 
0.355264 0.420574 0.0422985 0.181864 
0.291003 0.444191 0.170695 0.094111 
0.23768 0.207789 0.293093 0.261438 
0.248486 0.308213 0.340482 0.102819 
0.117223 0.31284 0.241598 0.328338 
0.359412 0.303467 0.214246 0.122874 
0.321092 0.19012 0.106071 0.382717 
0.343169 0.213611 0.169362 0.273858 
0.145258 0.33446 0.279933 0.240349 
0.172339 0.360733 0.308581 0.158347 
0.133818 0.103483 0.556158 0.206541 
0.308018 0.301082 0.154452 0.236448 
0.325281 0.621135 0.00541295 0.0481712 
0.198049 0.315704 0.321665 0.164581 
0.410873 0.22557 0.248893 0.114664 
0.224697 0.204623 0.29447 0.276211 
0.283606 0.494077 0.17365 0.0486664 
0.203802 0.394102 0.0767466 0.325349 
0.207179 0.415799 0.156872 0.22015 
0.352687 0.325129 0.152615 0.169569 
0.362711 0.270864 0.117381 0.249044 
0.188278 0.2916 0.217298 0.302825 
0.202713 0.296289 0.199964 0.301034 
0.206236 0.262534 0.221557 0.309673 
0.303153 0.237767 0.147565 0.311516 
0.31327 0.161673 0.251215 0.273842 
0.15053 0.714786 0.0451954 0.0894886 
0.345399 0.382171 0.114236 0.158193 
0.113254 0.211597 0.120955 0.554194 
0.560508 0.116908 0.125813 0.196771 
0.242758 0.189349 0.147095 0.420798 
0.323939 0.18517 0.30542 0.185471 
0.378038 0.251325 0.117124 0.253513 
0.387973 0.343884 0.0855542 0.182589 
0.295562 0.19149 0.346615 0.166333 
0.305942 0.134012 0.287703 0.272343 
0.453668 0.352153 0.0630235 0.131156 
0.257626 0.221936 0.0887923 0.431646 
0.38109 0.34122 0.152183 0.125508 
0.239386 0.199882 0.321025 0.239707 
0.358411 0.225245 0.186071 0.230273 
0.264925 0.386546 0.144349 0.20418 
0.414392 0.227215 0.157362 0.201031 
0.158792 0.19853 0.433339 0.209339 
0.184069 0.381137 0.20103 0.233764 
0.238388 0.299262 0.205106 0.257244 
0.335419 0.235245 0.238802 0.190533 
0.108789 0.27983 0.210779 0.400603 
0.176929 0.346103 0.218736 0.258232 
0.25313 0.301857 0.144891 0.300123 
0.219344 0.527255 0.0812041 0.172197 
0.413081 0.0765526 0.13502 0.375346 
0.174985 0.267795 0.214098 0.343122 
0.212746 0.17091 0.284757 0.331587 
0.389639 0.279205 0.171358 0.159798 
0.536602 0.247064 0.109956 0.106378 
0.307615 0.169593 0.273428 0.249364 
0.695385 0.107263 0.0754838 0.121868 
0.31525 0.0973479 0.235745 0.351657 
0.401789 0.285089 0.115264 0.197858 
0.103955 0.319433 0.177345 0.399267 
0.365561 0.289012 0.117311 0.228116 
0.19584 0.453718 0.218632 0.13181 
0.290132 0.245761 0.398064 0.0660428 
0.302284 0.19881 0.2125 0.286407 
0.226334 0.196672 0.304372 0.272621 
0.340756 0.194603 0.233524 0.231117 
0.330805 0.383365 0.126085 0.159746 
0.273851 0.444113 0.158555 0.123481 
0.157803 0.469872 0.102219 0.270106 
0.160755 0.619385 0.120641 0.0992181 
0.443014 0.185963 0.139591 0.231432 
0.178712 0.407503 0.250375 0.16341 
0.327106 0.18311 0.124382 0.365401 
0.33871 0.266537 0.158779 0.235974 
0.17904 0.243862 0.201333 0.375765 
0.252471 0.348728 0.173034 0.225766 
0.559224 0.18986 0.155035 0.0958813 
0.403917 0.188856 0.167675 0.239553 
0.181503 0.335813 0.142443 0.34024 
0.00791809 0.699977 0.00812341 0.283982 
0.278912 0.267014 0.282878 0.171196 
0.138168 0.514479 0.146474 0.200879 
0.13775 0.286825 0.198165 0.377261 
0.146523 0.148085 0.38261 0.322783 
0.144786 0.271146 0.297484 0.286584 
0.179465 0.162766 0.333019 0.32475 
0.128641 0.137838 0.598533 0.134988 
0.131526 0.12326 0.409022 0.336192 
0.379114 0.137343 0.203757 0.279786 
0.256863 0.280601 0.196607 0.265928 
0.181391 0.231057 0.422791 0.16476 
0.398378 0.188147 0.229417 0.184058 
0.222609 0.313446 0.362056 0.101889 
0.191071 0.476161 0.103099 0.229669 
0.17071 0.321391 0.206723 0.301177 
0.278739 0.401886 0.203736 0.115638 
0.468861 0.182003 0.199267 0.149869 
0.180735 0.166552 0.30238 0.350334 
0.191824 0.338103 0.166732 0.303342 
0.502912 0.310767 0.0954439 0.0908772 
0.27793 0.169442 0.404485 0.148143 
0.206412 0.285749 0.171725 0.336114 
0.194422 0.225043 0.211085 0.369449 
0.0828306 0.192734 0.598199 0.126236 
nan nan nan nan 
0.359492 0.258261 0.129898 0.252349 
0.158305 0.230698 0.216932 0.394064 
0.182029 0.194954 0.305479 0.317538 
0.50952 0.257896 0.101887 0.130696 
0.308913 0.173092 0.142099 0.375896 
0.178377 0.427563 0.256982 0.137078 
0.235186 0.367764 0.108269 0.288781 
0.099886 0.115478 0.38459 0.400046 
0.188781 0.435471 0.208688 0.16706 
0.236318 0.133592 0.38882 0.24127 
0.116972 0.174263 0.355114 0.353652 
0.222609 0.313446 0.362056 0.101889 
0.355856 0.159331 0.0867021 0.398111 
0.191217 0.35299 0.230625 0.225168 
0.434875 0.140718 0.203992 0.220416 
0.434875 0.140718 0.203992 0.220416 
0.489696 0.115476 0.183549 0.21128 
0.186516 0.142848 0.352587 0.318049 
0.384559 0.19804 0.229408 0.187994 
0.371024 0.203822 0.12067 0.304484 
0.388865 0.28142 0.232989 0.096727 
0.207359 0.178468 0.229201 0.384971 
0.227517 0.380914 0.164987 0.226582 
0.128639 0.462491 0.244422 0.164448 
0.249986 0.234485 0.195519 0.32001 
0.287194 0.365821 0.211899 0.135085 
0.232283 0.195203 0.107895 0.464618 
0.109595 0.482571 0.134871 0.272963 
0.25322 0.312758 0.14049 0.293532 
0.216831 0.315873 0.189258 0.278038 
0.252056 0.441695 0.148375 0.157874 
0.120632 0.471097 0.288346 0.119926 
0.201529 0.486777 0.201146 0.110548 
0.469876 0.095826 0.331135 0.103163 
0.254117 0.276531 0.279399 0.189953 
0.207582 0.328018 0.221326 0.243074 
0.362874 0.267617 0.305679 0.0638304 
0.14307 0.29222 0.269272 0.295437 
nan nan nan nan 
0.259398 0.227377 0.149838 0.363386 
0.39607 0.319954 0.165366 0.118611 
0.149838 0.552223 0.138716 0.159223 
0.259398 0.227377 0.149838 0.363386 
0.339852 0.195796 0.186862 0.27749 
0.323674 0.219504 0.172489 0.284334 
0.177656 0.224405 0.358823 0.239116 
0.251609 0.460225 0.122624 0.165542 
0.250946 0.153129 0.488336 0.107589 
0.356114 0.190179 0.275182 0.178525 
0.19814 0.445069 0.0548342 0.301957 
0.246376 0.297222 0.236879 0.219523 
0.315347 0.174646 0.166247 0.343759 
0.233614 0.211911 0.152478 0.401997 
0.240974 0.214766 0.24281 0.30145 
0.129789 0.216949 0.505352 0.14791 
0.320621 0.157496 0.311476 0.210407 
0.202163 0.243302 0.280557 0.273979 
0.21289 0.22807 0.296973 0.262067 
0.269528 0.240464 0.296093 0.193915 
0.164793 0.110391 0.348467 0.376349 
0.188938 0.224233 0.308686 0.278143 
0.152167 0.320818 0.199464 0.32755 
0.170541 0.178856 0.360124 0.290478 
0.101998 0.27465 0.0961287 0.527224 
0.211501 0.175654 0.13715 0.475695 
0.173166 0.246013 0.32947 0.251351 
0.173593 0.180509 0.354892 0.291006 
0.191244 0.273381 0.270522 0.264853 
nan nan nan nan 
0.334333 0.225337 0.165766 0.274564 
0.11698 0.122429 0.597924 0.162666 
0.13088 0.104176 0.311535 0.453409 
0.262035 0.183603 0.308873 0.245489 
0.14763 0.223095 0.152059 0.477216 
0.236695 0.256999 0.320743 0.185563 
0.13325 0.380811 0.262802 0.223137 
0.16302 0.436991 0.0944639 0.305525 
0.370596 0.163273 0.203081 0.263051 
0.158375 0.181759 0.322328 0.337538 
0.29377 0.279995 0.101504 0.32473 
0.247275 0.17155 0.322398 0.258777 
0.306032 0.125155 0.260709 0.308105 
0.274744 0.26564 0.286903 0.172713 
0.257207 0.180045 0.27206 0.290688 
0.117549 0.811849 0.0472191 0.0233836 
0.218481 0.446479 0.152758 0.182282 
0.385094 0.127946 0.250577 0.236383 
0.296327 0.168982 0.0880244 0.446667 
0.685862 0.0715481 0.148072 0.0945185 
0.328641 0.348194 0.110331 0.212834 
0.394585 0.189065 0.245462 0.170888 
0.182609 0.300673 0.335277 0.181441 
0.327459 0.200512 0.342737 0.129293 
0.2871 0.297256 0.183375 0.232268 
0.185372 0.199624 0.175293 0.439711 
0.188282 0.290905 0.241464 0.27935 
0.267406 0.118808 0.2599 0.353886 
0.195485 0.313246 0.331058 0.160212 
0.0763775 0.488274 0.385293 0.0500551 
0.0629676 0.550267 0.356599 0.0301663 
0.160076 0.127115 0.360305 0.352504 
0.16335 0.307799 0.305638 0.223213 
0.375296 0.212235 0.20158 0.21089 
0.395159 0.206532 0.197892 0.200418 
0.331732 0.26435 0.156513 0.247405 
0.402849 0.192168 0.198835 0.206148 
0.328189 0.185795 0.156933 0.329083 
0.430796 0.221733 0.20497 0.142501 
0.371993 0.308346 0.0690768 0.250585 
0.257086 0.110521 0.209221 0.423173 
0.299452 0.379544 0.209677 0.111327 
0.279355 0.288069 0.303985 0.128591 
0.449642 0.126536 0.188512 0.235311 
0.325283 0.156043 0.232218 0.286457 
0.271706 0.2762 0.232839 0.219255 
0.4759 0.190427 0.13149 0.202183 
0.441354 0.237701 0.119796 0.20115 
0.258925 0.176098 0.332324 0.232652 
0.242096 0.228324 0.238567 0.291013 
0.244371 0.350633 0.183934 0.221062 
0.197804 0.0953152 0.239037 0.467844 
0.375924 0.231141 0.198527 0.194407 
0.220781 0.0914347 0.234807 0.452977 
0.267021 0.32524 0.273633 0.134106 
0.358987 0.207427 0.241647 0.191938 
0.303066 0.143983 0.226386 0.326566 
0.199069 0.230547 0.348453 0.221931 
0.201727 0.147317 0.350801 0.300154 
0.276291 0.301769 0.216995 0.204945 
0.192552 0.177359 0.333525 0.296564 
0.373713 0.103884 0.123626 0.398777 
0.112 0.363018 0.201793 0.32319 
0.416152 0.202148 0.169356 0.212344 
0.160993 0.202506 0.172578 0.463922 
0.177656 0.224405 0.358823 0.239116 
0.0907303 0.278019 0.202389 0.428862 
0.26563 0.312541 0.156373 0.265456 
0.337766 0.214179 0.263949 0.184106 
0.389028 0.155111 0.119171 0.33669 
0.226757 0.150779 0.299311 0.323153 
0.00550838 0.00535863 0.981862 0.00727143 
0.00550838 0.00535863 0.981862 0.00727143 
0.00550838 0.00535863 0.981862 0.00727143 
0.00550838 0.00535863 0.981862 0.00727143 
0.00550838 0.00535863 0.981862 0.00727143 
0.00550838 0.00535863 0.981862 0.00727143 
0.00550838 0.00535863 0.981862 0.00727143 
0.333491 0.271574 0.224922 0.170014 
0.00550838 0.00535863 0.981862 0.00727143 
0.00550838 0.00535863 0.981862 0.00727143 
0.013766 0.0135473 0.956115 0.0165722 
0.00550838 0.00535863 0.981862 0.00727143 
0.00550838 0.00535863 0.981862 0.00727143 
0.00550838 0.00535863 0.981862 0.00727143 
0.00550838 0.00535863 0.981862 0.00727143 
0.00550838 0.00535863 0.981862 0.00727143 
0.00550838 0.00535863 0.981862 0.00727143 
0.00550838 0.00535863 0.981862 0.00727143 
0.00550838 0.00535863 0.981862 0.00727143 
0.00550838 0.00535863 0.981862 0.00727143 
0.00550838 0.00535863 0.981862 0.00727143 
0.00550838 0.00535863 0.981862 0.00727143 
0.00550838 0.00535863 0.981862 0.00727143 
0.321423 0.197044 0.211766 0.269767 
0.00550838 0.00535863 0.981862 0.00727143 
0.00550838 0.00535863 0.981862 0.00727143 
0.00550838 0.00535863 0.981862 0.00727143 
0.0104343 0.0242969 0.962435 0.00283363 
0.00550838 0.00535863 0.981862 0.00727143 
0.00550838 0.00535863 0.981862 0.00727143 
0.00550838 0.00535863 0.981862 0.00727143 
0.00550838 0.00535863 0.981862 0.00727143 
0.00550838 0.00535863 0.981862 0.00727143 
0.276358 0.286482 0.163593 0.273567 
0.209346 0.411936 0.149791 0.228927 
0.203099 0.438267 0.158821 0.199814 
0.236029 0.336895 0.211417 0.215658 
0.00550838 0.00535863 0.981862 0.00727143 
0.00550838 0.00535863 0.981862 0.00727143 
0.00550838 0.00535863 0.981862 0.00727143 
0.00550838 0.00535863 0.981862 0.00727143 
0.366489 0.263463 0.17248 0.197568 
0.271361 0.233258 0.207603 0.287779 
0.253839 0.142492 0.362699 0.240971 
0.204236 0.251579 0.419563 0.124622 
0.216531 0.123347 0.278018 0.382104 
0.152061 0.208889 0.18644 0.452611 
0.269809 0.180255 0.348598 0.201339 
0.241408 0.199981 0.197321 0.36129 
0.12711 0.0101919 0.61403 0.248668 
0.311289 0.238306 0.215625 0.234781 
0.163388 0.189532 0.204091 0.442988 
0.163108 0.255 0.489317 0.0925752 
0.240647 0.237074 0.190999 0.331281 
0.221115 0.274867 0.128514 0.375504 
0.223754 0.1868 0.427209 0.162236 
0.230698 0.140106 0.245898 0.383298 
0.217649 0.282444 0.136826 0.363082 
0.363122 0.222918 0.197232 0.216728 
0.174429 0.224911 0.425333 0.175327 
0.280144 0.222367 0.176024 0.321465 
0.0932403 0.520085 0.346553 0.0401208 
0.222864 0.399147 0.340769 0.0372202 
0.344632 0.222367 0.349451 0.0835508 
0.382624 0.198568 0.206328 0.21248 
0.153249 0.310318 0.164156 0.372277 
0.20149 0.258699 0.175711 0.364099 
0.270507 0.318457 0.148877 0.262159 
0.222609 0.313446 0.362056 0.101889 
0.253428 0.175782 0.382976 0.187814 
0.340477 0.283364 0.230373 0.145786 
0.228296 0.421012 0.0949898 0.255702 
0.178043 0.378949 0.182974 0.260035 
0.256193 0.323429 0.205975 0.214403 
0.198549 0.134849 0.117921 0.548681 
0.0893338 0.302406 0.403401 0.204859 
0.191471 0.281837 0.317385 0.209307 
0.252067 0.121789 0.326766 0.299378 
0.215486 0.2178 0.231497 0.335217 
0.236079 0.447685 0.16062 0.155616 
0.178317 0.253257 0.358005 0.210421 
0.187872 0.245467 0.324817 0.241844 
0.0748962 0.465683 0.127679 0.331742 
0.235906 0.380071 0.160283 0.22374 
0.169343 0.332253 0.203165 0.295239 
0.297959 0.209127 0.289467 0.203447 
0.292803 0.199512 0.162688 0.344997 
0.34573 0.146802 0.0915201 0.415948 
0.172539 0.146815 0.271457 0.409189 
0.290926 0.3736 0.140712 0.194761 
0.283597 0.280266 0.122087 0.31405 
0.0590315 0.725818 0.179349 0.0358008 
0.496107 0.177027 0.234816 0.0920494 
0.191403 0.322668 0.207568 0.278361 
0.225136 0.240092 0.235672 0.299099 
0.381424 0.208837 0.111366 0.298373 
0.348057 0.102848 0.248276 0.300819 
0.30422 0.285262 0.314045 0.0964733 
0.176448 0.413744 0.297635 0.112172 
0.215449 0.325718 0.245777 0.213056 
0.325823 0.0737038 0.0923825 0.50809 
0.27663 0.286695 0.154654 0.282021 
0.394916 0.182504 0.222023 0.200557 
0.214309 0.277355 0.15672 0.351617 
0.259249 0.161975 0.23419 0.344586 
0.463408 0.2292 0.105887 0.201506 
0.165848 0.190896 0.381272 0.261984 
0.438797 0.148007 0.19696 0.216236 
0.0570995 0.0319674 0.502941 0.407992 
0.207296 0.2993 0.251008 0.242395 
0.125042 0.182666 0.409208 0.283084 
0.188796 0.281542 0.104452 0.42521 
0.202153 0.456294 0.166551 0.175002 
0.0799195 0.160305 0.525411 0.234365 
0.129206 0.187964 0.18304 0.49979 
0.173907 0.299606 0.279392 0.247096 
0.222609 0.313446 0.362056 0.101889 
0.00550838 0.00535863 0.981862 0.00727143 
0.00550838 0.00535863 0.981862 0.00727143 
0.00550838 0.00535863 0.981862 0.00727143 
0.00550838 0.00535863 0.981862 0.00727143 
0.00107227 0.00377101 0.992899 0.0022581 
0.00550838 0.00535863 0.981862 0.00727143 
0.00550838 0.00535863 0.981862 0.00727143 
0.00550838 0.00535863 0.981862 0.00727143 
0.00550838 0.00535863 0.981862 0.00727143 
0.00550838 0.00535863 0.981862 0.00727143 
0.00550838 0.00535863 0.981862 0.00727143 
0.242708 0.246674 0.269914 0.240704 
0.40988 0.135194 0.257928 0.196998 
0.380053 0.208099 0.239937 0.171911 
0.226678 0.115162 0.296328 0.361832 
0.301881 0.257022 0.226141 0.214955 
0.350622 0.160669 0.281241 0.207468 
0.256145 0.287896 0.151638 0.304321 
0.206284 0.126546 0.368583 0.298587 
0.16802 0.253008 0.325985 0.252986 
0.260599 0.161483 0.286562 0.291356 
0.134314 0.465233 0.313255 0.0871981 
0.150431 0.366178 0.423768 0.0596235 
0.0787101 0.450259 0.420859 0.0501713 
0.168221 0.209779 0.233156 0.388845 
0.222609 0.313446 0.362056 0.101889 
0.22412 0.284426 0.175103 0.316352 
0.154457 0.325302 0.253623 0.266617 
0.188588 0.15582 0.396468 0.259124 
0.351142 0.231538 0.226598 0.190723 
0.331668 0.196535 0.210428 0.261369 
0.189569 0.209672 0.293366 0.307393 
0.249609 0.197822 0.276804 0.275765 
0.239158 0.102128 0.419573 0.239141 
0.27592 0.130769 0.307132 0.286179 
0.335877 0.209725 0.188373 0.266025 
0.20277 0.250467 0.348649 0.198114 
0.284533 0.185969 0.22139 0.308108 
0.452697 0.0981763 0.146305 0.302822 
0.124742 0.527984 0.117789 0.229485 
0.296626 0.21232 0.208182 0.282871 
0.194195 0.158555 0.350961 0.296288 
0.235144 0.200791 0.296023 0.268041 
0.0972166 0.311544 0.442997 0.148243 
0.119319 0.17049 0.3672 0.34299 
0.267729 0.272485 0.0514287 0.408357 
0.222609 0.313446 0.362056 0.101889 
0.155714 0.146968 0.366642 0.330675 
0.202845 0.275057 0.296766 0.225332 
0.40824 0.230072 0.178784 0.182904 
0.30344 0.151189 0.196936 0.348435 
0.1785 0.249004 0.296526 0.275969 
0.324012 0.435178 0.0920938 0.148717 
0.0987791 0.208381 0.560669 0.132171 
0.290996 0.238855 0.217001 0.253147 
0.168486 0.278958 0.158212 0.394344 
0.334102 0.256371 0.171248 0.238279 
0.200361 0.249938 0.202632 0.347068 
0.181876 0.288078 0.344456 0.18559 
0.316641 0.20391 0.200807 0.278642 
0.14733 0.341106 0.319161 0.192403 
0.105885 0.258437 0.572294 0.0633845 
0.260068 0.289667 0.260021 0.190244 
0.300686 0.098816 0.381152 0.219346 
0.292899 0.144261 0.324975 0.237866 
0.227085 0.212762 0.261588 0.298566 
0.206032 0.244759 0.223438 0.325771 
0.523801 0.314704 0.0926045 0.0688901 
0.226857 0.306236 0.26463 0.202277 
0.200583 0.147782 0.395091 0.256543 
0.066987 0.34924 0.0115542 0.572218 
0.206417 0.247176 0.236808 0.309599 
0.113064 0.322693 0.371856 0.192386 
0.192356 0.226299 0.273813 0.307532 
0.197114 0.249555 0.400801 0.152529 
0.293552 0.177368 0.309034 0.220046 
0.309704 0.124302 0.316192 0.249802 
0.416348 0.311067 0.161968 0.110616 
0.21132 0.396524 0.0831484 0.309007 
0.697867 0.196929 0.0119567 0.0932466 
0.298941 0.331392 0.247186 0.122482 
0.243335 0.334365 0.23283 0.189469 
0.231332 0.373111 0.256558 0.138999 
0.280759 0.116551 0.298543 0.304146 
0.314536 0.236846 0.313513 0.135105 
0.181746 0.220846 0.378451 0.218957 
0.299535 0.373697 0.163174 0.163594 
0.11152 0.531882 0.146507 0.210091 
0.167045 0.294259 0.264086 0.274611 
0.179083 0.269283 0.198866 0.352768 
0.175741 0.194686 0.25481 0.374763 
0.143381 0.34837 0.227363 0.280887 
0.290537 0.111034 0.305122 0.293308 
0.483836 0.157504 0.166531 0.192129 
0.31929 0.239872 0.159676 0.281163 
0.176711 0.214195 0.347763 0.261331 
0.471717 0.127517 0.145416 0.255349 
0.147005 0.243272 0.243075 0.366648 
0.185895 0.240146 0.309276 0.264683 
0.605656 0.117078 0.11691 0.160356 
0.116419 0.357706 0.107478 0.418397 
0.244961 0.337877 0.266142 0.151021 
0.209441 0.187512 0.273915 0.329132 
0.249688 0.213212 0.139084 0.398016 
0.125866 0.149196 0.433124 0.291814 
0.277939 0.232932 0.104798 0.384331 
0.228789 0.17094 0.300926 0.299345 
0.39261 0.152142 0.187751 0.267498 
nan nan nan nan 
0.368301 0.217308 0.264394 0.149997 
0.302652 0.256357 0.185842 0.255149 
0.297427 0.132099 0.329125 0.241349 
0.448831 0.187577 0.187728 0.175864 
0.229743 0.270339 0.395765 0.104153 
0.16683 0.33793 0.191013 0.304227 
0.313337 0.194488 0.17728 0.314894 
0.135505 0.314228 0.258211 0.292056 
0.231743 0.218944 0.247463 0.30185 
0.167271 0.187807 0.36039 0.284531 
0.229763 0.270806 0.233081 0.26635 
0.137427 0.211781 0.406368 0.244424 
0.288701 0.152741 0.363527 0.195031 
0.291461 0.289755 0.37065 0.0481345 
0.28429 0.339388 0.160245 0.216077 
0.199215 0.205656 0.319463 0.275666 
0.418404 0.17882 0.190785 0.21199 
0.20836 0.212978 0.189261 0.3894 
0.00550838 0.00535863 0.981862 0.00727143 
0.00550838 0.00535863 0.981862 0.00727143 
0.00550838 0.00535863 0.981862 0.00727143 
0.040871 0.0443204 0.881127 0.0336813 
0.00550838 0.00535863 0.981862 0.00727143 
0.00550838 0.00535863 0.981862 0.00727143 
0.00550838 0.00535863 0.981862 0.00727143 
0.00550838 0.00535863 0.981862 0.00727143 
0.00550838 0.00535863 0.981862 0.00727143 
0.00550838 0.00535863 0.981862 0.00727143 
0.00550838 0.00535863 0.981862 0.00727143 
0.00550838 0.00535863 0.981862 0.00727143 
0.00550838 0.00535863 0.981862 0.00727143 
0.00550838 0.00535863 0.981862 0.00727143 
0.00550838 0.00535863 0.981862 0.00727143 
0.344684 0.144721 0.226565 0.28403 
0.00550838 0.00535863 0.981862 0.00727143 
0.00550838 0.00535863 0.981862 0.00727143 
0.0330031 0.0428084 0.902143 0.0220454 
0.00550838 0.00535863 0.981862 0.00727143 
0.00550838 0.00535863 0.981862 0.00727143 
0.00550838 0.00535863 0.981862 0.00727143 
0.00550838 0.00535863 0.981862 0.00727143 
0.00550838 0.00535863 0.981862 0.00727143 
0.00550838 0.00535863 0.981862 0.00727143 
0.013766 0.0135473 0.956115 0.0165722 
0.00550838 0.00535863 0.981862 0.00727143 
0.00550838 0.00535863 0.981862 0.00727143 
0.00550838 0.00535863 0.981862 0.00727143 
0.00550838 0.00535863 0.981862 0.00727143 
0.00550838 0.00535863 0.981862 0.00727143 
0.0103666 0.0125209 0.966828 0.0102847 
0.162046 0.183506 0.540268 0.11418 
0.210793 0.314775 0.252208 0.222225 
0.306425 0.292792 0.21855 0.182233 
0.206166 0.190808 0.415561 0.187464 
0.169705 0.154804 0.389349 0.286143 
0.201402 0.238744 0.302771 0.257083 
0.234468 0.16551 0.22564 0.374382 
0.22234 0.1401 0.410301 0.227259 
0.15492 0.188664 0.280437 0.375978 
0.252347 0.121419 0.571144 0.0550896 
0.191519 0.184006 0.386602 0.237873 
0.273127 0.306918 0.179419 0.240536 
0.177038 0.436856 0.179919 0.206187 
0.202449 0.155479 0.431417 0.210655 
0.508756 0.124796 0.224454 0.141993 
0.154273 0.0808541 0.15636 0.608513 
0.32681 0.22338 0.197558 0.252253 
0.249967 0.278347 0.226882 0.244805 
0.236933 0.210201 0.174066 0.3788 
0.202166 0.327478 0.143506 0.32685 
0.229632 0.298355 0.170281 0.301732 
0.169446 0.166492 0.440888 0.223174 
0.190089 0.259673 0.328266 0.221973 
0.206692 0.207114 0.351953 0.23424 
0.448777 0.173181 0.226526 0.151516 
0.183949 0.186748 0.184721 0.444582 
0.318276 0.112531 0.261163 0.308029 
0.241019 0.283848 0.346815 0.128318 
0.193122 0.276578 0.260988 0.269311 
0.362933 0.271491 0.177731 0.187845 
0.128716 0.332158 0.252437 0.286688 
0.12657 0.349265 0.497294 0.0268704 
0.213996 0.193263 0.269001 0.32374 
0.183966 0.272399 0.204846 0.338788 
0.242328 0.401642 0.175639 0.18039 
0.229764 0.179449 0.362822 0.227965 
0.260277 0.164023 0.281164 0.294537 
0.220972 0.334035 0.408965 0.0360272 
0.127127 0.244113 0.525883 0.102877 
0.250042 0.250011 0.249922 0.250024 
0.219433 0.141974 0.298331 0.340262 
0.155402 0.117207 0.344953 0.382437 
0.165969 0.242259 0.204828 0.386944 
0.215179 0.123993 0.248794 0.412034 
0.190302 0.312353 0.309177 0.188168 
0.279278 0.22422 0.268831 0.227671 
0.19778 0.451104 0.199993 0.151124 
0.255823 0.226466 0.135493 0.382219 
0.228381 0.253201 0.351796 0.166622 
0.2357 0.27587 0.236887 0.251543 
0.300702 0.286818 0.0971644 0.315316 
0.382329 0.199044 0.159973 0.258654 
0.24845 0.390582 0.255634 0.105334 
0.351634 0.285724 0.110222 0.25242 
0.295759 0.205128 0.297359 0.201754 
0.342942 0.188795 0.323178 0.145085 
0.204803 0.142273 0.323255 0.329668 
0.215395 0.177303 0.387014 0.220288 
0.199784 0.150867 0.293095 0.356254 
0.179313 0.270387 0.266717 0.283583 
0.0358003 0.0349663 0.868803 0.0604309 
0.186658 0.212367 0.239136 0.361838 
0.215475 0.311295 0.281029 0.192202 
0.213154 0.228709 0.317955 0.240183 
0.101862 0.384792 0.468668 0.0446772 
0.112189 0.273499 0.258633 0.355679 
0.102074 0.334548 0.460322 0.103057 
0.430316 0.315283 0.138103 0.116299 
0.204892 0.290475 0.195919 0.308714 
0.192648 0.223607 0.216643 0.367102 
0.171112 0.189827 0.190293 0.448768 
0.201808 0.245917 0.17093 0.381345 
0.330623 0.138146 0.0999458 0.431284 
0.145542 0.274255 0.299609 0.280594 
0.442512 0.245091 0.0211356 0.291262 
0.231826 0.157522 0.368435 0.242217 
0.225825 0.0693009 0.446904 0.25797 
0.19059 0.118286 0.392562 0.298562 
0.106694 0.219878 0.305124 0.368304 
0.256304 0.3153 0.179449 0.248947 
0.244748 0.435977 0.161154 0.158121 
0.224663 0.214037 0.343763 0.217537 
0.203282 0.317684 0.194289 0.284745 
0.137013 0.264402 0.341439 0.257146 
0.13511 0.356214 0.172722 0.335954 
0.218841 0.39328 0.166067 0.221813 
0.342778 0.167232 0.195433 0.294557 
0.274446 0.278557 0.132898 0.314099 
0.247045 0.218911 0.0928502 0.441195 
0.304006 0.175147 0.216364 0.304483 
0.316062 0.158969 0.154226 0.370744 
0.0911576 0.289068 0.556338 0.0634366 
0.220451 0.241177 0.190135 0.348237 
0.273027 0.265307 0.268127 0.19354 
0.0049195 0.677452 0.0493719 0.268256 
0.274018 0.281483 0.283308 0.161192 
0.288722 0.173778 0.273439 0.264061 
0.128763 0.391449 0.15575 0.324038 
0.246977 0.249219 0.255599 0.248205 
0.192868 0.262605 0.313357 0.231171 
0.173038 0.180681 0.433827 0.212454 
0.511302 0.180363 0.196049 0.112286 
0.195752 0.344838 0.149357 0.310053 
0.0997038 0.252646 0.275907 0.371743 
0.194418 0.177444 0.391741 0.236397 
0.279373 0.34114 0.108 0.271486 
0.279841 0.134075 0.1917 0.394385 
0.141142 0.180089 0.551864 0.126906 
0.126377 0.370697 0.480153 0.0227735 
0.0852372 0.349764 0.551168 0.0138306 
0.0940346 0.407043 0.47952 0.0194019 
0.0412431 0.504463 0.422761 0.0315332 
0.0680046 0.410529 0.506826 0.0146404 
0.126173 0.382029 0.43818 0.0536171 
0.139713 0.305511 0.355739 0.199037 
0.146733 0.425554 0.358914 0.0687998 
0.142769 0.325663 0.475306 0.0562617 
0.0554692 0.441671 0.463126 0.0397335 
0.199249 0.255744 0.186393 0.358613 
0.224578 0.0926024 0.56973 0.11309 
0.0771595 0.365595 0.522252 0.0349929 
0.0529526 0.389886 0.548309 0.00885274 
0.0536573 0.295671 0.613417 0.0372552 
0.279973 0.218748 0.194389 0.30689 
0.307594 0.160707 0.224701 0.306998 
0.439066 0.232199 0.127544 0.201191 
0.303042 0.232503 0.19464 0.269815 
0.0910668 0.131465 0.710154 0.0673141 
0.258039 0.122407 0.145891 0.473663 
0.146344 0.354476 0.279743 0.219437 
0.200524 0.33632 0.255385 0.207772 
0.230697 0.298475 0.291995 0.178832 
0.274238 0.371753 0.125928 0.22808 
0.543782 0.0513698 0.138886 0.265962 
0.182453 0.383062 0.279133 0.155352 
0.122532 0.39495 0.214512 0.268005 
0.189079 0.331464 0.244417 0.23504 
0.254535 0.220339 0.251927 0.2732 
0.149435 0.357594 0.358635 0.134336 
0.158519 0.352559 0.229877 0.259045 
0.290313 0.279651 0.113472 0.316564 
nan nan nan nan 
0.254365 0.10911 0.440543 0.195983 
0.232817 0.504272 0.109067 0.153844 
0.266014 0.189166 0.246065 0.298755 
0.200386 0.207871 0.244608 0.347135 
0.295676 0.263911 0.061951 0.378462 
0.296104 0.251475 0.318433 0.133988 
0.219326 0.306137 0.291787 0.18275 
0.33681 0.395036 0.119461 0.148693 
0.21308 0.276506 0.365518 0.144896 
0.187532 0.248273 0.140518 0.423677 
0.115291 0.458606 0.228667 0.197436 
0.15586 0.269045 0.290059 0.285036 
0.214474 0.297273 0.127672 0.360581 
0.262634 0.172175 0.240112 0.325078 
0.285787 0.171503 0.308464 0.234246 
0.306604 0.29095 0.1893 0.213145 
0.219111 0.175017 0.224385 0.381488 
0.328289 0.129663 0.169103 0.372946 
0.128634 0.152836 0.347766 0.370764 
