0.178571 0.267707 0.237482 0.134918 0.181322 
0.222946 0.32795 0.142131 0.111558 0.195416 
0.212186 0.167777 0.36552 0.155178 0.0993389 
0.182972 0.145906 0.253477 0.159564 0.258081 
0.244379 0.314819 0.146147 0.128135 0.166519 
0.330132 0.288076 0.134315 0.152369 0.095107 
0.328443 0.270462 0.162274 0.142601 0.0962197 
0.136986 0.335704 0.0953472 0.220336 0.211627 
0.142398 0.225922 0.176694 0.275373 0.179613 
0.202343 0.233266 0.244155 0.171612 0.148625 
0.564268 0.189489 0.0415019 0.197506 0.00723567 
0.166845 0.243011 0.385344 0.131428 0.0733716 
0.138647 0.0911197 0.117286 0.417796 0.235152 
0.377906 0.0874565 0.173784 0.292623 0.068231 
0.290542 0.198026 0.303519 0.0120938 0.195819 
0.168106 0.198732 0.317615 0.260798 0.0547493 
0.1389 0.132381 0.284255 0.105796 0.338669 
0.263301 0.193083 0.221375 0.195972 0.126269 
0.16495 0.313548 0.131705 0.282818 0.106979 
0.0384997 0.568709 0.172032 0.0847321 0.136027 
0.126988 0.125866 0.251377 0.17937 0.316398 
0.119458 0.205096 0.158659 0.222574 0.294212 
0.211709 0.202112 0.165499 0.153018 0.267662 
0.182134 0.239598 0.281813 0.178913 0.117542 
0.144942 0.142011 0.124442 0.123543 0.465062 
0.118025 0.242615 0.326548 0.164178 0.148633 
0.182562 0.198297 0.296713 0.169632 0.152796 
0.0852493 0.230007 0.285883 0.261482 0.137378 
0.274087 0.119723 0.193026 0.0776046 0.33556 
0.222489 0.291266 0.2148 0.147607 0.123838 
0.164369 0.22362 0.221123 0.26147 0.129417 
0.162016 0.0802462 0.414563 0.0737371 0.269438 
0.191918 0.235934 0.196249 0.223486 0.152413 
0.205925 0.1774 0.324066 0.0929343 0.199674 
0.211898 0.261267 0.0363931 0.353701 0.136742 
0.190851 0.205163 0.13913 0.169241 0.295615 
0.270416 0.137094 0.211562 0.200569 0.18036 
0.524751 0.0694574 0.367868 0.0268321 0.0110912 
0.267178 0.19327 0.101226 0.318719 0.119606 
0.207954 0.19406 0.305392 0.101793 0.1908 
0.213823 0.16069 0.152235 0.182858 0.290394 
0.292855 0.184301 0.288373 0.0970215 0.13745 
0.192339 0.24539 0.193278 0.186836 0.182157 
0.192339 0.24539 0.193278 0.186836 0.182157 
0.165466 0.207329 0.314436 0.170969 0.141801 
0.251742 0.165563 0.407502 0.0755137 0.0996795 
0.138274 0.218507 0.139238 0.372491 0.131491 
0.0764991 0.355872 0.116445 0.172087 0.279097 
0.142675 0.325906 0.173354 0.248628 0.109438 
0.215394 0.268137 0.202831 0.0638042 0.249833 
0.317568 0.115043 0.303724 0.125488 0.138177 
0.188024 0.270335 0.0936747 0.249615 0.198351 
0.275946 0.166925 0.207185 0.216173 0.133771 
0.189498 0.30336 0.0980576 0.179151 0.229935 
0.195733 0.234455 0.148084 0.186282 0.235446 
0.0599221 0.113687 0.129577 0.213078 0.483736 
0.316811 0.292051 0.0916439 0.132875 0.166618 
0.217302 0.289481 0.0997831 0.0325329 0.360901 
0.291278 0.0998907 0.399331 0.0985176 0.110983 
0.272391 0.106227 0.127964 0.187804 0.305614 
0.299142 0.1251 0.380674 0.0923969 0.102687 
0.253004 0.140352 0.381381 0.0917694 0.133493 
0.313099 0.297186 0.10423 0.0998514 0.185633 
0.269485 0.100295 0.0309347 0.185484 0.413801 
0.0833343 0.246592 0.186071 0.409852 0.0741512 
0.0841069 0.309034 0.112923 0.315082 0.178855 
0.0729222 0.279209 0.144529 0.273824 0.229516 
0.10451 0.122521 0.00134315 0.521066 0.250559 
0.148956 0.377087 0.213969 0.188434 0.0715543 
0.338438 0.10223 0.139478 0.0655431 0.354311 
0.189306 0.0141728 0.154325 0.196297 0.445899 
0.330262 0.285937 0.0893275 0.142257 0.152217 
0.208963 0.148467 0.182259 0.231136 0.229175 
0.117973 0.105388 0.152273 0.103442 0.520925 
0.264188 0.108574 0.241082 0.143666 0.24249 
0.204867 0.13901 0.281578 0.141005 0.23354 
0.1221 0.0876228 0.194573 0.400979 0.194724 
0.260659 0.104945 0.147651 0.190519 0.296226 
0.258931 0.270364 0.147806 0.261559 0.0613403 
0.180742 0.21937 0.306299 0.186301 0.107289 
0.306117 0.163435 0.184358 0.134059 0.212031 
0.134213 0.142717 0.285066 0.267317 0.170686 
0.140233 0.296726 0.233315 0.133033 0.196692 
0.27275 0.081317 0.0439445 0.245619 0.356369 
0.277437 0.109957 0.0421512 0.273863 0.296591 
0.067333 0.389459 0.333481 0.0924172 0.11731 
0.193233 0.139803 0.331837 0.188033 0.147094 
0.156234 0.208874 0.292211 0.101551 0.24113 
0.145436 0.260835 0.168537 0.0735144 0.351678 
0.218104 0.0121363 0.194375 0.437518 0.137866 
0.11401 0.702816 0.0405541 0.116435 0.0261847 
0.185188 0.184338 0.270619 0.126742 0.233113 
0.203627 0.199883 0.189706 0.208339 0.198446 
0.175499 0.0865173 0.220374 0.206592 0.311019 
0.152388 0.128 0.417727 0.133537 0.168347 
0.20827 0.0828144 0.146098 0.258085 0.304733 
0.261338 0.142028 0.209742 0.178206 0.208687 
0.0522088 0.264583 0.363489 0.152324 0.167395 
0.111848 0.282133 0.102871 0.0916313 0.411516 
0.309809 0.19249 0.256879 0.104625 0.136197 
0.160576 0.346631 0.153486 0.122172 0.217135 
0.165527 0.189061 0.25766 0.146462 0.24129 
0.18375 0.217471 0.170164 0.174908 0.253707 
0.12818 0.237856 0.135775 0.18504 0.31315 
0.136598 0.0118568 0.771731 0.070819 0.00899506 
0.0251944 0.431827 0.0932729 0.234043 0.215662 
0.11738 0.126609 0.0280054 0.114238 0.613767 
0.0744841 0.167631 0.299373 0.108692 0.349819 
0.162124 0.13878 0.378415 0.168978 0.151703 
0.219506 0.162619 0.144483 0.180555 0.292836 
0.158555 0.230064 0.192815 0.234146 0.18442 
0.195604 0.238702 0.188909 0.173018 0.203767 
0.100222 0.401943 0.254905 0.0766835 0.166246 
0.148429 0.19674 0.144091 0.0989498 0.411791 
0.173716 0.287917 0.151109 0.103899 0.283359 
0.160585 0.252594 0.174607 0.21692 0.195295 
0.10641 0.268427 0.285755 0.131957 0.207452 
0.16353 0.251769 0.2251 0.207679 0.151923 
0.134844 0.283841 0.058009 0.252831 0.270475 
0.169467 0.347454 0.205311 0.192218 0.0855511 
0.171557 0.214125 0.247976 0.170387 0.195955 
0.315007 0.14911 0.25917 0.136879 0.139833 
0.144244 0.462688 0.0943234 0.120108 0.178638 
0.104029 0.124825 0.200757 0.358126 0.212263 
0.194047 0.430532 0.0962769 0.162762 0.116382 
0.176357 0.233673 0.132095 0.281179 0.176696 
0.105436 0.263734 0.17266 0.243863 0.214306 
0.177847 0.157285 0.420228 0.0777309 0.16691 
0.107667 0.20466 0.0761722 0.240939 0.370561 
0.106115 0.288527 0.0906312 0.320728 0.193998 
0.125201 0.204545 0.181896 0.33861 0.149747 
0.153426 0.149013 0.0934931 0.120377 0.483692 
0.125099 0.383961 0.0878014 0.149735 0.253403 
0.19387 0.132412 0.29028 0.1266 0.256837 
0.391818 0.230015 0.218889 0.0330728 0.126205 
0.133511 0.0507896 0.311956 0.148008 0.355736 
0.346814 0.109109 0.100946 0.316095 0.127037 
0.0652615 0.118721 0.239066 0.159839 0.417112 
0.222402 0.268713 0.0912747 0.0955928 0.322017 
0.0862633 0.114821 0.274118 0.298886 0.225911 
0.0651107 0.219054 0.393327 0.228391 0.0941165 
0.269517 0.153529 0.244801 0.194308 0.137846 
0.384272 0.0982649 0.257262 0.118538 0.141664 
0.231648 0.330176 0.138493 0.194313 0.105369 
0.316669 0.0902084 0.248351 0.227296 0.117476 
0.148765 0.286603 0.312612 0.121553 0.130467 
0.0986821 0.0818749 0.318433 0.192408 0.308603 
0.136903 0.293215 0.10699 0.204888 0.258005 
0.194566 0.220435 0.202345 0.238629 0.144026 
0.316475 0.158248 0.222506 0.12996 0.172811 
0.346908 0.132645 0.191249 0.188092 0.141106 
0.13744 0.266838 0.139266 0.346619 0.109836 
0.320083 0.162339 0.154345 0.250403 0.112831 
0.0943187 0.274666 0.195315 0.114561 0.32114 
0.0178012 0.288275 0.0357284 0.466915 0.19128 
0.189849 0.169088 0.214348 0.107964 0.318751 
0.17929 0.173915 0.166033 0.196237 0.284526 
0.174437 0.170925 0.207081 0.108731 0.338826 
0.112051 0.22113 0.146048 0.252566 0.268206 
0.106169 0.183048 0.436167 0.0709925 0.203623 
0.176707 0.20776 0.216525 0.148235 0.250774 
0.270998 0.16401 0.0985948 0.199088 0.267309 
0.16811 0.0986667 0.147997 0.297264 0.287963 
0.168687 0.24458 0.135682 0.28703 0.164022 
0.21914 0.172525 0.274707 0.185287 0.148341 
0.238199 0.254757 0.197805 0.175683 0.133556 
0.115724 0.124412 0.152764 0.500496 0.106604 
0.235161 0.254586 0.172425 0.121514 0.216314 
0.50204 0.145605 0.0445954 0.112832 0.194928 
0.244337 0.107795 0.31057 0.0608964 0.276402 
0.414325 0.228761 0.0375878 0.161628 0.157698 
0.215627 0.306919 0.128259 0.204915 0.14428 
0.248217 0.247159 0.28872 0.0904258 0.125478 
0.305357 0.145319 0.122236 0.26772 0.159368 
0.214734 0.169011 0.244121 0.134322 0.237812 
0.17577 0.218069 0.163064 0.159688 0.283409 
0.127602 0.260297 0.156847 0.179287 0.275967 
0.137466 0.193893 0.237995 0.237257 0.193389 
0.176823 0.224523 0.209188 0.180287 0.209179 
0.183506 0.162811 0.292446 0.053956 0.307281 
0.21282 0.342859 0.241474 0.0904142 0.112433 
0.137913 0.130701 0.167375 0.246684 0.317328 
0.206697 0.328601 0.153549 0.134002 0.177151 
0.157211 0.251413 0.224224 0.138083 0.229069 
0.118824 0.279834 0.137964 0.144608 0.31877 
0.270666 0.278683 0.179511 0.0283653 0.242775 
0.178626 0.0931446 0.105835 0.245818 0.376577 
0.177513 0.128084 0.10822 0.299741 0.286443 
0.116796 0.178932 0.176933 0.223377 0.303961 
0.40537 0.101825 0.0311223 0.263835 0.197848 
0.20623 0.298376 0.0867691 0.0918505 0.316774 
0.305172 0.173633 0.275823 0.133682 0.111691 
0.149156 0.212396 0.388014 0.123152 0.127282 
0.123423 0.152216 0.210105 0.206126 0.30813 
0.10684 0.295591 0.133545 0.402867 0.0611574 
0.289525 0.335442 0.0877727 0.161748 0.125512 
0.12881 0.295951 0.194357 0.209991 0.170893 
0.164555 0.178519 0.249345 0.113475 0.294106 
0.265598 0.258703 0.230954 0.0933234 0.151422 
0.156401 0.209009 0.17378 0.219652 0.241159 
0.09353 0.202985 0.292396 0.166665 0.244424 
0.301573 0.199552 0.145999 0.173261 0.179616 
0.181183 0.284593 0.0886311 0.286517 0.159075 
0.328913 0.230354 0.148576 0.107535 0.184622 
0.144628 0.123788 0.173241 0.301526 0.256817 
0.208114 0.192605 0.193995 0.229151 0.176135 
0.0635152 0.150504 0.277253 0.177309 0.331419 
0.239177 0.273947 0.132529 0.179675 0.174671 
0.300815 0.0814668 0.276156 0.203743 0.13782 
0.116161 0.306104 0.245174 0.207327 0.125233 
0.336533 0.136049 0.318518 0.136262 0.0726377 
0.152341 0.336559 0.0848895 0.122793 0.303418 
0.293938 0.187316 0.129096 0.207166 0.182484 
0.206004 0.25382 0.213662 0.150886 0.175628 
0.420498 0.110331 0.282971 0.0068906 0.179309 
0.245671 0.0753584 0.472231 0.0874048 0.119334 
0.385384 0.0572936 0.1349 0.171859 0.250563 
0.177095 0.0964079 0.142271 0.228654 0.355572 
0.243178 0.243943 0.160977 0.182653 0.169249 
0.194964 0.174235 0.273387 0.247742 0.109673 
0.189147 0.232414 0.177154 0.252162 0.149123 
0.145058 0.339347 0.11008 0.222601 0.182914 
0.157648 0.107954 0.167083 0.330411 0.236904 
0.157064 0.336702 0.261203 0.10153 0.143501 
0.270093 0.184738 0.241081 0.143477 0.16061 
0.196788 0.415049 0.200862 0.0980484 0.089253 
0.0947467 0.232291 0.29353 0.230289 0.149144 
0.227276 0.150905 0.024231 0.105644 0.491944 
0.134278 0.114915 0.137121 0.220783 0.392904 
0.0580406 0.15487 0.292579 0.277486 0.217025 
0.199538 0.164882 0.220672 0.162026 0.252882 
0.215361 0.137585 0.194717 0.211869 0.240469 
0.169298 0.183887 0.367301 0.159898 0.119616 
0.130028 0.136314 0.250923 0.3502 0.132535 
0.116635 0.467382 0.0262702 0.201712 0.188001 
0.0863637 0.407182 0.0384269 0.163867 0.30416 
0.177477 0.189416 0.163572 0.214925 0.254609 
0.259032 0.113285 0.0924371 0.217781 0.317464 
0.266627 0.169474 0.16464 0.100657 0.298602 
0.258454 0.186797 0.214979 0.211274 0.128497 
0.319678 0.244322 0.108423 0.138414 0.189164 
0.125006 0.231179 0.109595 0.303946 0.230274 
0.238022 0.298224 0.153453 0.169183 0.141119 
0.36719 0.125611 0.103596 0.300409 0.103195 
0.256086 0.0320179 0.16005 0.49805 0.0537963 
0.2768 0.108526 0.282898 0.146395 0.18538 
0.296507 0.101434 0.225508 0.160058 0.216493 
0.123193 0.324087 0.212033 0.167905 0.172783 
0.201688 0.128073 0.451595 0.0666195 0.152025 
0.216389 0.205735 0.188602 0.186501 0.202773 
0.338163 0.188812 0.174012 0.0577952 0.241218 
0.261668 0.239653 0.120083 0.0859549 0.29264 
0.132254 0.136178 0.180923 0.16415 0.386495 
0.106064 0.195329 0.371432 0.179283 0.147892 
0.0707577 0.227016 0.165886 0.107132 0.429208 
0.465983 0.217219 0.0868905 0.0836815 0.146226 
0.283031 0.245715 0.213431 0.138509 0.119314 
0.213953 0.270016 0.178088 0.093262 0.244681 
0.0989113 0.283677 0.259476 0.238486 0.11945 
0.297138 0.164691 0.219024 0.104089 0.215057 
0.302336 0.217322 0.162117 0.192775 0.125451 
0.439636 0.111453 0.214204 0.112239 0.122469 
0.189555 0.484431 0.130563 0.0632356 0.132215 
0.254179 0.138526 0.112128 0.198957 0.29621 
0.328014 0.161545 0.187993 0.192359 0.130089 
0.315548 0.175062 0.115212 0.156916 0.237262 
0.20764 0.1445 0.278711 0.209608 0.159541 
0.126702 0.444227 0.168755 0.106708 0.153608 
0.162207 0.208441 0.291143 0.120817 0.217393 
0.328014 0.161545 0.187993 0.192359 0.130089 
0.167632 0.204009 0.404243 0.041505 0.182611 
0.328014 0.161545 0.187993 0.192359 0.130089 
0.171142 0.209466 0.296755 0.177363 0.145274 
0.341416 0.129781 0.254029 0.203145 0.0716278 
0.0676348 0.25665 0.0947125 0.447174 0.133828 
0.106613 0.0836521 0.0927586 0.485925 0.231051 
0.374668 0.146121 0.18595 0.101737 0.191523 
0.15193 0.240423 0.246633 0.218698 0.142316 
0.140761 0.0376253 0.326323 0.32807 0.167221 
0.21122 0.275839 0.19727 0.161787 0.153884 
0.289322 0.304929 0.144058 0.123654 0.138036 
0.214221 0.309395 0.225904 0.0719177 0.178562 
0.0705207 0.256466 0.0560336 0.233811 0.383169 
0.198697 0.139682 0.151494 0.208783 0.301343 
0.232122 0.153228 0.223543 0.167256 0.22385 
0.260446 0.117203 0.215369 0.164877 0.242105 
0.21386 0.116368 0.199667 0.137311 0.332793 
0.261274 0.194808 0.192964 0.0497992 0.301155 
0.176605 0.118213 0.154336 0.381265 0.169582 
0.171205 0.1535 0.215841 0.122554 0.3369 
0.202963 0.27883 0.184565 0.201667 0.131976 
0.126344 0.117683 0.133077 0.261063 0.361832 
0.0817471 0.105231 0.597088 0.155335 0.0605986 
0.245644 0.153842 0.131378 0.265747 0.203388 
0.0821381 0.149767 0.201683 0.132686 0.433726 
0.317271 0.202559 0.138143 0.158277 0.183749 
0.143123 0.163432 0.225222 0.22651 0.241713 
0.203006 0.213724 0.175376 0.175552 0.232342 
0.207186 0.115549 0.110285 0.375745 0.191235 
0.279592 0.0533377 0.524074 0.106208 0.0367886 
0.187649 0.248552 0.069379 0.224129 0.270291 
0.252643 0.170383 0.18977 0.179517 0.207687 
0.17788 0.19079 0.122407 0.299836 0.209087 
0.0865727 0.261236 0.411352 0.19675 0.0440896 
0.231193 0.281385 0.086766 0.299744 0.100912 
0.196828 0.173366 0.164458 0.19158 0.273768 
0.190941 0.123393 0.107132 0.0327032 0.545831 
0.124159 0.351181 0.175201 0.175369 0.174091 
0.272106 0.324109 0.182143 0.0612294 0.160411 
0.201175 0.133683 0.197703 0.164324 0.303116 
0.187001 0.15388 0.151816 0.226151 0.281152 
0.0814729 0.412609 0.0928324 0.296576 0.11651 
0.388326 0.168108 0.100664 0.181045 0.161858 
0.209127 0.115157 0.146452 0.0590543 0.470209 
0.0942337 0.170763 0.40638 0.160734 0.167889 
0.175032 0.33685 0.101352 0.161252 0.225513 
0.186835 0.31245 0.146877 0.0892366 0.264601 
0.257847 0.126915 0.227919 0.154096 0.233223 
0.218416 0.0347362 0.204936 0.271401 0.270511 
0.0722416 0.132344 0.205524 0.195743 0.394148 
0.0994037 0.289052 0.0487838 0.179582 0.383179 
0.231193 0.281385 0.086766 0.299744 0.100912 
0.153105 0.348493 0.241353 0.121063 0.135986 
0.184109 0.194391 0.343335 0.164218 0.113947 
0.150066 0.188328 0.135552 0.201855 0.324199 
0.153007 0.0925843 0.109595 0.239656 0.405157 
0.183858 0.162269 0.110745 0.278774 0.264354 
0.163843 0.260618 0.181326 0.24522 0.148993 
0.226743 0.14051 0.268684 0.153273 0.21079 
0.380133 0.130684 0.133416 0.173511 0.182257 
0.190681 0.216521 0.304508 0.172396 0.115895 
0.444118 0.0982334 0.103946 0.164973 0.18873 
0.387138 0.171603 0.0932135 0.121196 0.22685 
0.170862 0.150813 0.173845 0.0933114 0.411169 
0.394121 0.246221 0.0948422 0.124618 0.140198 
0.17209 0.344032 0.273171 0.14437 0.066338 
0.293175 0.216218 0.166801 0.131558 0.192248 
0.20056 0.1039 0.232473 0.321028 0.142039 
0.15039 0.132904 0.289647 0.221346 0.205713 
0.138384 0.21294 0.381663 0.12044 0.146574 
0.234117 0.182254 0.154644 0.252837 0.176147 
0.294493 0.226129 0.226649 0.0441961 0.208533 
0.096105 0.158869 0.445011 0.125214 0.174801 
0.158121 0.203715 0.143028 0.370216 0.124921 
0.432259 0.122423 0.196095 0.116513 0.13271 
0.130081 0.24775 0.210502 0.0433923 0.368275 
0.147859 0.198024 0.465309 0.0899105 0.0988972 
0.109593 0.0884175 0.486675 0.173397 0.141918 
0.231704 0.233091 0.190895 0.182221 0.162089 
0.578421 0.121614 0.0775473 0.0989722 0.123446 
0.261607 0.109444 0.10015 0.229049 0.29975 
0.1191 0.140339 0.244898 0.226123 0.26954 
0.360811 0.175498 0.0907906 0.0659774 0.306923 
0.166654 0.0719615 0.189388 0.266023 0.305974 
0.0564459 0.206001 0.160478 0.23152 0.345555 
0.108462 0.178898 0.354303 0.170262 0.188075 
0.182803 0.125842 0.0954618 0.0286849 0.567208 
0.164603 0.410654 0.177382 0.0848398 0.162521 
0.182078 0.444241 0.0743284 0.144941 0.154412 
0.0794345 0.292719 0.405598 0.100048 0.122201 
0.172127 0.174421 0.263605 0.202625 0.187222 
0.212824 0.258574 0.117333 0.118847 0.292423 
0.470907 0.18418 0.103209 0.107538 0.134165 
0.140794 0.0612516 0.0148142 0.0711085 0.712031 
0.180497 0.170029 0.202917 0.190903 0.255654 
0.0329771 0.246901 0.141624 0.182341 0.396157 
0.265688 0.204688 0.179356 0.189833 0.160436 
0.230199 0.145443 0.125162 0.210775 0.28842 
0.237279 0.279515 0.135831 0.117188 0.230187 
0.13071 0.256765 0.223961 0.150554 0.238009 
0.204366 0.187657 0.222642 0.176155 0.209179 
0.111218 0.176001 0.323672 0.201773 0.187336 
0.0744027 0.282534 0.304408 0.166272 0.172384 
0.205345 0.366655 0.143362 0.146763 0.137875 
0.219461 0.193929 0.27127 0.114621 0.200719 
0.108997 0.158147 0.188735 0.284704 0.259417 
0.15443 0.193875 0.304239 0.160275 0.187181 
0.160554 0.181904 0.237113 0.168462 0.251966 
0.229824 0.130242 0.182701 0.190228 0.267005 
0.236094 0.218472 0.257871 0.11688 0.170683 
0.138972 0.13664 0.203964 0.0889421 0.431482 
0.0719772 0.528903 0.168564 0.172344 0.0582106 
0.00666009 0.927403 0.00620476 0.0532418 0.00649062 
0.155288 0.172161 0.153976 0.406293 0.112282 
0.205819 0.333234 0.171564 0.152511 0.136872 
0.119836 0.112565 0.157716 0.154097 0.455786 
0.305743 0.0625908 0.169864 0.10292 0.358883 
0.167436 0.153848 0.161208 0.0837261 0.433782 
0.166136 0.0539722 0.239908 0.28449 0.255494 
0.229769 0.134419 0.0832089 0.244694 0.307909 
0.162149 0.158502 0.135982 0.240709 0.302658 
0.213588 0.0957131 0.124365 0.215636 0.350698 
0.113011 0.320297 0.359986 0.0652199 0.141486 
0.195112 0.178342 0.190338 0.112203 0.324005 
0.219727 0.18596 0.300601 0.139586 0.154126 
0.0872229 0.4362 0.163171 0.106448 0.206958 
0.230078 0.253997 0.168555 0.146369 0.201001 
0.429773 0.0411731 0.0746609 0.0966809 0.357713 
0.181309 0.155141 0.288401 0.220614 0.154534 
0.131132 0.188023 0.166156 0.123179 0.391511 
0.165957 0.132221 0.301366 0.14128 0.259177 
0.200464 0.157365 0.164573 0.159824 0.317775 
0.143606 0.130193 0.252747 0.168123 0.305332 
0.118246 0.29583 0.277525 0.248095 0.0603042 
0.231772 0.317394 0.151887 0.185947 0.113001 
0.240277 0.18507 0.283499 0.179272 0.111882 
0.239293 0.0144101 0.232143 0.0222225 0.491931 
0.125728 0.332988 0.192055 0.270107 0.0791221 
0.39923 0.117276 0.124688 0.180084 0.178722 
0.23151 0.186261 0.193798 0.186128 0.202303 
0.340423 0.202546 0.20493 0.14031 0.111792 
0.148077 0.218533 0.193997 0.188101 0.251293 
0.355377 0.174688 0.0324235 0.241377 0.196135 
0.2115 0.152115 0.0349982 0.255124 0.346262 
0.123792 0.207197 0.308922 0.186234 0.173855 
0.163358 0.16776 0.2236 0.157471 0.28781 
0.166997 0.164174 0.218261 0.155462 0.295106 
0.211709 0.263226 0.110539 0.242613 0.171913 
0.24215 0.127987 0.195755 0.267986 0.166123 
0.378162 0.0853714 0.2297 0.145396 0.161371 
0.143217 0.532635 0.0852478 0.0564698 0.182431 
0.117848 0.202593 0.355466 0.159049 0.165045 
0.135234 0.10621 0.434652 0.0377252 0.286178 
0.0781888 0.152873 0.267525 0.108263 0.39315 
0.184303 0.182325 0.134864 0.121574 0.376935 
0.214075 0.151068 0.277589 0.226368 0.130899 
0.195093 0.244289 0.248135 0.0450586 0.267423 
0.0991747 0.39888 0.209149 0.134746 0.158051 
0.151626 0.143991 0.302948 0.228116 0.173319 
0.067902 0.269707 0.0953181 0.150917 0.416155 
0.208414 0.131906 0.116606 0.314658 0.228416 
0.126883 0.340445 0.181604 0.110216 0.240852 
0.272766 0.280657 0.143375 0.186275 0.116926 
0.148223 0.317488 0.167347 0.16334 0.203603 
0.169579 0.326839 0.136621 0.0843489 0.282613 
0.328014 0.161545 0.187993 0.192359 0.130089 
0.15337 0.270588 0.155659 0.16901 0.251373 
0.261895 0.163191 0.224024 0.191086 0.159804 
0.150641 0.21676 0.238407 0.180533 0.213659 
0.221276 0.146321 0.159254 0.125757 0.347393 
0.182911 0.216643 0.267128 0.193252 0.140065 
0.627068 0.102066 0.121497 0.0547867 0.0945822 
0.17408 0.187426 0.337231 0.157008 0.144255 
0.114132 0.134771 0.253609 0.218563 0.278925 
0.121445 0.602088 0.0664626 0.0623973 0.147607 
0.144735 0.122718 0.285976 0.138698 0.307873 
0.128022 0.173362 0.13713 0.308312 0.253175 
0.222581 0.200106 0.200433 0.200508 0.176372 
0.197644 0.134126 0.4288 0.0664412 0.172989 
0.199874 0.170989 0.0680534 0.23744 0.323644 
0.306324 0.156936 0.290792 0.179134 0.066814 
0.101644 0.152813 0.166265 0.526484 0.0527938 
0.107738 0.275859 0.19044 0.265949 0.160014 
0.228398 0.159819 0.151421 0.323045 0.137316 
0.38723 0.100199 0.236115 0.157441 0.119015 
0.148823 0.364265 0.132417 0.106123 0.248372 
0.263062 0.188795 0.252566 0.0958418 0.199735 
0.0363582 0.459557 0.366145 0.0201913 0.117748 
0.199723 0.165044 0.193335 0.190528 0.25137 
0.186096 0.251881 0.226549 0.232925 0.102549 
0.211202 0.164214 0.150143 0.281075 0.193366 
0.173555 0.0580501 0.162781 0.278427 0.327187 
0.319619 0.386599 0.112806 0.0382881 0.142688 
0.187648 0.131366 0.142947 0.418118 0.11992 
0.151441 0.451802 0.124393 0.0866242 0.18574 
0.187991 0.149128 0.0863345 0.227393 0.349154 
0.320294 0.141059 0.0666249 0.153166 0.318856 
0.327093 0.131593 0.108968 0.195584 0.236761 
0.245416 0.259696 0.164064 0.133381 0.197444 
0.136045 0.204496 0.334948 0.201253 0.123258 
0.139539 0.184169 0.18036 0.24431 0.251622 
0.0785925 0.378825 0.0430267 0.142583 0.356973 
0.25465 0.27998 0.0707876 0.23546 0.159123 
0.146307 0.103879 0.295816 0.230117 0.223882 
0.0146783 0.302415 0.66262 0.0114363 0.00885028 
0.152072 0.206148 0.18984 0.155242 0.296698 
0.186598 0.215872 0.122964 0.267818 0.206748 
0.503063 0.131726 0.0813955 0.113674 0.170142 
0.19465 0.235067 0.265166 0.173624 0.131493 
0.147678 0.171517 0.204575 0.342294 0.133937 
0.12463 0.124252 0.16572 0.51823 0.0671679 
0.241751 0.15158 0.0962699 0.413127 0.0972726 
0.112678 0.312311 0.200348 0.303279 0.0713839 
0.164335 0.055908 0.473907 0.0821726 0.223678 
0.115838 0.277024 0.284054 0.188354 0.13473 
0.177581 0.195208 0.188401 0.0855028 0.353307 
0.188889 0.19675 0.213237 0.137804 0.263321 
0.145241 0.234062 0.295619 0.16946 0.155618 
0.307009 0.180792 0.187589 0.161181 0.163429 
0.211136 0.282099 0.0819084 0.249838 0.17502 
0.19612 0.0763771 0.183013 0.46897 0.07552 
0.235581 0.205348 0.188163 0.166954 0.203954 
0.161842 0.122908 0.379605 0.174488 0.161157 
0.178173 0.165698 0.415849 0.144827 0.0954518 
0.0820762 0.360978 0.165572 0.206602 0.184771 
0.194008 0.198033 0.221781 0.264016 0.122162 
0.20956 0.162404 0.134405 0.205935 0.287696 
0.153438 0.231034 0.229349 0.205125 0.181054 
0.100131 0.147488 0.221935 0.306333 0.224113 
nan nan nan nan nan 
0.188998 0.153677 0.127363 0.313316 0.216646 
0.15327 0.141548 0.279155 0.173079 0.252947 
0.294001 0.0971385 0.216004 0.24693 0.145927 
0.476704 0.122924 0.141596 0.119946 0.13883 
0.222531 0.237147 0.0930185 0.230307 0.216997 
0.274796 0.192355 0.180917 0.279659 0.0722733 
0.379909 0.170544 0.331502 0.0646965 0.0533487 
0.268535 0.122554 0.352773 0.166657 0.089481 
0.109165 0.250695 0.0987344 0.247952 0.293453 
0.249647 0.208553 0.26699 0.172929 0.101881 
0.104445 0.385676 0.139055 0.209942 0.160881 
0.145241 0.234062 0.295619 0.16946 0.155618 
0.176768 0.203431 0.193074 0.0457498 0.380978 
0.158917 0.172295 0.23544 0.191802 0.241546 
0.11302 0.243748 0.235634 0.230417 0.177181 
0.11302 0.243748 0.235634 0.230417 0.177181 
0.0779687 0.200967 0.181502 0.330869 0.208693 
0.140243 0.198226 0.266733 0.125394 0.269404 
0.244185 0.168296 0.149768 0.255859 0.181892 
0.528267 0.17919 0.103747 0.13208 0.0567165 
0.144398 0.26225 0.145787 0.365058 0.0825066 
0.161055 0.190958 0.271345 0.19917 0.177473 
0.137692 0.201709 0.288883 0.217095 0.15462 
0.159859 0.151213 0.257231 0.366505 0.065192 
0.279399 0.192863 0.144251 0.193838 0.189649 
0.32636 0.192785 0.126095 0.107063 0.247697 
0.227732 0.2399 0.110843 0.109225 0.3123 
0.150113 0.127204 0.241803 0.304942 0.175937 
0.242373 0.259465 0.204964 0.232054 0.0611443 
0.325628 0.206981 0.1303 0.184826 0.152264 
0.186736 0.247775 0.188423 0.21009 0.166976 
0.197072 0.263618 0.108047 0.285449 0.145814 
0.244457 0.306406 0.105239 0.244386 0.0995111 
0.177067 0.246336 0.0945349 0.132425 0.349638 
0.419439 0.110823 0.0583317 0.271017 0.140389 
0.228767 0.26041 0.143405 0.159874 0.207544 
0.152014 0.183831 0.0794537 0.181502 0.403199 
0.200005 0.218122 0.0872724 0.101026 0.393574 
nan nan nan nan nan 
0.22648 0.206624 0.247355 0.165009 0.154532 
0.276022 0.274412 0.14812 0.198928 0.102518 
0.395635 0.132174 0.206022 0.142444 0.123726 
0.22648 0.206624 0.247355 0.165009 0.154532 
0.121473 0.243284 0.283125 0.196431 0.155687 
0.126984 0.267225 0.279891 0.179694 0.146206 
0.126092 0.177236 0.179844 0.300217 0.216611 
0.0987025 0.301945 0.253874 0.102131 0.243348 
0.144398 0.0622748 0.323469 0.23823 0.231628 
0.154593 0.29644 0.132786 0.281602 0.134579 
0.15755 0.329833 0.128454 0.171033 0.21313 
0.154309 0.220498 0.287942 0.141511 0.19574 
0.199366 0.135108 0.318771 0.156058 0.190697 
0.154162 0.198324 0.343752 0.154965 0.148797 
0.327238 0.15007 0.150378 0.154765 0.217549 
0.0777442 0.148613 0.573202 0.100484 0.0999571 
0.170671 0.259603 0.252222 0.142991 0.174513 
0.161727 0.203391 0.295372 0.135172 0.204339 
0.12294 0.162957 0.235026 0.182227 0.296849 
0.154615 0.317871 0.274026 0.105969 0.147518 
0.153907 0.0964941 0.401981 0.136438 0.21118 
0.206371 0.385459 0.201035 0.0612616 0.145874 
0.0686088 0.364306 0.196823 0.241391 0.128871 
0.198403 0.233231 0.299472 0.153775 0.115119 
0.219129 0.203169 0.228613 0.278844 0.0702452 
0.265122 0.131589 0.194357 0.173918 0.235013 
0.203638 0.164458 0.258485 0.257578 0.11584 
0.184752 0.203258 0.227259 0.250669 0.134063 
0.187711 0.170856 0.133236 0.369664 0.138534 
nan nan nan nan nan 
0.345996 0.0715961 0.197558 0.10971 0.27514 
0.104788 0.550411 0.144623 0.0832757 0.116901 
0.0653973 0.211232 0.16546 0.408977 0.148934 
0.205404 0.155697 0.256427 0.181958 0.200514 
0.121571 0.284282 0.123738 0.228914 0.241494 
0.157607 0.183265 0.143406 0.362972 0.15275 
0.104526 0.34518 0.174122 0.196983 0.179189 
0.118097 0.399778 0.241968 0.124265 0.115892 
0.189628 0.190237 0.272184 0.147236 0.200716 
0.35333 0.202779 0.155294 0.168295 0.120302 
0.113975 0.118871 0.349235 0.272899 0.145019 
0.154519 0.24426 0.270985 0.171419 0.158816 
0.193948 0.220452 0.216959 0.201923 0.166718 
0.136381 0.388574 0.148088 0.0797537 0.247204 
0.139284 0.181162 0.380932 0.183357 0.115265 
0.464087 0.0746279 0.0135935 0.386147 0.0615445 
0.343891 0.0980407 0.133882 0.0533196 0.370867 
0.120227 0.206767 0.27639 0.149049 0.247566 
0.309731 0.0687117 0.325255 0.112859 0.183444 
0.184137 0.41434 0.127917 0.105845 0.167762 
0.147873 0.160804 0.396695 0.21276 0.0818678 
0.141814 0.202466 0.243483 0.133498 0.278739 
0.277501 0.165501 0.132939 0.31809 0.105969 
0.262758 0.147126 0.200067 0.207078 0.182972 
0.0799476 0.219436 0.429856 0.07974 0.19102 
0.20085 0.150202 0.0647638 0.476367 0.107817 
0.188684 0.302537 0.211355 0.180926 0.116497 
0.271331 0.122109 0.14071 0.357941 0.107909 
0.191261 0.215129 0.266728 0.164834 0.162048 
0.104401 0.174508 0.0334686 0.0379052 0.649716 
0.0713958 0.197876 0.0344985 0.0187848 0.677445 
0.167138 0.250417 0.241163 0.119876 0.221406 
0.161487 0.312022 0.233388 0.117387 0.175717 
0.307944 0.143524 0.102136 0.274204 0.172193 
0.134645 0.143779 0.20606 0.299221 0.216295 
0.164555 0.173629 0.211155 0.337293 0.113367 
0.14697 0.177143 0.216059 0.296916 0.162912 
0.219982 0.179467 0.0748528 0.225618 0.30008 
0.132678 0.249702 0.169134 0.262001 0.186484 
0.0764254 0.0984697 0.295287 0.271166 0.258652 
0.0933534 0.186477 0.332733 0.207028 0.180409 
0.194144 0.119973 0.329365 0.176687 0.179832 
0.166711 0.134336 0.281642 0.181162 0.236149 
0.254306 0.111317 0.166587 0.289277 0.178512 
0.14022 0.237509 0.307452 0.158647 0.156172 
0.166712 0.190347 0.2306 0.137686 0.274655 
0.180629 0.160871 0.221976 0.270335 0.166188 
0.16242 0.156019 0.161479 0.262981 0.2571 
0.128283 0.183804 0.154849 0.346373 0.186691 
0.238669 0.231378 0.299844 0.0960846 0.134024 
0.194504 0.17951 0.218058 0.148973 0.258955 
0.116779 0.401621 0.195322 0.183399 0.102879 
0.165689 0.191682 0.193741 0.352664 0.096224 
0.160673 0.124096 0.19343 0.255745 0.266055 
0.144608 0.194199 0.196374 0.371241 0.0935781 
0.173412 0.258324 0.185337 0.245248 0.137679 
0.162672 0.152723 0.187209 0.256692 0.240703 
0.154073 0.186507 0.136182 0.340162 0.183077 
0.177918 0.322382 0.200518 0.166879 0.132302 
0.258931 0.315357 0.210955 0.109358 0.105399 
0.266505 0.383719 0.127556 0.133305 0.0889154 
0.145745 0.306924 0.134564 0.194024 0.218743 
0.138541 0.124097 0.327272 0.120321 0.289768 
0.1569 0.122093 0.413195 0.166299 0.141513 
0.318178 0.356598 0.10601 0.129044 0.0901701 
0.126092 0.177236 0.179844 0.300217 0.216611 
0.340573 0.197478 0.188047 0.127611 0.146291 
0.138754 0.22359 0.264118 0.179965 0.193573 
0.153022 0.297444 0.17953 0.199439 0.170565 
0.116227 0.323089 0.224882 0.172151 0.163651 
0.185367 0.263676 0.249022 0.183474 0.118462 
0.00552095 0.00568111 0.00321608 0.981693 0.0038889 
0.00552095 0.00568111 0.00321608 0.981693 0.0038889 
0.00552095 0.00568111 0.00321608 0.981693 0.0038889 
0.00552095 0.00568111 0.00321608 0.981693 0.0038889 
0.00552095 0.00568111 0.00321608 0.981693 0.0038889 
0.00552095 0.00568111 0.00321608 0.981693 0.0038889 
0.00552095 0.00568111 0.00321608 0.981693 0.0038889 
0.2282 0.26888 0.17784 0.172534 0.152546 
0.00552095 0.00568111 0.00321608 0.981693 0.0038889 
0.00552095 0.00568111 0.00321608 0.981693 0.0038889 
0.0130379 0.0132721 0.00888809 0.954623 0.0101791 
0.00552095 0.00568111 0.00321608 0.981693 0.0038889 
0.00552095 0.00568111 0.00321608 0.981693 0.0038889 
0.00552095 0.00568111 0.00321608 0.981693 0.0038889 
0.00552095 0.00568111 0.00321608 0.981693 0.0038889 
0.00552095 0.00568111 0.00321608 0.981693 0.0038889 
0.00552095 0.00568111 0.00321608 0.981693 0.0038889 
0.00552095 0.00568111 0.00321608 0.981693 0.0038889 
0.00552095 0.00568111 0.00321608 0.981693 0.0038889 
0.00552095 0.00568111 0.00321608 0.981693 0.0038889 
0.00552095 0.00568111 0.00321608 0.981693 0.0038889 
0.00552095 0.00568111 0.00321608 0.981693 0.0038889 
0.00552095 0.00568111 0.00321608 0.981693 0.0038889 
0.181247 0.167224 0.322889 0.121249 0.207391 
0.00552095 0.00568111 0.00321608 0.981693 0.0038889 
0.00552095 0.00568111 0.00321608 0.981693 0.0038889 
0.00552095 0.00568111 0.00321608 0.981693 0.0038889 
0.00180214 0.0313698 0.000810574 0.96498 0.00103704 
0.00552095 0.00568111 0.00321608 0.981693 0.0038889 
0.00552095 0.00568111 0.00321608 0.981693 0.0038889 
0.00552095 0.00568111 0.00321608 0.981693 0.0038889 
0.00552095 0.00568111 0.00321608 0.981693 0.0038889 
0.00552095 0.00568111 0.00321608 0.981693 0.0038889 
0.132186 0.205175 0.179479 0.232707 0.250453 
0.102047 0.119573 0.17366 0.135642 0.469078 
0.178792 0.147009 0.222108 0.264009 0.188082 
0.211102 0.186375 0.230933 0.248284 0.123306 
0.00552095 0.00568111 0.00321608 0.981693 0.0038889 
0.00552095 0.00568111 0.00321608 0.981693 0.0038889 
0.00552095 0.00568111 0.00321608 0.981693 0.0038889 
0.00552095 0.00568111 0.00321608 0.981693 0.0038889 
0.308815 0.138106 0.16562 0.256944 0.130515 
0.179039 0.159877 0.165137 0.275235 0.220713 
0.114473 0.171046 0.129535 0.319187 0.265758 
0.0471636 0.631642 0.211479 0.0783563 0.0313589 
0.0751275 0.207857 0.184192 0.353621 0.179203 
0.205119 0.170535 0.265024 0.137183 0.222139 
0.180989 0.337083 0.19254 0.18452 0.104869 
0.226904 0.170792 0.239449 0.14388 0.218975 
0.104747 0.0833388 0.239867 0.0949278 0.47712 
0.159659 0.278971 0.201224 0.154141 0.206005 
0.190305 0.354826 0.104157 0.250365 0.100347 
0.19804 0.089388 0.121445 0.12575 0.465376 
0.193011 0.22503 0.17774 0.170856 0.233362 
0.251312 0.0950972 0.204702 0.109867 0.339023 
0.296102 0.163728 0.147027 0.0934647 0.299678 
0.121812 0.170598 0.120387 0.395907 0.191295 
0.450763 0.101245 0.10612 0.0989382 0.242934 
0.151351 0.229655 0.249463 0.131932 0.237599 
0.086737 0.132348 0.243 0.193598 0.344317 
0.178968 0.158124 0.250573 0.210903 0.201431 
0.0372878 0.125054 0.0392641 0.0281292 0.770265 
0.0411509 0.0960004 0.0296975 0.0326381 0.800513 
0.477269 0.0377851 0.159903 0.176751 0.148291 
0.189293 0.16825 0.236092 0.14624 0.260125 
0.244864 0.16464 0.173348 0.220908 0.19624 
0.0654722 0.140474 0.295203 0.220108 0.278743 
0.146147 0.172062 0.108691 0.330994 0.242105 
0.145241 0.234062 0.295619 0.16946 0.155618 
0.236377 0.168575 0.151046 0.218179 0.225822 
0.165385 0.178723 0.154106 0.292187 0.2096 
0.220692 0.199459 0.239003 0.150685 0.190161 
0.22163 0.121722 0.340865 0.144412 0.171372 
0.250654 0.225161 0.181961 0.187916 0.154308 
0.148874 0.0946615 0.070253 0.575863 0.110348 
0.0982329 0.173163 0.2141 0.344423 0.170081 
0.063964 0.208023 0.363326 0.140655 0.224033 
0.240748 0.24405 0.200462 0.162347 0.152392 
0.279339 0.13661 0.27922 0.16953 0.1353 
0.151312 0.221254 0.273208 0.239178 0.115049 
0.31287 0.178024 0.213446 0.188809 0.106852 
0.120737 0.162851 0.307869 0.152033 0.25651 
0.0580847 0.392448 0.0786934 0.396237 0.0745371 
0.12569 0.119635 0.207146 0.380032 0.167497 
0.340505 0.123688 0.156997 0.188076 0.190734 
0.222937 0.390707 0.1493 0.156462 0.0805938 
0.197633 0.239164 0.14726 0.208385 0.207558 
0.147832 0.192786 0.424877 0.112151 0.122353 
0.192904 0.123027 0.248147 0.280076 0.155845 
0.0797962 0.2959 0.192181 0.219645 0.212479 
0.238607 0.389573 0.118589 0.101311 0.15192 
0.0575074 0.022147 0.415553 0.0767318 0.428061 
0.174581 0.160814 0.26917 0.210475 0.18496 
0.167322 0.245377 0.209932 0.128633 0.248736 
0.35385 0.162029 0.147127 0.14071 0.196284 
0.187815 0.175201 0.279336 0.2483 0.109348 
0.349875 0.133581 0.231746 0.0483036 0.236494 
0.0798645 0.311801 0.351862 0.088724 0.167749 
0.0493791 0.483071 0.292842 0.0764443 0.0982635 
0.110231 0.377588 0.243528 0.110074 0.158579 
0.120189 0.0621015 0.0690073 0.683568 0.0651345 
0.16859 0.301033 0.172633 0.0664016 0.291342 
0.224449 0.250136 0.166753 0.218803 0.139859 
0.162416 0.315701 0.1983 0.17091 0.152674 
0.223134 0.316094 0.125414 0.165673 0.169684 
0.202884 0.179429 0.34902 0.110106 0.158562 
0.203434 0.127109 0.254377 0.224413 0.190668 
0.0936494 0.261419 0.229573 0.157271 0.258088 
0.0857722 0.33692 0.420834 0.123556 0.0329187 
0.191224 0.254987 0.144979 0.252312 0.156499 
0.153438 0.287382 0.165443 0.310227 0.0835089 
0.214381 0.0873167 0.540706 0.120062 0.0375338 
0.269365 0.120793 0.0856401 0.321627 0.202574 
0.306608 0.232106 0.23913 0.118953 0.103203 
0.255503 0.16787 0.130623 0.327925 0.11808 
0.213447 0.252063 0.21035 0.164235 0.159905 
0.145241 0.234062 0.295619 0.16946 0.155618 
0.00552095 0.00568111 0.00321608 0.981693 0.0038889 
0.00552095 0.00568111 0.00321608 0.981693 0.0038889 
0.00552095 0.00568111 0.00321608 0.981693 0.0038889 
0.00552095 0.00568111 0.00321608 0.981693 0.0038889 
0.00128554 0.0232105 0.000533674 0.974227 0.000743323 
0.00552095 0.00568111 0.00321608 0.981693 0.0038889 
0.00552095 0.00568111 0.00321608 0.981693 0.0038889 
0.00552095 0.00568111 0.00321608 0.981693 0.0038889 
0.00552095 0.00568111 0.00321608 0.981693 0.0038889 
0.00552095 0.00568111 0.00321608 0.981693 0.0038889 
0.00552095 0.00568111 0.00321608 0.981693 0.0038889 
0.193247 0.200829 0.148319 0.230924 0.22668 
0.194449 0.217191 0.255819 0.144154 0.188387 
0.288808 0.250208 0.157869 0.101734 0.201381 
0.221659 0.181555 0.119462 0.396738 0.0805865 
0.132332 0.158737 0.316225 0.209363 0.183343 
0.225981 0.245049 0.230566 0.192743 0.105661 
0.210072 0.202599 0.262661 0.142825 0.181843 
0.157048 0.16746 0.345191 0.254476 0.0758257 
0.202968 0.124426 0.176082 0.259027 0.237498 
0.153043 0.395445 0.164473 0.178773 0.108267 
0.0757811 0.231567 0.0678079 0.0536525 0.571191 
0.0477145 0.18385 0.0546421 0.0410894 0.672704 
0.0716851 0.160826 0.0926804 0.0315298 0.643278 
0.0608621 0.23152 0.269093 0.121841 0.316684 
0.145241 0.234062 0.295619 0.16946 0.155618 
0.203772 0.190841 0.231754 0.0782029 0.29543 
0.157018 0.258427 0.0666422 0.421366 0.096546 
0.191666 0.197842 0.191324 0.300207 0.118961 
0.275139 0.156663 0.192792 0.193452 0.181954 
0.146598 0.186078 0.229856 0.196369 0.2411 
0.22697 0.218766 0.137729 0.23799 0.178545 
0.239485 0.250225 0.21263 0.156343 0.141317 
0.238865 0.195385 0.434296 0.0750296 0.056424 
0.223898 0.138244 0.137946 0.112437 0.387475 
0.310021 0.125696 0.111223 0.14284 0.31022 
0.307063 0.197162 0.245109 0.107446 0.143219 
0.21154 0.194546 0.283393 0.124609 0.185912 
0.181836 0.140486 0.163315 0.250304 0.26406 
0.232009 0.129948 0.187745 0.00558139 0.444717 
0.147712 0.195304 0.242296 0.151402 0.263287 
0.098752 0.205542 0.154017 0.410717 0.130972 
0.129296 0.202119 0.257321 0.210583 0.200681 
0.0835127 0.0970729 0.0687594 0.38769 0.362965 
0.278629 0.180206 0.163322 0.187877 0.189966 
0.308589 0.0980107 0.431418 0.118109 0.0438739 
0.145241 0.234062 0.295619 0.16946 0.155618 
0.198359 0.284236 0.143966 0.226258 0.147181 
0.100275 0.179805 0.245359 0.209991 0.264569 
0.189105 0.0723822 0.201938 0.39128 0.145295 
0.114704 0.216393 0.165597 0.162382 0.340925 
0.180735 0.257156 0.257855 0.136572 0.167682 
0.0994983 0.212607 0.159753 0.257412 0.27073 
0.465044 0.101943 0.195046 0.0856022 0.152365 
0.176138 0.248388 0.271864 0.129229 0.17438 
0.162873 0.202969 0.202907 0.205288 0.225963 
0.176727 0.356931 0.162718 0.137829 0.165795 
0.0616595 0.172407 0.233264 0.267918 0.264751 
0.116736 0.26563 0.0864624 0.331335 0.199836 
0.269832 0.20286 0.233023 0.192738 0.101547 
0.115973 0.131244 0.152577 0.271525 0.328681 
0.437067 0.171945 0.27195 0.0747385 0.0443006 
0.16786 0.131346 0.395688 0.13593 0.169177 
0.212376 0.163508 0.306084 0.114453 0.20358 
0.157713 0.164106 0.314652 0.218768 0.144761 
0.169192 0.162806 0.247766 0.192189 0.228047 
0.220356 0.171358 0.245265 0.184907 0.178114 
0.302382 0.12008 0.116433 0.341888 0.119217 
0.208793 0.240623 0.209235 0.150748 0.1906 
0.128288 0.205378 0.356646 0.154393 0.155295 
0.292768 0.674247 0.0104905 0.0115208 0.0109738 
0.141166 0.230565 0.248141 0.137534 0.242594 
0.209921 0.197845 0.195722 0.161505 0.235007 
0.155449 0.153835 0.0860503 0.301561 0.303105 
0.113085 0.312602 0.239625 0.219852 0.114837 
0.150501 0.241998 0.157575 0.232772 0.217155 
0.0590001 0.386965 0.160112 0.230451 0.163472 
0.283582 0.100637 0.150538 0.183194 0.282049 
0.0855268 0.162105 0.213679 0.334061 0.204627 
0.111027 0.183729 0.0806929 0.606489 0.0180618 
0.177421 0.404392 0.10439 0.2333 0.0804976 
0.154217 0.109916 0.0901991 0.545841 0.0998269 
0.0858918 0.182523 0.388092 0.174302 0.169192 
0.334386 0.196009 0.162695 0.217264 0.0896464 
0.249768 0.372482 0.0990147 0.139448 0.139286 
0.287955 0.338544 0.140749 0.112975 0.119777 
0.223041 0.222489 0.146031 0.215416 0.193024 
0.137397 0.14871 0.266861 0.288145 0.158887 
0.097417 0.4028 0.108639 0.106096 0.285049 
0.232196 0.1593 0.234356 0.114228 0.259921 
0.237945 0.188277 0.243277 0.168945 0.161556 
0.167698 0.168964 0.160312 0.373679 0.129347 
0.22777 0.0971765 0.105057 0.324545 0.245451 
0.10802 0.115177 0.224668 0.500152 0.051983 
0.108766 0.237469 0.367396 0.144605 0.141764 
0.222416 0.131681 0.255054 0.130995 0.259853 
0.167762 0.27242 0.221448 0.266357 0.0720131 
0.252578 0.367562 0.0932883 0.0506724 0.2359 
0.112412 0.335296 0.203867 0.124528 0.223898 
0.196342 0.299345 0.238234 0.213404 0.0526761 
0.310993 0.093379 0.224261 0.0983856 0.272982 
0.122873 0.219654 0.284392 0.142564 0.230517 
0.127723 0.171223 0.138703 0.351282 0.211069 
0.278395 0.0924924 0.390878 0.154705 0.0835294 
0.134997 0.276011 0.153326 0.362171 0.0734943 
0.324238 0.121697 0.355108 0.12454 0.0744171 
0.101379 0.221677 0.300053 0.204993 0.171898 
