0.160293 0.10061 0.247098 0.26265 0.134879 0.0944698 
0.170766 0.110469 0.342141 0.163715 0.106707 0.106201 
0.205703 0.227154 0.187405 0.160408 0.127876 0.0914539 
0.0882467 0.0946138 0.222283 0.100603 0.378809 0.115444 
0.1 0.0741965 0.221835 0.176313 0.288645 0.13901 
0.246341 0.225425 0.0783133 0.116766 0.175255 0.1579 
0.239099 0.190083 0.143932 0.179451 0.115574 0.131861 
0.127538 0.10623 0.267464 0.154223 0.23328 0.111265 
0.122355 0.108125 0.21426 0.27997 0.166412 0.108877 
0.22654 0.0670702 0.181416 0.223594 0.125144 0.176236 
0.194311 0.116985 0.15252 0.116076 0.00751893 0.41259 
0.0786094 0.131547 0.141091 0.273941 0.230024 0.144789 
0.195318 0.06922 0.260406 0.169307 0.112916 0.192833 
0.0672144 0.0734005 0.134609 0.143914 0.311025 0.269837 
0.0529049 0.136717 0.297077 0.132376 0.0458924 0.335032 
0.0913718 0.0801771 0.509953 0.03132 0.0906594 0.196519 
0.0879339 0.086735 0.0765421 0.481169 0.19941 0.0682102 
0.215375 0.201474 0.261957 0.12455 0.1253 0.0713444 
0.091479 0.247272 0.136516 0.380158 0.0741287 0.0704471 
0.389095 0.0431417 0.210062 0.158153 0.118654 0.0808947 
0.156098 0.0893046 0.233389 0.134942 0.17285 0.213416 
0.102262 0.103326 0.196201 0.146439 0.0999701 0.351802 
0.106053 0.13897 0.146741 0.136356 0.139254 0.332627 
0.177214 0.081757 0.256113 0.174888 0.172445 0.137583 
0.218836 0.120892 0.13035 0.0621632 0.114475 0.353283 
0.1352 0.317943 0.268323 0.101518 0.12214 0.0548763 
0.203253 0.137078 0.190981 0.146692 0.109073 0.212924 
0.284232 0.11083 0.0892299 0.229766 0.147912 0.13803 
0.123475 0.0366463 0.510334 0.234687 0.0490685 0.0457892 
0.112276 0.263211 0.0659027 0.345435 0.130347 0.0828276 
0.231539 0.0916401 0.186388 0.2395 0.118217 0.132716 
0.312099 0.0555594 0.257012 0.275605 0.0385233 0.0612013 
0.129404 0.119634 0.265459 0.208124 0.157491 0.119888 
0.181248 0.229258 0.156284 0.126359 0.128048 0.178803 
0.294124 0.107676 0.107708 0.157694 0.113003 0.219795 
0.122465 0.131662 0.588841 0.0377961 0.0745162 0.0447198 
0.163562 0.151608 0.180098 0.150352 0.200974 0.153405 
0.00419958 0.00543395 0.0521343 0.328894 0.00354367 0.605795 
0.170589 0.0876126 0.137554 0.337658 0.184412 0.0821739 
0.206731 0.189271 0.214107 0.114363 0.141957 0.133572 
0.143841 0.10604 0.137265 0.134881 0.340019 0.137953 
0.0895942 0.138151 0.0720988 0.247687 0.146231 0.306239 
0.248156 0.0928499 0.148064 0.202772 0.132758 0.175401 
0.248156 0.0928499 0.148064 0.202772 0.132758 0.175401 
0.190555 0.0989955 0.221909 0.249832 0.140269 0.0984399 
0.10695 0.146931 0.212951 0.205382 0.278108 0.0496799 
0.117178 0.0678289 0.325642 0.231097 0.148129 0.110125 
0.0688076 0.185142 0.105133 0.564551 0.0023633 0.0740027 
0.48757 0.185689 0.110659 0.110755 0.0622053 0.0431209 
0.0752522 0.0476475 0.319332 0.242504 0.124075 0.191189 
0.126302 0.0980224 0.176573 0.231779 0.0402138 0.32711 
0.12714 0.183444 0.217089 0.1322 0.170846 0.169281 
0.19537 0.177134 0.232447 0.0935714 0.131328 0.170149 
0.150385 0.172456 0.135617 0.212655 0.20923 0.119657 
0.196169 0.297766 0.0670855 0.0379899 0.116383 0.284606 
0.0352767 0.0878239 0.328606 0.126518 0.0736606 0.348114 
0.183353 0.117519 0.164889 0.123354 0.2252 0.185685 
0.269236 0.137982 0.064029 0.0559329 0.0221332 0.450687 
0.148385 0.167936 0.320779 0.187823 0.0939783 0.0810985 
0.10205 0.0966009 0.236894 0.229207 0.0440147 0.291234 
0.129512 0.199873 0.257982 0.151175 0.147669 0.113789 
0.12708 0.117909 0.195499 0.193174 0.247343 0.118996 
0.277552 0.0464191 0.106988 0.117439 0.241318 0.210284 
0.0809032 0.249628 0.0469597 0.107316 0.251695 0.263498 
0.155267 0.0715004 0.164232 0.10088 0.102658 0.405462 
0.304679 0.184655 0.0986495 0.0826509 0.140696 0.188669 
0.252159 0.251562 0.0795224 0.146813 0.115016 0.154927 
0.182323 0.607523 0.00191583 0.00236046 0.0892292 0.116649 
0.365329 0.131469 0.148885 0.116386 0.0553298 0.1826 
0.319057 0.0271737 0.0510706 0.244855 0.10135 0.256494 
0.180817 0.257868 0.166732 0.0218544 0.0674602 0.305267 
0.174985 0.151092 0.177246 0.0448711 0.125974 0.325833 
0.181926 0.135318 0.226898 0.171763 0.0862718 0.197823 
0.182249 0.370936 0.125425 0.0829042 0.142644 0.0958413 
0.19637 0.117602 0.0995117 0.168727 0.131113 0.286676 
0.221747 0.158044 0.193072 0.108738 0.165529 0.15287 
0.136277 0.0636752 0.336758 0.165116 0.16927 0.128904 
0.115215 0.151549 0.190685 0.105478 0.238457 0.198617 
0.128563 0.0983451 0.20316 0.173602 0.140679 0.25565 
0.0744519 0.207553 0.111963 0.125016 0.174234 0.306783 
0.3238 0.0957451 0.229456 0.166086 0.0859103 0.0990032 
0.146865 0.132208 0.257438 0.112677 0.169659 0.181152 
0.168413 0.213613 0.136712 0.133077 0.102301 0.245885 
0.399644 0.138788 0.021513 0.0620542 0.274788 0.103212 
0.431819 0.111928 0.0266129 0.0521812 0.243858 0.133601 
0.150443 0.0755373 0.451587 0.0610814 0.121039 0.140312 
0.224297 0.148377 0.13254 0.0874823 0.231089 0.176214 
0.167383 0.205846 0.176482 0.150545 0.1188 0.180944 
0.11416 0.212692 0.359774 0.0618053 0.0416592 0.20991 
0.311537 0.132785 0.241857 0.140862 0.0693196 0.10364 
0.0125653 0.393865 0.000857508 0.465377 0.0573478 0.0699878 
0.219836 0.249113 0.163689 0.12136 0.105428 0.140573 
0.169125 0.16546 0.164358 0.164174 0.170153 0.16673 
0.275817 0.149952 0.118343 0.165071 0.153378 0.137439 
0.15025 0.163606 0.12999 0.123814 0.249231 0.183108 
0.0709898 0.0723448 0.15198 0.174823 0.312322 0.21754 
0.103172 0.139217 0.199261 0.209889 0.157262 0.191198 
0.3658 0.192548 0.11254 0.0265929 0.0584042 0.244114 
0.108766 0.205776 0.0792971 0.268649 0.067977 0.269535 
0.138609 0.120177 0.109291 0.155309 0.0938669 0.382747 
0.175315 0.148211 0.182524 0.144281 0.239377 0.110292 
0.202751 0.18135 0.117624 0.126904 0.0572292 0.314142 
0.232534 0.156783 0.18072 0.181098 0.13403 0.114835 
0.254253 0.116252 0.213123 0.0305333 0.0404358 0.345403 
0.010083 0.0100573 0.134568 0.0177395 0.817473 0.010079 
0.273822 0.0155219 0.0694142 0.206591 0.172369 0.262282 
0.140462 0.303027 0.0980069 0.0998797 0.122368 0.236256 
0.0440525 0.30029 0.187171 0.229297 0.130195 0.108995 
0.206858 0.221903 0.109115 0.144995 0.144744 0.172384 
0.175169 0.108387 0.0940276 0.0921716 0.202851 0.327394 
0.176416 0.200822 0.261228 0.090174 0.13392 0.13744 
0.231084 0.111877 0.133998 0.16389 0.184598 0.174552 
0.222417 0.241087 0.155329 0.151614 0.121351 0.108202 
0.172461 0.119011 0.11659 0.158762 0.170574 0.262603 
0.124092 0.296819 0.111885 0.327131 0.0357595 0.104314 
0.252984 0.111545 0.251206 0.141295 0.0982426 0.144727 
0.142774 0.229003 0.0873014 0.15151 0.150952 0.238459 
0.15729 0.133103 0.231246 0.159697 0.163293 0.155372 
0.106921 0.291014 0.228069 0.0406568 0.242247 0.0910919 
0.158405 0.284381 0.243929 0.120187 0.0965065 0.0965905 
0.194004 0.122782 0.113742 0.22902 0.130465 0.209987 
0.235014 0.130095 0.175713 0.192305 0.109132 0.157741 
0.240994 0.120055 0.107597 0.168925 0.0817023 0.280726 
0.221904 0.327529 0.133444 0.18127 0.0949611 0.0408915 
0.105466 0.285943 0.110756 0.338866 0.0797543 0.079214 
0.182587 0.290309 0.0822042 0.0920804 0.0656174 0.287203 
0.075706 0.214539 0.314669 0.143546 0.0536306 0.19791 
0.384578 0.193228 0.157336 0.16556 0.0252477 0.0740514 
0.118273 0.160997 0.252799 0.214406 0.0789775 0.174548 
0.0707743 0.228335 0.3132 0.128909 0.0588532 0.199928 
0.177896 0.139748 0.0472657 0.361966 0.220857 0.0522678 
0.247915 0.135929 0.139194 0.0642779 0.15625 0.256434 
0.203238 0.316584 0.103989 0.20188 0.0655171 0.108792 
0.141526 0.242992 0.173596 0.0715621 0.223215 0.147108 
0.329929 0.197933 0.0438725 0.111427 0.166595 0.150244 
0.560144 0.176598 0.0397184 0.0323302 0.0524954 0.138713 
0.355819 0.110787 0.0802117 0.141955 0.0764203 0.234807 
0.158184 0.128929 0.202483 0.142251 0.0859584 0.282195 
0.187389 0.232429 0.0906213 0.186727 0.194803 0.108031 
0.0831831 0.20442 0.0608922 0.405209 0.0866387 0.159657 
0.13288 0.286675 0.245934 0.138104 0.100394 0.096013 
0.156626 0.113903 0.254727 0.192028 0.0946297 0.188086 
0.477683 0.207046 0.0681437 0.0376814 0.0699307 0.139515 
0.190786 0.262976 0.230386 0.119326 0.0970422 0.0994839 
0.0602612 0.1325 0.35113 0.113394 0.127748 0.214967 
0.332022 0.145283 0.0587406 0.113173 0.0327351 0.318047 
0.00919047 0.257994 0.601288 0.0392432 0.0454781 0.0468068 
0.1395 0.233421 0.0736857 0.0936584 0.142191 0.317544 
0.136664 0.184956 0.204626 0.153905 0.104066 0.215783 
0.133219 0.113112 0.228061 0.152539 0.139491 0.233577 
0.312862 0.241145 0.135556 0.0933877 0.0746948 0.142354 
0.145595 0.347857 0.0612469 0.277269 0.0687637 0.0992677 
0.132935 0.210125 0.388484 0.0820247 0.0880236 0.0984075 
0.0798738 0.135192 0.203793 0.0775358 0.18264 0.320965 
0.229056 0.0980213 0.02209 0.565312 0.0588399 0.0266806 
0.196744 0.171492 0.2108 0.101165 0.136726 0.183073 
0.116702 0.153401 0.235161 0.221771 0.0956442 0.177321 
0.118475 0.177853 0.329554 0.100746 0.218509 0.0548618 
0.207043 0.149939 0.193742 0.0281463 0.32053 0.100599 
0.165112 0.0774749 0.354281 0.128347 0.0568402 0.217945 
0.164008 0.119133 0.161346 0.187541 0.23645 0.131522 
0.264089 0.126128 0.0983858 0.162919 0.193702 0.154775 
0.364144 0.179198 0.217345 0.0919621 0.0612681 0.0860819 
0.0525633 0.194715 0.0478562 0.237392 0.123579 0.343895 
0.226609 0.159743 0.212594 0.0778114 0.0850699 0.238173 
0.129735 0.139962 0.145538 0.143412 0.162213 0.27914 
0.106645 0.089153 0.360127 0.181498 0.170723 0.0918553 
0.152256 0.341855 0.119119 0.164852 0.0763706 0.145548 
0.117811 0.311946 0.182619 0.0636047 0.101367 0.222652 
0.0685631 0.264542 0.0929173 0.364973 0.140716 0.0682886 
0.0482607 0.300896 0.213101 0.0867544 0.0930037 0.257984 
0.173087 0.124601 0.147371 0.248486 0.201579 0.104877 
0.316391 0.203132 0.102424 0.0750025 0.169288 0.133763 
0.282784 0.102299 0.171277 0.0963558 0.14251 0.204773 
0.119513 0.0981443 0.246736 0.164118 0.270557 0.100931 
0.392959 0.227241 0.0596143 0.151953 0.106783 0.0614488 
0.127574 0.132821 0.266857 0.217487 0.0677145 0.187547 
0.175406 0.208532 0.159572 0.153836 0.12689 0.175764 
0.181826 0.228875 0.137604 0.0963049 0.231379 0.124012 
0.0501926 0.382323 0.122866 0.023516 0.0256094 0.395493 
0.251232 0.0976302 0.311542 0.129024 0.0413464 0.169225 
0.288806 0.0901176 0.177425 0.201578 0.0739498 0.168123 
0.119023 0.227136 0.0937245 0.103909 0.208139 0.248068 
0.199951 0.101045 0.114301 0.22241 0.160594 0.201699 
0.0901872 0.256162 0.252323 0.184489 0.119903 0.0969363 
0.114181 0.139888 0.114424 0.259906 0.21488 0.156722 
0.078813 0.129543 0.149482 0.123739 0.167683 0.350741 
0.22225 0.168129 0.0907905 0.135539 0.0651285 0.318164 
0.114526 0.212342 0.320786 0.11476 0.049129 0.188456 
0.0931922 0.0721232 0.0916405 0.109519 0.121431 0.512094 
0.176437 0.228111 0.101369 0.152745 0.220385 0.120953 
0.198023 0.120922 0.212159 0.197213 0.167683 0.103999 
0.146803 0.115395 0.144029 0.187744 0.23997 0.16606 
0.329867 0.108255 0.0340285 0.221545 0.203445 0.10286 
0.0745494 0.354964 0.172169 0.140028 0.221457 0.0368321 
0.107908 0.289458 0.148568 0.0974293 0.0727246 0.283912 
0.176758 0.195677 0.14807 0.159251 0.209177 0.111067 
0.181242 0.262361 0.161922 0.0985137 0.105459 0.190503 
0.21288 0.167143 0.223555 0.0843555 0.183869 0.128198 
0.174396 0.325468 0.146764 0.104237 0.133032 0.116103 
0.0940526 0.209244 0.191119 0.222373 0.0853671 0.197844 
0.215896 0.132515 0.201686 0.151024 0.089865 0.209015 
0.0743648 0.196471 0.115981 0.219725 0.148021 0.245437 
0.182554 0.215324 0.116747 0.141338 0.0987183 0.245319 
0.14458 0.159562 0.157317 0.114862 0.273058 0.150621 
0.166247 0.202865 0.12338 0.216021 0.165205 0.12628 
0.179672 0.128727 0.192426 0.429658 0.0487982 0.020719 
0.297092 0.15877 0.118173 0.171507 0.118473 0.135985 
0.27064 0.162579 0.183933 0.181693 0.107763 0.0933916 
0.111012 0.195459 0.128711 0.0875747 0.147739 0.329504 
0.223778 0.0740606 0.0567396 0.276766 0.158698 0.209959 
0.0604919 0.237535 0.165319 0.330817 0.0201639 0.185673 
0.249972 0.258052 0.179495 0.102516 0.0625054 0.14746 
0.134084 0.190574 0.117938 0.172375 0.180153 0.204876 
0.383434 0.212355 0.315151 0.075364 0.00684614 0.0068491 
0.0606062 0.212723 0.0630344 0.26942 0.156515 0.237702 
0.168175 0.472149 0.0942208 0.0484201 0.0714514 0.145584 
0.303896 0.23804 0.0876925 0.14726 0.120123 0.102989 
0.158931 0.131498 0.183867 0.130897 0.272438 0.12237 
0.152783 0.170889 0.267229 0.173645 0.101604 0.13385 
0.0954742 0.111943 0.490436 0.143198 0.0709845 0.0879633 
0.188139 0.0872295 0.291826 0.109121 0.180949 0.142735 
0.137365 0.131982 0.0933076 0.224544 0.247717 0.165084 
0.130349 0.172632 0.141129 0.234035 0.0799726 0.241882 
0.124255 0.158076 0.168115 0.213991 0.160277 0.175286 
0.0810187 0.103665 0.471405 0.163777 0.082732 0.0974021 
0.0757474 0.187751 0.125529 0.189348 0.10131 0.320313 
0.08397 0.500385 0.0690391 0.13808 0.0755043 0.133022 
0.180778 0.233709 0.146197 0.105233 0.144808 0.189274 
0.117035 0.18526 0.140986 0.0632369 0.167371 0.326112 
0.161041 0.204801 0.121019 0.166637 0.154256 0.192247 
0.123779 0.151407 0.232889 0.239403 0.116749 0.135774 
0.0725362 0.274652 0.193192 0.169804 0.184894 0.104922 
0.101172 0.289595 0.186291 0.130997 0.126179 0.165767 
0.171596 0.319591 0.204064 0.139149 0.0854639 0.0801368 
0.127782 0.238298 0.153017 0.195536 0.223894 0.0614738 
0.191256 0.129827 0.132755 0.116125 0.162056 0.267982 
0.303299 0.287336 0.0951771 0.0450882 0.0553714 0.213727 
0.076813 0.294958 0.257237 0.0586023 0.137418 0.174971 
0.184191 0.158439 0.195684 0.188556 0.134778 0.138352 
0.236396 0.10029 0.175443 0.251397 0.084174 0.152299 
0.210835 0.188291 0.131915 0.113318 0.187598 0.168042 
0.0751458 0.151592 0.0803734 0.135977 0.129256 0.427655 
0.172249 0.336856 0.108532 0.106432 0.0843326 0.191599 
0.0587373 0.332474 0.379602 0.05197 0.0472794 0.129937 
0.221658 0.166703 0.11005 0.254832 0.0250255 0.221731 
0.181819 0.138294 0.122739 0.334043 0.0279037 0.195201 
0.175459 0.112868 0.197801 0.328883 0.0673887 0.1176 
0.215302 0.148093 0.0759919 0.167516 0.0958288 0.297267 
0.135211 0.125703 0.0902351 0.186126 0.0956261 0.367099 
0.304528 0.204138 0.0552439 0.0783091 0.111827 0.245954 
0.151295 0.165437 0.0883948 0.173811 0.302646 0.118416 
0.160972 0.0656593 0.374652 0.064711 0.0985854 0.235421 
0.285604 0.0492271 0.249584 0.140754 0.15309 0.121741 
0.186301 0.146915 0.206771 0.0256683 0.328579 0.105765 
0.171846 0.198654 0.308849 0.104908 0.081831 0.133911 
0.28066 0.162921 0.169825 0.0449166 0.113804 0.227873 
0.290922 0.199315 0.078336 0.122935 0.261127 0.047364 
0.0890409 0.260866 0.13041 0.292169 0.113193 0.114322 
0.173168 0.176959 0.0984002 0.110555 0.276857 0.164061 
0.095075 0.171046 0.259929 0.181079 0.181076 0.111795 
0.163221 0.275377 0.179968 0.0861489 0.15547 0.139816 
0.131126 0.340824 0.0698969 0.126878 0.105524 0.225751 
0.109078 0.0881563 0.191865 0.331898 0.124481 0.154521 
0.246747 0.0946817 0.223097 0.192975 0.114621 0.127878 
0.240344 0.237204 0.144513 0.0731923 0.0671005 0.237646 
0.17275 0.156048 0.225388 0.117244 0.190322 0.138247 
0.164894 0.247237 0.163488 0.291584 0.0485075 0.0842892 
0.124976 0.248123 0.155198 0.13237 0.13831 0.201023 
0.246747 0.0946817 0.223097 0.192975 0.114621 0.127878 
0.203344 0.190298 0.0581758 0.0789193 0.0794836 0.389779 
0.246747 0.0946817 0.223097 0.192975 0.114621 0.127878 
0.398253 0.235564 0.0611714 0.131409 0.0933955 0.0802075 
0.188482 0.306415 0.0845124 0.0924286 0.165712 0.16245 
0.195979 0.3286 0.089258 0.183717 0.0989531 0.103493 
0.0499511 0.114415 0.302189 0.101943 0.0578655 0.373637 
0.203839 0.266474 0.248053 0.0863567 0.0829221 0.112355 
0.131945 0.173943 0.200481 0.196043 0.175708 0.121879 
0.122447 0.297971 0.181884 0.142658 0.0506399 0.2044 
0.162557 0.158861 0.155254 0.152437 0.240376 0.130516 
0.456822 0.209223 0.116515 0.117511 0.0411219 0.0588069 
0.169932 0.271109 0.219271 0.0755644 0.119522 0.144602 
0.0747898 0.151426 0.230847 0.0767664 0.127942 0.338229 
0.158942 0.182025 0.253904 0.0973789 0.157792 0.149958 
0.0844437 0.160764 0.171573 0.31011 0.133078 0.140031 
0.3087 0.258463 0.124686 0.0724858 0.0834524 0.152214 
0.10741 0.11652 0.208272 0.276421 0.0584642 0.232914 
0.0758426 0.163795 0.16515 0.0555309 0.374196 0.165486 
0.213556 0.262567 0.113836 0.0914949 0.0935222 0.225024 
0.198603 0.229903 0.187536 0.109235 0.103091 0.171633 
0.118585 0.112365 0.214403 0.284924 0.117813 0.15191 
0.211366 0.117321 0.0811758 0.181234 0.13212 0.276783 
0.2005 0.374027 0.0711398 0.291121 0.0510458 0.0121665 
0.15102 0.18555 0.275072 0.130226 0.0285526 0.22958 
0.075367 0.246722 0.143305 0.213982 0.104906 0.215718 
0.266299 0.340697 0.0814187 0.163273 0.0752121 0.0731 
0.107137 0.17924 0.185147 0.269572 0.0958691 0.163034 
0.178694 0.107684 0.171171 0.164553 0.201605 0.176293 
0.115512 0.295823 0.0895094 0.135247 0.212842 0.151067 
0.127145 0.290099 0.0228914 0.315886 0.139352 0.104626 
0.121289 0.106131 0.0752712 0.175572 0.168367 0.35337 
0.309733 0.0847434 0.137019 0.266086 0.102238 0.100181 
0.255971 0.202539 0.212638 0.0723644 0.204092 0.0523955 
0.027921 0.257387 0.289496 0.187447 0.191075 0.0466745 
0.434895 0.0594039 0.256366 0.0641686 0.0835897 0.101577 
0.144074 0.159907 0.154014 0.202387 0.114662 0.224956 
0.144973 0.308837 0.0632279 0.15894 0.0984429 0.225579 
0.142685 0.239626 0.220363 0.175994 0.129109 0.092223 
0.225783 0.279603 0.0959306 0.105478 0.230747 0.0624577 
0.0663631 0.529434 0.157769 0.052855 0.0294865 0.164093 
0.132848 0.152697 0.170606 0.263576 0.11982 0.160453 
0.135863 0.115103 0.222963 0.27596 0.0883828 0.161728 
0.276448 0.109522 0.192217 0.141541 0.107183 0.173089 
0.178156 0.0547647 0.270359 0.109755 0.273256 0.113709 
0.117046 0.197034 0.191526 0.129341 0.18444 0.180614 
0.0638532 0.685705 0.125328 0.0506367 0.0286356 0.0458421 
0.0874832 0.150579 0.205635 0.202178 0.175016 0.179109 
0.19479 0.222649 0.082794 0.15576 0.209715 0.134293 
0.301497 0.0273011 0.157584 0.307958 0.030493 0.175168 
0.147014 0.0808632 0.0839146 0.406281 0.112239 0.169687 
0.0177024 0.749305 0.0333132 0.0224957 0.0900009 0.0871829 
0.434895 0.0594039 0.256366 0.0641686 0.0835897 0.101577 
0.127545 0.0794671 0.340094 0.183329 0.156978 0.112586 
0.307899 0.108449 0.112074 0.196607 0.096776 0.178195 
0.230775 0.138182 0.246331 0.0624303 0.116336 0.205945 
0.165771 0.0900764 0.147542 0.104813 0.23728 0.254517 
0.194415 0.220313 0.213537 0.190875 0.0451705 0.13569 
0.107666 0.0961612 0.227567 0.238684 0.159576 0.170346 
0.140459 0.172751 0.280147 0.183038 0.0731712 0.150434 
0.1289 0.187011 0.0486145 0.155351 0.0890797 0.391043 
0.194932 0.190465 0.13624 0.171501 0.0707573 0.236104 
0.137917 0.122059 0.0479096 0.167299 0.0937829 0.431032 
0.091621 0.251205 0.252318 0.11675 0.0446051 0.243501 
0.299235 0.094633 0.113403 0.314211 0.0333479 0.14517 
0.134024 0.240642 0.201362 0.10958 0.0478276 0.266563 
0.23312 0.075967 0.259646 0.0660637 0.0780799 0.287123 
0.099768 0.37229 0.151164 0.189939 0.102763 0.0840753 
0.205441 0.291762 0.143647 0.144378 0.0984369 0.116336 
0.345024 0.103834 0.161974 0.129155 0.0956647 0.164349 
0.202372 0.223263 0.187097 0.156285 0.0900365 0.140947 
0.174507 0.151958 0.0957073 0.243312 0.144863 0.189652 
0.0595648 0.280123 0.0807518 0.258766 0.116316 0.204478 
0.204188 0.311882 0.115003 0.10303 0.0820843 0.183812 
0.280365 0.155419 0.122178 0.120797 0.144986 0.176256 
0.0784968 0.235795 0.157483 0.0554744 0.270026 0.202725 
0.239156 0.349967 0.10845 0.205571 0.0352362 0.0616199 
0.0127373 0.153844 0.361613 0.193505 0.272811 0.00549062 
0.429168 0.0795909 0.138774 0.103832 0.0683202 0.180314 
0.276541 0.225289 0.14446 0.0955313 0.0815382 0.17664 
0.0483508 0.147515 0.0475648 0.425945 0.204516 0.126108 
0.213037 0.197898 0.119713 0.147086 0.157651 0.164615 
0.140058 0.164002 0.1102 0.121602 0.117363 0.346775 
0.176708 0.20851 0.152557 0.0867525 0.0825879 0.292884 
0.219545 0.282676 0.151483 0.0653029 0.0987217 0.182271 
0.106808 0.204872 0.0627746 0.0452803 0.481667 0.098598 
0.232406 0.084294 0.202422 0.198642 0.0698382 0.212397 
0.12701 0.319991 0.0711461 0.171384 0.0817576 0.228711 
0.190391 0.18557 0.141381 0.339527 0.090896 0.0522351 
0.421511 0.0713534 0.124944 0.160196 0.156376 0.0656195 
0.0834076 0.356891 0.0633984 0.08338 0.354101 0.0588219 
0.260022 0.0918603 0.145824 0.232731 0.0649347 0.204628 
0.239322 0.204782 0.122171 0.135547 0.157589 0.14059 
0.162435 0.130211 0.165472 0.102237 0.238007 0.201638 
0.0657404 0.0787967 0.00932389 0.109752 0.56968 0.166708 
0.0990886 0.234616 0.204836 0.136601 0.118963 0.205895 
0.172342 0.357833 0.0692651 0.28149 0.0130971 0.105973 
0.1844 0.250088 0.0981476 0.135674 0.146291 0.1854 
0.145277 0.379477 0.121253 0.0583662 0.0896594 0.205968 
0.117557 0.196972 0.140265 0.236683 0.157725 0.150798 
0.100418 0.239297 0.175857 0.231073 0.0827041 0.170652 
0.215108 0.108629 0.287615 0.126161 0.0998232 0.162664 
0.245273 0.148897 0.109883 0.288346 0.0933952 0.114206 
0.251524 0.236231 0.295902 0.143892 0.0413335 0.031118 
0.112579 0.379453 0.132381 0.0845771 0.185834 0.105175 
0.200148 0.199084 0.136831 0.202452 0.110049 0.151436 
0.122464 0.196006 0.104772 0.261242 0.151297 0.164219 
0.157482 0.158307 0.13325 0.0934244 0.208335 0.249202 
0.21161 0.106283 0.125894 0.102214 0.254552 0.199448 
0.234205 0.152521 0.304151 0.0835251 0.0478101 0.177788 
0.123924 0.224184 0.252825 0.0814349 0.0557341 0.261898 
0.154494 0.065767 0.126933 0.376744 0.0848421 0.19122 
0.216242 0.111559 0.20322 0.166184 0.151568 0.151227 
0.00670937 0.597199 0.163008 0.00651298 0.00675018 0.21982 
0.105946 0.177475 0.130137 0.137403 0.283861 0.165178 
0.250503 0.146171 0.198348 0.0844645 0.18241 0.138103 
0.18814 0.140182 0.116089 0.270724 0.158847 0.126018 
0.226698 0.0669982 0.264684 0.149765 0.0751741 0.21668 
0.107609 0.274245 0.146666 0.129611 0.192931 0.148937 
0.233844 0.206727 0.150396 0.136505 0.193021 0.0795059 
0.0840088 0.162571 0.305847 0.113237 0.180189 0.154147 
0.236939 0.284677 0.184404 0.125043 0.0928042 0.0761336 
0.182549 0.170839 0.0443278 0.208728 0.294965 0.0985916 
0.158477 0.21168 0.179826 0.230999 0.0765371 0.142481 
0.241198 0.185538 0.107693 0.139233 0.188757 0.137581 
0.150717 0.0949871 0.266581 0.254873 0.081412 0.15143 
0.262711 0.151786 0.105506 0.0745702 0.201288 0.204139 
0.0677744 0.233211 0.0820558 0.170262 0.214249 0.232447 
0.117124 0.211223 0.150628 0.143843 0.0374504 0.339731 
0.10589 0.164214 0.121029 0.1581 0.119093 0.331674 
0.156028 0.208621 0.154686 0.0700578 0.302538 0.108069 
0.168187 0.194103 0.157504 0.0738461 0.155931 0.250429 
0.0858192 0.333334 0.163081 0.168164 0.0337162 0.215885 
0.30331 0.135389 0.159858 0.241946 0.0860242 0.0734742 
0.192365 0.0800098 0.210965 0.216768 0.0985633 0.201329 
0.268949 0.149263 0.192549 0.162592 0.148981 0.0776657 
0.251591 0.130269 0.199901 0.111871 0.107788 0.19858 
0.234173 0.468607 0.028974 0.0514966 0.0884333 0.128315 
0.292439 0.0523509 0.238856 0.10089 0.104465 0.210999 
0.135485 0.313422 0.127326 0.127567 0.103768 0.192431 
0.179696 0.12584 0.192297 0.15217 0.209964 0.140033 
0.28762 0.171888 0.172436 0.0678973 0.0856462 0.214512 
0.110994 0.354401 0.14588 0.120511 0.0576752 0.21054 
0.185278 0.248528 0.151275 0.0582166 0.0760037 0.2807 
0.131382 0.302713 0.175227 0.142571 0.0444984 0.203608 
0.195874 0.264347 0.166807 0.130504 0.0517496 0.190718 
0.173567 0.239096 0.0985138 0.149811 0.16805 0.170963 
0.167618 0.232313 0.0951907 0.13778 0.170643 0.196455 
0.271442 0.11791 0.146243 0.106627 0.212578 0.145199 
0.203706 0.173131 0.162068 0.112693 0.147105 0.201297 
0.283377 0.218364 0.195071 0.178846 0.046353 0.0779895 
0.199377 0.446295 0.0349137 0.0325899 0.205681 0.0811433 
0.306652 0.172745 0.123707 0.168465 0.120952 0.107479 
0.202677 0.367278 0.190852 0.0588594 0.0433349 0.136999 
0.0860144 0.121091 0.453803 0.0846762 0.0457117 0.208704 
0.166765 0.164809 0.114648 0.236316 0.111181 0.206281 
0.143716 0.138996 0.231363 0.206779 0.0978924 0.181253 
0.320815 0.151324 0.0724924 0.243881 0.116599 0.0948887 
0.191 0.276682 0.103539 0.209427 0.117845 0.101506 
0.275561 0.141126 0.158413 0.208412 0.0826634 0.133825 
0.158754 0.293421 0.202871 0.162349 0.0779692 0.104636 
0.122283 0.111582 0.27584 0.155733 0.126174 0.208387 
0.166844 0.065827 0.18174 0.311072 0.185154 0.0893624 
0.18486 0.391337 0.0756029 0.153504 0.0684262 0.12627 
0.257585 0.144854 0.0769648 0.181757 0.133953 0.204886 
0.248167 0.251287 0.146891 0.102997 0.142786 0.107872 
0.246747 0.0946817 0.223097 0.192975 0.114621 0.127878 
0.167942 0.219961 0.0884221 0.217256 0.160081 0.146338 
0.105121 0.094466 0.126996 0.354875 0.184296 0.134246 
0.130179 0.144394 0.236263 0.143559 0.201268 0.144338 
0.1846 0.197367 0.174008 0.158018 0.117921 0.168087 
0.140778 0.162331 0.127968 0.182002 0.135614 0.251307 
0.278223 0.122097 0.222767 0.0608338 0.213798 0.102281 
0.138972 0.177042 0.17919 0.197312 0.0713007 0.236185 
0.102434 0.228882 0.153153 0.167658 0.0910061 0.256867 
0.0921711 0.314018 0.0666289 0.101332 0.254289 0.171562 
0.128046 0.214059 0.129885 0.0471296 0.260801 0.220079 
0.139719 0.171085 0.0801348 0.234364 0.270306 0.104392 
0.138286 0.124498 0.200178 0.212407 0.162982 0.16165 
0.0707573 0.134549 0.403799 0.141955 0.121733 0.127206 
0.0903327 0.152934 0.101362 0.102692 0.137039 0.41564 
0.167307 0.162979 0.1723 0.253734 0.0558565 0.187824 
0.24986 0.0990194 0.39497 0.0452591 0.0456478 0.165244 
0.134567 0.183154 0.156982 0.0906849 0.26478 0.169833 
0.220324 0.0883139 0.131851 0.117078 0.145558 0.296875 
0.0670356 0.315071 0.157798 0.139348 0.223499 0.097248 
0.12083 0.143609 0.243686 0.261454 0.0846672 0.145753 
0.341201 0.136161 0.183671 0.18557 0.0601249 0.093273 
0.190221 0.0565946 0.0540769 0.242242 0.0876187 0.369247 
0.155816 0.168885 0.20806 0.136706 0.223435 0.107098 
0.175211 0.158045 0.164149 0.185183 0.143961 0.173451 
0.178191 0.250272 0.122634 0.104793 0.155772 0.188338 
0.133167 0.160207 0.0600686 0.204164 0.121538 0.320856 
0.119428 0.0525597 0.343341 0.230675 0.086604 0.167392 
0.11986 0.263288 0.237056 0.158253 0.0596126 0.161929 
0.147172 0.0721302 0.312551 0.285364 0.061569 0.121215 
0.0911889 0.259069 0.201387 0.230856 0.0266346 0.190865 
0.252896 0.102352 0.143258 0.219717 0.0967846 0.184993 
0.125662 0.137239 0.190451 0.190357 0.0533133 0.302978 
0.159422 0.231777 0.0827994 0.241309 0.0991085 0.185585 
0.158801 0.242402 0.102445 0.162466 0.0885985 0.245287 
0.161819 0.18289 0.207357 0.15914 0.122808 0.165986 
0.0782835 0.351498 0.169829 0.210991 0.146351 0.043048 
0.172018 0.175913 0.201371 0.235555 0.155161 0.0599808 
0.13798 0.280929 0.12126 0.0746969 0.23693 0.148204 
0.00860409 0.578941 0.125748 0.0580356 0.217939 0.0107316 
0.166035 0.139714 0.159624 0.151809 0.258131 0.124687 
0.132718 0.175715 0.192307 0.178033 0.138758 0.182469 
0.0716955 0.158278 0.0420832 0.213789 0.0430474 0.471108 
0.190305 0.141598 0.0800172 0.215031 0.169739 0.203309 
0.129134 0.176941 0.221539 0.15581 0.202049 0.114528 
0.100955 0.211364 0.126163 0.287433 0.215524 0.0585618 
0.169466 0.0689395 0.102733 0.37952 0.0961132 0.183228 
0.101418 0.136173 0.166903 0.128184 0.271196 0.196126 
0.227815 0.0447829 0.168884 0.198201 0.180768 0.179548 
0.261873 0.100765 0.10643 0.297274 0.142405 0.0912532 
0.236717 0.109107 0.26795 0.0738433 0.0790796 0.233303 
0.0906412 0.216867 0.170935 0.328123 0.114531 0.0789036 
0.155841 0.0858727 0.0250526 0.0518435 0.155586 0.525804 
0.153947 0.194599 0.162689 0.145463 0.123194 0.220108 
0.248213 0.169782 0.20471 0.0345717 0.0792355 0.263487 
0.131513 0.034874 0.432286 0.320656 0.0325366 0.0481342 
0.0962858 0.189765 0.188385 0.122773 0.180511 0.222279 
0.298806 0.0559131 0.208502 0.171526 0.197479 0.0677733 
0.107229 0.352241 0.147332 0.121258 0.15835 0.11359 
0.413338 0.0795466 0.229168 0.0432698 0.0708286 0.163849 
0.134707 0.0885351 0.251975 0.155299 0.330528 0.0389566 
0.116045 0.1728 0.198743 0.21559 0.112591 0.184231 
0.168218 0.173561 0.187633 0.153175 0.144104 0.173309 
0.451985 0.140336 0.0427678 0.103515 0.217417 0.0439792 
nan nan nan nan nan nan 
0.210823 0.107363 0.222753 0.131728 0.176216 0.151117 
0.169553 0.219597 0.177256 0.168317 0.144269 0.121007 
0.259281 0.0887193 0.126713 0.147895 0.205513 0.171879 
0.10516 0.27967 0.0825099 0.153894 0.0700634 0.308703 
0.172323 0.183005 0.138255 0.27437 0.0998513 0.132197 
0.158326 0.0522641 0.297524 0.227234 0.170993 0.0936588 
0.391848 0.0660694 0.0987011 0.215982 0.0537502 0.173648 
0.170833 0.142355 0.229407 0.0900996 0.133836 0.23347 
0.117968 0.243657 0.0735869 0.0765927 0.314618 0.173578 
0.1775 0.125451 0.133157 0.261744 0.208922 0.0932255 
0.0968315 0.160565 0.129381 0.223491 0.251999 0.137732 
0.155841 0.0858727 0.0250526 0.0518435 0.155586 0.525804 
0.268443 0.131581 0.149249 0.315803 0.0639844 0.0709399 
0.19427 0.134123 0.117812 0.130284 0.201469 0.222042 
0.134678 0.235799 0.159062 0.255325 0.140001 0.0751348 
0.134678 0.235799 0.159062 0.255325 0.140001 0.0751348 
0.101099 0.306254 0.224364 0.207369 0.064753 0.0961618 
0.101287 0.145947 0.290798 0.132488 0.212139 0.11734 
0.162191 0.117741 0.196409 0.132232 0.112716 0.27871 
0.283438 0.0588327 0.218178 0.084714 0.308971 0.0458664 
0.0798799 0.202273 0.210403 0.110035 0.0689136 0.328496 
0.160363 0.148043 0.165353 0.17823 0.254861 0.0931492 
0.18875 0.179783 0.134152 0.102566 0.161641 0.233108 
0.147129 0.292863 0.0889218 0.232218 0.155512 0.0833551 
0.188435 0.127804 0.178953 0.15086 0.157196 0.196752 
0.280218 0.200991 0.0808418 0.132654 0.214992 0.0903035 
0.103942 0.193948 0.142301 0.0485689 0.437013 0.0742276 
0.172655 0.074602 0.444139 0.0520215 0.131664 0.124918 
0.0772666 0.342243 0.082402 0.162644 0.0902491 0.245196 
0.123013 0.32023 0.129349 0.130491 0.176569 0.120349 
0.183052 0.298339 0.130041 0.0853862 0.101835 0.201346 
0.0914234 0.342154 0.140535 0.0874896 0.115577 0.222821 
0.155254 0.372035 0.194087 0.0769431 0.0282232 0.173458 
0.0856956 0.344208 0.0500023 0.082217 0.365376 0.0725001 
0.077204 0.196375 0.245488 0.0357887 0.0950949 0.350049 
0.280762 0.175825 0.225515 0.0837581 0.124514 0.109625 
0.284435 0.0724826 0.105639 0.0665675 0.185007 0.285869 
0.193255 0.360409 0.0694884 0.11274 0.188216 0.0758912 
nan nan nan nan nan nan 
0.119324 0.178184 0.133051 0.152099 0.306618 0.110724 
0.178819 0.236266 0.0934529 0.246643 0.111498 0.133321 
0.053515 0.222594 0.075581 0.422768 0.0998036 0.125739 
0.119324 0.178184 0.133051 0.152099 0.306618 0.110724 
0.109157 0.192419 0.255695 0.186273 0.12622 0.130235 
0.10399 0.210746 0.259477 0.162495 0.115461 0.14783 
0.126538 0.11832 0.177144 0.190533 0.279316 0.108149 
0.0969949 0.11085 0.156502 0.190187 0.319873 0.125594 
0.469618 0.00910229 0.111386 0.0370067 0.233257 0.13963 
0.0926397 0.195875 0.348781 0.0993716 0.176662 0.0866704 
0.116107 0.488202 0.0499359 0.0385547 0.168379 0.138821 
0.266171 0.194269 0.26699 0.0965914 0.0860384 0.0899407 
0.186579 0.264183 0.261632 0.0536602 0.127369 0.106576 
0.209211 0.183447 0.194399 0.144606 0.109499 0.158839 
0.231728 0.145639 0.180807 0.147698 0.140973 0.153154 
0.260495 0.111659 0.0656808 0.349088 0.0529981 0.160079 
0.195499 0.143325 0.165102 0.238955 0.100943 0.156177 
0.133033 0.14712 0.18145 0.225452 0.110239 0.202707 
0.238064 0.193301 0.156122 0.12938 0.155021 0.128113 
0.208741 0.358532 0.226721 0.06623 0.0574216 0.0823539 
0.202849 0.198971 0.102762 0.207339 0.215086 0.0729932 
0.193974 0.458647 0.167994 0.0929443 0.0416481 0.0447927 
0.15406 0.343785 0.081119 0.132534 0.142505 0.145996 
0.149852 0.190543 0.235507 0.131975 0.145005 0.147118 
0.0570443 0.353256 0.15853 0.0404018 0.314247 0.0765209 
0.153087 0.0917868 0.245609 0.170648 0.162088 0.176781 
0.213779 0.217179 0.1142 0.0968023 0.168417 0.189622 
0.145031 0.14895 0.143879 0.242969 0.186003 0.133169 
0.313966 0.150455 0.145435 0.143911 0.119473 0.12676 
nan nan nan nan nan nan 
0.153715 0.501693 0.0791692 0.0965094 0.0897235 0.07919 
0.32328 0.0815862 0.185818 0.103084 0.0755729 0.230659 
0.148915 0.506978 0.0536903 0.150031 0.0940747 0.046311 
0.0866604 0.149779 0.223879 0.23608 0.144019 0.159581 
0.146002 0.171245 0.177928 0.108737 0.288612 0.107476 
0.0835686 0.189726 0.172747 0.110498 0.298936 0.144524 
0.26063 0.188859 0.0891017 0.14245 0.21748 0.101479 
0.181973 0.208722 0.279116 0.127736 0.0471773 0.155275 
0.132963 0.133884 0.160961 0.135829 0.146691 0.289671 
0.31689 0.127635 0.213464 0.115927 0.133869 0.0922143 
0.12945 0.121946 0.400406 0.110568 0.0568884 0.180741 
0.199015 0.126597 0.222303 0.182949 0.119029 0.150108 
0.095713 0.13665 0.136228 0.20957 0.157098 0.264741 
0.277662 0.309038 0.168412 0.0531283 0.140187 0.0515724 
0.226765 0.133313 0.161829 0.0941892 0.15588 0.228024 
0.387841 0.0170526 0.0548599 0.253084 0.243034 0.0441289 
0.13832 0.25416 0.157756 0.0848594 0.0558365 0.309068 
0.0904771 0.0846613 0.313158 0.136946 0.125121 0.249637 
0.0507807 0.272113 0.236986 0.332408 0.0293921 0.0783198 
0.0758507 0.0815871 0.146254 0.220066 0.302174 0.174068 
0.0905405 0.209494 0.283118 0.21691 0.100771 0.099166 
0.195317 0.211815 0.0817176 0.198144 0.166374 0.146632 
0.198114 0.182666 0.150707 0.102644 0.282508 0.0833599 
0.14917 0.141503 0.122981 0.352742 0.0920168 0.141587 
0.145255 0.0952123 0.0816574 0.113262 0.187575 0.377038 
0.181866 0.17549 0.196668 0.0999894 0.1196 0.226387 
0.0788105 0.182842 0.120178 0.257179 0.134685 0.226306 
0.282532 0.0939533 0.150262 0.085508 0.229187 0.158558 
0.134451 0.218085 0.0966445 0.0784746 0.202853 0.269491 
0.06462 0.0445099 0.0456785 0.0294463 0.768696 0.0470497 
0.0653755 0.0402952 0.0253125 0.0253761 0.74672 0.0969208 
0.124438 0.265389 0.172426 0.171024 0.102864 0.163859 
0.151369 0.135041 0.256313 0.14035 0.188092 0.128835 
0.0754838 0.549358 0.0844312 0.142772 0.0340881 0.113867 
0.125899 0.2268 0.148364 0.14707 0.156605 0.195262 
0.16102 0.0844482 0.302645 0.155479 0.103948 0.19246 
0.14919 0.180005 0.192778 0.175092 0.111447 0.191488 
0.204834 0.168785 0.143992 0.123837 0.0550206 0.303531 
0.237824 0.116813 0.133838 0.219295 0.0557452 0.236485 
0.260152 0.181336 0.119195 0.172982 0.06538 0.200955 
0.25712 0.101345 0.241555 0.209089 0.0725081 0.118383 
0.177276 0.104941 0.134829 0.206809 0.0730625 0.303082 
0.248994 0.229354 0.0970931 0.109363 0.128019 0.187177 
0.222645 0.136095 0.228551 0.165456 0.102712 0.144542 
0.156421 0.166626 0.214995 0.143195 0.11903 0.199734 
0.190725 0.220446 0.212118 0.114397 0.105771 0.156544 
0.151271 0.117945 0.181586 0.160103 0.100949 0.288147 
0.122691 0.176759 0.182695 0.138356 0.153084 0.226415 
0.159187 0.102964 0.177594 0.238309 0.147252 0.174695 
0.136726 0.0757019 0.134579 0.219611 0.161782 0.271599 
0.12838 0.237318 0.156919 0.157719 0.106474 0.21319 
0.176217 0.223487 0.0967878 0.273483 0.0555654 0.174459 
0.239324 0.11083 0.137418 0.204688 0.100252 0.207488 
0.145063 0.0818121 0.187032 0.0913561 0.22647 0.268267 
0.147594 0.115166 0.15194 0.137164 0.14703 0.301107 
0.196592 0.0698868 0.156658 0.248506 0.165074 0.163283 
0.118554 0.228544 0.14041 0.0944971 0.285024 0.132971 
0.179485 0.124907 0.165975 0.169847 0.238419 0.121367 
0.0783573 0.275555 0.258547 0.108468 0.157455 0.121618 
0.383878 0.139241 0.0956765 0.125607 0.118915 0.136683 
0.0958076 0.167684 0.0796352 0.511723 0.0539852 0.0911643 
0.16196 0.121732 0.250747 0.165536 0.144727 0.155298 
0.0967788 0.381984 0.0519888 0.306654 0.0279207 0.134673 
0.34534 0.133118 0.0955787 0.203555 0.0990778 0.123331 
0.213764 0.24521 0.174 0.115312 0.138477 0.113236 
0.126538 0.11832 0.177144 0.190533 0.279316 0.108149 
0.245628 0.218291 0.0803512 0.160363 0.0757688 0.219598 
0.221972 0.224382 0.1103 0.182642 0.1427 0.118003 
0.158135 0.156942 0.232139 0.187172 0.0937804 0.171832 
0.385141 0.203511 0.106669 0.0843091 0.120939 0.0994312 
0.107949 0.144517 0.285334 0.179674 0.171453 0.111072 
0.0047174 0.00363745 0.00554765 0.117558 0.865283 0.00325688 
0.0047174 0.00363745 0.00554765 0.117558 0.865283 0.00325688 
0.0047174 0.00363745 0.00554765 0.117558 0.865283 0.00325688 
0.0047174 0.00363745 0.00554765 0.117558 0.865283 0.00325688 
0.0047174 0.00363745 0.00554765 0.117558 0.865283 0.00325688 
0.0047174 0.00363745 0.00554765 0.117558 0.865283 0.00325688 
0.0047174 0.00363745 0.00554765 0.117558 0.865283 0.00325688 
0.250923 0.108947 0.20195 0.196498 0.102091 0.139592 
0.0047174 0.00363745 0.00554765 0.117558 0.865283 0.00325688 
0.0047174 0.00363745 0.00554765 0.117558 0.865283 0.00325688 
0.0108834 0.00922482 0.0121644 0.134504 0.824741 0.008482 
0.0047174 0.00363745 0.00554765 0.117558 0.865283 0.00325688 
0.0047174 0.00363745 0.00554765 0.117558 0.865283 0.00325688 
0.0047174 0.00363745 0.00554765 0.117558 0.865283 0.00325688 
0.0047174 0.00363745 0.00554765 0.117558 0.865283 0.00325688 
0.0047174 0.00363745 0.00554765 0.117558 0.865283 0.00325688 
0.0047174 0.00363745 0.00554765 0.117558 0.865283 0.00325688 
0.0047174 0.00363745 0.00554765 0.117558 0.865283 0.00325688 
0.0047174 0.00363745 0.00554765 0.117558 0.865283 0.00325688 
0.0047174 0.00363745 0.00554765 0.117558 0.865283 0.00325688 
0.0047174 0.00363745 0.00554765 0.117558 0.865283 0.00325688 
0.0047174 0.00363745 0.00554765 0.117558 0.865283 0.00325688 
0.0047174 0.00363745 0.00554765 0.117558 0.865283 0.00325688 
0.215445 0.140106 0.178351 0.140913 0.149303 0.175882 
0.0047174 0.00363745 0.00554765 0.117558 0.865283 0.00325688 
0.0047174 0.00363745 0.00554765 0.117558 0.865283 0.00325688 
0.0047174 0.00363745 0.00554765 0.117558 0.865283 0.00325688 
0.0042749 0.000811998 0.00173722 0.0941723 0.895931 0.00307292 
0.0047174 0.00363745 0.00554765 0.117558 0.865283 0.00325688 
0.0047174 0.00363745 0.00554765 0.117558 0.865283 0.00325688 
0.0047174 0.00363745 0.00554765 0.117558 0.865283 0.00325688 
0.0047174 0.00363745 0.00554765 0.117558 0.865283 0.00325688 
0.0047174 0.00363745 0.00554765 0.117558 0.865283 0.00325688 
0.187538 0.10083 0.0888381 0.208896 0.15337 0.260528 
0.0964811 0.11726 0.151759 0.154777 0.353751 0.125972 
0.256174 0.147963 0.120353 0.183132 0.136966 0.155411 
0.182105 0.153403 0.153332 0.15578 0.158303 0.197077 
0.0047174 0.00363745 0.00554765 0.117558 0.865283 0.00325688 
0.0047174 0.00363745 0.00554765 0.117558 0.865283 0.00325688 
0.0047174 0.00363745 0.00554765 0.117558 0.865283 0.00325688 
0.0047174 0.00363745 0.00554765 0.117558 0.865283 0.00325688 
0.169476 0.14574 0.230156 0.171288 0.140481 0.142859 
0.116664 0.142363 0.261146 0.154157 0.155971 0.169699 
0.093639 0.193454 0.203509 0.178787 0.195808 0.134803 
0.490081 0.17517 0.20375 0.0539276 0.0515678 0.0255028 
0.1811 0.217909 0.136086 0.270448 0.103603 0.0908529 
0.131314 0.244539 0.127782 0.146217 0.225504 0.124644 
0.122855 0.17509 0.0892618 0.409105 0.127136 0.0765519 
0.120394 0.233399 0.230583 0.123948 0.165829 0.125848 
0.0125156 0.246709 0.0893129 0.327779 0.0822958 0.241387 
0.137837 0.28257 0.149327 0.146087 0.121104 0.163075 
0.133772 0.109993 0.0957183 0.288586 0.285292 0.0866399 
0.156924 0.291509 0.168123 0.112465 0.180818 0.0901613 
0.167012 0.252956 0.13442 0.118565 0.148191 0.178856 
0.132031 0.131086 0.194773 0.172404 0.0828232 0.286883 
0.150343 0.177926 0.122898 0.218451 0.250812 0.0795702 
0.179332 0.150378 0.269811 0.082342 0.123925 0.194212 
0.406925 0.163255 0.185097 0.0680275 0.0827323 0.0939639 
0.156055 0.248329 0.160482 0.151104 0.13947 0.144561 
0.11606 0.0890555 0.211883 0.198338 0.252907 0.131757 
0.138284 0.190707 0.105503 0.244719 0.157039 0.163748 
0.048685 0.0328342 0.0146119 0.0162081 0.864244 0.0234165 
0.0537513 0.0523961 0.0676359 0.0217945 0.784177 0.0202448 
0.259317 0.232841 0.0588339 0.0908922 0.272835 0.0852812 
0.123829 0.429876 0.131094 0.124131 0.108808 0.082262 
0.16059 0.181021 0.164923 0.193527 0.171618 0.128321 
0.227128 0.141065 0.221046 0.213184 0.10849 0.0890869 
0.226368 0.197613 0.110253 0.197719 0.100028 0.168019 
0.155841 0.0858727 0.0250526 0.0518435 0.155586 0.525804 
0.227643 0.0751159 0.18587 0.194451 0.182171 0.134749 
0.17686 0.200617 0.181397 0.167176 0.130675 0.143274 
0.0772956 0.134959 0.23301 0.340347 0.0775809 0.136807 
0.19423 0.115769 0.180764 0.227207 0.0587675 0.223263 
0.146395 0.154895 0.134012 0.233048 0.210359 0.121292 
0.122189 0.183968 0.0887542 0.495816 0.0476964 0.0615757 
0.181006 0.156772 0.121191 0.184979 0.0804334 0.275619 
