0.199888 0.265637 0.0429921 0.0373353 0.124267 0.0759141 0.253966 
0.0866246 0.208637 0.086504 0.112602 0.146937 0.252032 0.106664 
0.160029 0.157252 0.188203 0.0536048 0.147744 0.101574 0.191594 
0.337564 0.174924 0.0844694 0.0470658 0.22305 0.0769881 0.0559401 
0.299601 0.189234 0.0949557 0.0549739 0.167847 0.0751698 0.118218 
0.0961159 0.0736086 0.121356 0.303721 0.19339 0.0927032 0.119106 
0.13483 0.0209959 0.152074 0.240391 0.132684 0.123586 0.195439 
0.173669 0.112521 0.18001 0.131804 0.0983618 0.0917503 0.211884 
0.180056 0.15051 0.0360678 0.0501185 0.120615 0.08832 0.374313 
0.251285 0.180307 0.114407 0.123489 0.0906341 0.0851431 0.154734 
0.0419121 0.0408726 0.16401 0.69854 0.0410097 0.00698409 0.00667122 
0.142158 0.10913 0.0725318 0.0376896 0.119373 0.276282 0.242835 
0.18448 0.121954 0.130601 0.0382934 0.125997 0.124361 0.274314 
0.155237 0.133538 0.073173 0.0467655 0.165682 0.305075 0.12053 
0.0273817 0.224073 0.0584938 0.0247248 0.33016 0.0781725 0.256994 
0.0754065 0.0864757 0.362646 0.0109451 0.0806848 0.240373 0.143469 
0.154651 0.171698 0.0519019 0.0977966 0.275368 0.0798386 0.168746 
0.189247 0.10574 0.118026 0.154666 0.0864397 0.240948 0.104934 
0.243872 0.0924493 0.194451 0.0347359 0.141055 0.161014 0.132421 
0.188328 0.17594 0.0452167 0.081116 0.167862 0.110041 0.231496 
0.242891 0.273946 0.0735887 0.0890351 0.1056 0.0775469 0.137393 
0.15503 0.213692 0.0838198 0.0625321 0.0831393 0.204642 0.197145 
0.176916 0.0585309 0.258744 0.0942153 0.0917786 0.0981333 0.221682 
0.122754 0.170252 0.0567909 0.11081 0.274183 0.121169 0.144041 
0.0902941 0.207139 0.0507829 0.279509 0.128606 0.114902 0.128768 
0.154232 0.185077 0.126479 0.0713524 0.126961 0.0872745 0.248623 
0.105042 0.164236 0.0803263 0.0960414 0.17867 0.0764926 0.299192 
0.0953947 0.225149 0.239592 0.0946138 0.123463 0.0714922 0.150295 
0.0956121 0.183425 0.0433331 0.0194001 0.140893 0.0943197 0.423017 
0.219431 0.153273 0.0583015 0.086634 0.106604 0.146729 0.229027 
0.138397 0.103902 0.0486711 0.079349 0.213253 0.121374 0.295054 
0.0823998 0.0864946 0.351737 0.0629665 0.12592 0.106349 0.184133 
0.233702 0.182223 0.0795275 0.0802216 0.113116 0.118789 0.192421 
0.316029 0.134363 0.119072 0.0749345 0.0916085 0.136821 0.127171 
0.0991297 0.390458 0.0753341 0.075519 0.186003 0.0777135 0.0958417 
0.467668 0.0627737 0.104225 0.0621493 0.132045 0.0352843 0.135854 
0.257168 0.106226 0.152408 0.0274137 0.103862 0.110106 0.242816 
0.00511748 0.0507371 8.66914e-05 0.000888458 0.0118354 7.75235e-05 0.931257 
0.189726 0.31718 0.0665239 0.0715454 0.0905517 0.0463974 0.218075 
0.211127 0.144346 0.108065 0.0426649 0.0777479 0.158133 0.257916 
0.199363 0.110591 0.126795 0.167333 0.145014 0.142588 0.108317 
0.0459679 0.111894 0.277427 0.285662 0.0408454 0.119086 0.119118 
0.167377 0.108489 0.109872 0.0479179 0.102268 0.202371 0.261705 
0.167377 0.108489 0.109872 0.0479179 0.102268 0.202371 0.261705 
0.207866 0.117586 0.0586925 0.070834 0.22112 0.140037 0.183863 
0.0991672 0.170057 0.138068 0.114146 0.154797 0.0479045 0.275861 
0.132606 0.16562 0.0643762 0.0360015 0.139005 0.0743926 0.387999 
0.190736 0.105795 0.222181 0.00250825 0.00125738 0.242999 0.234523 
0.116672 0.0420828 0.286819 0.0583174 0.0419044 0.30448 0.149724 
0.411871 0.109529 0.0597835 0.0241199 0.0966348 0.056685 0.241377 
0.201294 0.235409 0.118775 0.0588744 0.0445948 0.121718 0.219334 
0.193366 0.144208 0.0797185 0.0959525 0.267812 0.137915 0.0810281 
0.221813 0.139759 0.111066 0.0989917 0.256338 0.0904446 0.0815885 
0.134708 0.229533 0.067886 0.070736 0.108205 0.0880104 0.300922 
0.208462 0.120005 0.173789 0.167475 0.110091 0.0894719 0.130705 
0.294272 0.232336 0.105646 0.0357199 0.0810324 0.191361 0.0596333 
0.147524 0.201775 0.183094 0.0872726 0.0833988 0.197311 0.099625 
0.199311 0.22419 0.12146 0.259265 0.0568953 0.0454923 0.0933859 
0.0783627 0.171758 0.101919 0.158421 0.295617 0.113136 0.0807871 
0.11946 0.242418 0.0224842 0.247071 0.0871919 0.226065 0.0553101 
0.11074 0.114833 0.124397 0.149786 0.252654 0.175024 0.0725663 
0.0818626 0.173687 0.190045 0.135614 0.116448 0.131065 0.171278 
0.269091 0.174883 0.0851228 0.0156168 0.0455208 0.0616019 0.348164 
0.125402 0.127419 0.0455313 0.591777 0.0290989 0.0672654 0.0135062 
0.112717 0.0729569 0.138669 0.18415 0.141383 0.110351 0.239773 
0.193767 0.113397 0.167152 0.103513 0.226071 0.102394 0.0937064 
0.153329 0.16976 0.149439 0.0896515 0.243287 0.10935 0.0851831 
0.19382 0.695275 0.00341072 0.0260183 0.00428414 0.023322 0.0538696 
0.243589 0.0903694 0.0285602 0.210314 0.150657 0.136959 0.139551 
0.0702444 0.0598284 0.0225363 0.151952 0.102083 0.282798 0.310558 
0.217307 0.0156495 0.002882 0.318757 0.00759833 0.0406118 0.397194 
0.084855 0.108024 0.230116 0.250693 0.213848 0.0579735 0.0544901 
0.221162 0.0876407 0.0355468 0.0567032 0.123438 0.133314 0.342195 
0.202246 0.271547 0.0708936 0.237832 0.0621649 0.016014 0.139302 
0.237444 0.0612689 0.127031 0.183883 0.160107 0.117088 0.113178 
0.102425 0.196698 0.0396676 0.136447 0.103494 0.26796 0.153309 
0.10829 0.206466 0.048171 0.0527118 0.100724 0.0744813 0.409155 
0.101151 0.100131 0.0589394 0.0663619 0.370415 0.0974177 0.205584 
0.173265 0.100331 0.0831744 0.081837 0.145023 0.146956 0.269414 
0.0817155 0.168 0.234146 0.186569 0.128841 0.112898 0.0878298 
0.233278 0.113224 0.119149 0.117023 0.130567 0.111309 0.175449 
0.116824 0.196577 0.13142 0.0810242 0.0938293 0.281037 0.0992879 
0.227821 0.137749 0.153304 0.105223 0.137614 0.121954 0.116335 
0.313653 0.0626897 0.119399 0.166947 0.19752 0.075971 0.0638206 
0.305832 0.0724998 0.169746 0.122982 0.192481 0.0856575 0.0508025 
0.100805 0.212327 0.0969462 0.0722652 0.17615 0.178512 0.162995 
0.236927 0.088386 0.270617 0.0823062 0.138241 0.0991318 0.0843909 
0.173593 0.114959 0.0337931 0.119062 0.342391 0.138577 0.077625 
0.148956 0.183291 0.163328 0.105219 0.056809 0.236082 0.106315 
0.0612893 0.2851 0.0531435 0.112411 0.145406 0.193407 0.149243 
0.169023 0.00969988 0.129219 0.000723815 0.0687374 0.603362 0.0192354 
0.115582 0.158974 0.0989933 0.174764 0.155826 0.226804 0.0690567 
0.141478 0.137969 0.15818 0.147373 0.138432 0.141452 0.135115 
0.193161 0.27231 0.0550863 0.127395 0.171199 0.0623438 0.118506 
0.109525 0.107078 0.262734 0.236817 0.13534 0.078307 0.0701997 
0.123157 0.236667 0.146769 0.0697268 0.183943 0.11183 0.127907 
0.296553 0.0855601 0.165611 0.0894521 0.0969098 0.115269 0.150645 
0.159715 0.224153 0.0129164 0.304604 0.170997 0.0365129 0.0911021 
0.120801 0.112262 0.0561033 0.214104 0.270139 0.155836 0.0707547 
0.0712357 0.178955 0.287013 0.129008 0.098521 0.124464 0.110804 
0.273508 0.0994823 0.0502291 0.0708905 0.0719993 0.237852 0.196039 
0.123359 0.105021 0.0835152 0.145266 0.330271 0.124178 0.0883893 
0.234622 0.194091 0.104766 0.0620952 0.168243 0.0737125 0.162471 
0.0987579 0.154425 0.191325 0.133913 0.35487 0.000851205 0.0658586 
0.303479 0.0819101 0.0108463 0.0477059 0.0121482 0.45851 0.0854003 
0.115752 0.0484333 0.0547537 0.0649919 0.367601 0.0808526 0.267616 
0.0574747 0.221367 0.108972 0.432772 0.0535869 0.08896 0.0368676 
0.375722 0.077395 0.105078 0.137092 0.066123 0.205302 0.0332878 
0.113618 0.177288 0.0820062 0.264772 0.108221 0.153776 0.100319 
0.0726346 0.152474 0.205099 0.166667 0.095414 0.0865641 0.221147 
0.16773 0.0839543 0.0662773 0.217289 0.1662 0.111853 0.186697 
0.138881 0.148908 0.130841 0.093926 0.178889 0.144492 0.164063 
0.0390452 0.0847097 0.0960897 0.145017 0.308149 0.15511 0.171878 
0.278048 0.11431 0.0751135 0.117584 0.148332 0.101 0.165613 
0.0756937 0.319954 0.111274 0.130683 0.110779 0.153838 0.0977768 
0.104079 0.164717 0.0637986 0.10547 0.336904 0.0741334 0.150899 
0.233587 0.152785 0.118909 0.119585 0.0905177 0.110557 0.174059 
0.234458 0.151208 0.142134 0.100021 0.111669 0.110031 0.15048 
0.224818 0.155488 0.202921 0.209054 0.0332546 0.144472 0.0299914 
0.164972 0.214386 0.12495 0.0717665 0.265932 0.123269 0.0347254 
0.187936 0.113064 0.104921 0.0742554 0.226749 0.113577 0.179498 
0.153985 0.19488 0.0428741 0.195975 0.0950711 0.153043 0.164171 
0.163845 0.187436 0.083103 0.0587444 0.135827 0.096475 0.27457 
0.118197 0.147725 0.210293 0.0964472 0.185901 0.123997 0.117439 
0.172696 0.205679 0.191104 0.0554668 0.159178 0.146892 0.068983 
0.136264 0.230981 0.0938241 0.203433 0.0457493 0.157344 0.132405 
0.150139 0.21613 0.134951 0.165191 0.0868728 0.156933 0.0897834 
0.453004 0.0556419 0.0883447 0.0427061 0.102654 0.148844 0.108805 
0.120539 0.196257 0.103301 0.130758 0.0739358 0.149947 0.225262 
0.124076 0.231365 0.129012 0.179071 0.0653808 0.153688 0.117407 
0.0665137 0.137628 0.148256 0.184762 0.152692 0.224231 0.085918 
0.0501901 0.137257 0.126021 0.0821831 0.352323 0.129231 0.122796 
0.125113 0.281713 0.19467 0.0875394 0.107763 0.141173 0.0620295 
0.171657 0.243802 0.08828 0.145244 0.0658736 0.0741669 0.210976 
0.105846 0.126342 0.0769507 0.303 0.157291 0.160453 0.0701181 
0.110542 0.0484002 0.0574088 0.259376 0.135661 0.116538 0.272075 
0.104638 0.0953668 0.211883 0.187325 0.0978828 0.15025 0.152654 
0.0967502 0.161885 0.0324379 0.124204 0.327634 0.106181 0.150908 
0.225642 0.26451 0.194148 0.109493 0.0363323 0.131422 0.0384534 
0.0947581 0.353572 0.0440521 0.0952 0.119443 0.194178 0.0987975 
0.135014 0.173821 0.0557346 0.257334 0.110202 0.135855 0.13204 
0.107041 0.189486 0.0468383 0.168604 0.121341 0.185421 0.181269 
0.0288561 0.0274312 0.325572 0.200779 0.043864 0.212034 0.161463 
0.180129 0.101703 0.109248 0.140401 0.141162 0.0791631 0.248193 
0.186125 0.0848118 0.0896224 0.173442 0.0801298 0.121433 0.264435 
0.105234 0.0394369 0.0897252 0.189312 0.108812 0.214866 0.252613 
0.0855841 0.0311449 0.0363507 0.0298788 0.0939802 0.194167 0.528894 
0.117571 0.378581 0.159723 0.123378 0.0511735 0.0940276 0.0755454 
0.131593 0.129505 0.118446 0.142124 0.118442 0.129924 0.229967 
0.0564382 0.213962 0.0880084 0.0494186 0.262784 0.164006 0.165383 
0.313966 0.158847 0.0314385 0.0847838 0.0953352 0.227191 0.0884393 
0.0863577 0.156618 0.120013 0.0756045 0.164788 0.292023 0.104596 
0.0747301 0.219364 0.0869438 0.136662 0.0778316 0.300437 0.104032 
0.0844228 0.460879 0.0758831 0.0868316 0.149215 0.0730198 0.0697486 
0.0195892 0.34375 0.0607102 0.0382496 0.382559 0.0726059 0.0825359 
0.0884403 0.169738 0.0792134 0.218691 0.0676164 0.26305 0.113251 
0.0890246 0.193069 0.125436 0.0821209 0.126318 0.16283 0.221202 
0.142787 0.150579 0.158168 0.0974889 0.199435 0.194353 0.0571891 
0.110152 0.322812 0.1442 0.171031 0.0257933 0.192036 0.0339761 
0.252812 0.214341 0.152955 0.131801 0.0676915 0.0985919 0.0818071 
0.161925 0.0815463 0.124243 0.273362 0.144651 0.103141 0.111132 
0.154592 0.105239 0.210481 0.283395 0.0662288 0.136938 0.0431262 
0.213061 0.0693992 0.104005 0.0981692 0.0784058 0.351583 0.085377 
0.275122 0.142619 0.125598 0.104545 0.0762785 0.0525623 0.223276 
0.105826 0.12836 0.170739 0.167773 0.111399 0.156683 0.15922 
0.145706 0.158201 0.174757 0.254642 0.0295021 0.184649 0.0525438 
0.154512 0.109017 0.33848 0.035842 0.104931 0.107638 0.149581 
0.23014 0.136765 0.124476 0.159999 0.109627 0.11525 0.123742 
0.074595 0.167976 0.137504 0.0919618 0.211612 0.13161 0.184742 
0.164486 0.0234782 0.0183303 0.43853 0.0410586 0.217588 0.0965288 
0.106123 0.129238 0.235383 0.045363 0.219752 0.110583 0.153559 
0.207747 0.14875 0.125893 0.133488 0.0854973 0.156205 0.142419 
0.237273 0.140785 0.221221 0.10675 0.0909846 0.123911 0.0790749 
0.246907 0.0587213 0.0982241 0.179098 0.0893236 0.149032 0.178694 
0.175472 0.122413 0.124909 0.202031 0.105997 0.208429 0.0607482 
0.0705929 0.289646 0.0924219 0.0678537 0.246503 0.0694474 0.163535 
0.258572 0.0716634 0.0838768 0.210514 0.0968162 0.155607 0.12295 
0.0773722 0.100401 0.0917186 0.159988 0.355562 0.105614 0.109345 
0.105088 0.22729 0.0440386 0.184116 0.150307 0.190111 0.09905 
0.243935 0.137473 0.204712 0.296019 0.0482088 0.0389703 0.0306815 
0.0885401 0.243438 0.118123 0.23995 0.108435 0.107172 0.0943437 
0.0929023 0.158898 0.0822669 0.0885785 0.137493 0.288364 0.151497 
0.0407593 0.355196 0.228957 0.0419682 0.113269 0.174012 0.0458396 
0.118997 0.152698 0.109493 0.128695 0.246793 0.115718 0.127606 
0.147485 0.148718 0.0934064 0.233256 0.0730235 0.156686 0.147425 
0.135801 0.0691504 0.159262 0.190493 0.196472 0.119553 0.129269 
0.0492146 0.138145 0.265405 0.174657 0.0521211 0.105085 0.215373 
0.168816 0.136482 0.326439 0.243186 0.0338189 0.0488464 0.0424126 
0.151822 0.129827 0.164748 0.20609 0.0847098 0.0847028 0.1781 
0.177793 0.358283 0.184467 0.0279971 0.108018 0.0595838 0.0838584 
0.216005 0.285311 0.184058 0.082374 0.0320392 0.151579 0.0486331 
0.108944 0.196683 0.093754 0.155765 0.131721 0.169724 0.143409 
0.0707902 0.109356 0.132686 0.0652136 0.25771 0.196636 0.167608 
0.0967017 0.118938 0.139001 0.199495 0.109431 0.154701 0.181732 
0.0814244 0.027006 0.492232 0.133559 0.147246 0.0541858 0.0643472 
0.0391952 0.120679 0.334292 0.136193 0.0822553 0.208351 0.0790341 
0.135116 0.16253 0.0584341 0.165805 0.153375 0.150892 0.173848 
0.136093 0.15447 0.137727 0.141818 0.200569 0.140792 0.0885305 
0.0694536 0.196313 0.0631387 0.212884 0.198088 0.0967169 0.163405 
0.0826218 0.114284 0.136945 0.105256 0.298144 0.107498 0.155251 
0.151994 0.233292 0.0739638 0.1183 0.0896545 0.153802 0.178994 
0.17919 0.122052 0.137137 0.0869338 0.187128 0.0929176 0.194641 
0.148004 0.166068 0.0972497 0.171971 0.0872364 0.192899 0.136571 
0.182937 0.213797 0.123451 0.150059 0.138585 0.12611 0.0650608 
0.189207 0.133966 0.20864 0.156895 0.127238 0.0867195 0.0973351 
0.111683 0.148771 0.178943 0.102237 0.185429 0.113802 0.159136 
0.0652447 0.173407 0.169085 0.0353528 0.302055 0.134437 0.120419 
0.0693931 0.203665 0.156728 0.200567 0.0669687 0.125905 0.176774 
0.289026 0.141476 0.138667 0.0894089 0.0616848 0.120607 0.15913 
0.147627 0.158167 0.181663 0.114437 0.229379 0.111898 0.0568291 
0.142748 0.077435 0.0577011 0.314687 0.274799 0.0959838 0.0366466 
0.10207 0.0366914 0.345448 0.113231 0.185858 0.161345 0.0553564 
0.212393 0.100138 0.137464 0.118905 0.0956616 0.299649 0.0357899 
0.200925 0.123405 0.187131 0.0713626 0.112268 0.152069 0.152839 
0.210778 0.312954 0.00677976 0.0067924 0.00680283 0.142786 0.313107 
0.180396 0.10518 0.312709 0.0324204 0.150573 0.0995792 0.119142 
0.0769116 0.276514 0.17833 0.255814 0.0848472 0.0799027 0.0476804 
0.128931 0.13051 0.239163 0.146337 0.0913665 0.189648 0.0740446 
0.115234 0.14739 0.103006 0.103537 0.24322 0.176707 0.110906 
0.0981776 0.126355 0.139348 0.196846 0.133627 0.119746 0.185901 
0.191523 0.168575 0.0531147 0.0942363 0.268755 0.129375 0.0944213 
0.157074 0.122425 0.230576 0.0920515 0.115597 0.0541581 0.228118 
0.17382 0.203863 0.0444774 0.127022 0.121778 0.0998549 0.229185 
0.228862 0.120669 0.0926368 0.0743295 0.16891 0.0820049 0.232588 
0.155924 0.122847 0.10656 0.0889383 0.162889 0.107258 0.255584 
0.103409 0.161498 0.13125 0.164014 0.131813 0.169608 0.138408 
0.0956766 0.160433 0.196332 0.222316 0.100668 0.109926 0.114648 
0.324639 0.0758209 0.300533 0.0582569 0.0963989 0.0134293 0.130921 
0.11382 0.140097 0.234379 0.0671053 0.216657 0.129346 0.0985959 
0.109435 0.0758348 0.123285 0.0603814 0.153625 0.119967 0.357472 
0.142993 0.226898 0.0842366 0.125292 0.13457 0.149673 0.136338 
0.23645 0.195562 0.0752205 0.0576435 0.106022 0.203478 0.125624 
0.164548 0.122318 0.108698 0.0466693 0.197179 0.218448 0.14214 
0.243724 0.0586023 0.216724 0.110374 0.0318373 0.185222 0.153516 
0.590915 0.0410876 0.0909224 0.158149 0.0177026 0.045044 0.0561789 
0.437277 0.031122 0.0740806 0.302955 0.0139978 0.0877175 0.0528497 
0.19514 0.113844 0.205443 0.126192 0.101408 0.183425 0.0745483 
0.129655 0.156783 0.0839004 0.232677 0.126723 0.138724 0.131539 
0.0494942 0.0629646 0.316439 0.134857 0.0968394 0.227816 0.11159 
0.282527 0.156008 0.10877 0.0953608 0.114945 0.141258 0.101132 
0.0823574 0.217782 0.250485 0.0812561 0.143282 0.130656 0.0941817 
0.0856545 0.106173 0.176532 0.134959 0.0749728 0.193504 0.228205 
0.214582 0.0841986 0.0369801 0.130422 0.0552627 0.331026 0.147529 
0.239219 0.0311164 0.0918028 0.262677 0.0449147 0.101637 0.228633 
0.156815 0.0171155 0.0375526 0.141002 0.0523142 0.129745 0.465456 
0.0802527 0.403879 0.144743 0.1414 0.0772527 0.10472 0.047753 
0.0729706 0.375186 0.162828 0.12809 0.125078 0.0900942 0.045753 
0.226349 0.104833 0.060336 0.140106 0.143481 0.28633 0.0385658 
0.0712229 0.26529 0.0890193 0.173201 0.108983 0.0536324 0.238652 
0.113489 0.167518 0.0414108 0.247203 0.0679398 0.245489 0.11695 
0.157852 0.047753 0.0925742 0.391703 0.101765 0.0651666 0.143187 
0.294293 0.144187 0.0427917 0.196316 0.134526 0.124711 0.0631763 
0.171348 0.165165 0.165282 0.131414 0.176365 0.0517717 0.138656 
0.107125 0.156123 0.224811 0.0790446 0.107435 0.202263 0.123199 
0.0541325 0.0814526 0.082228 0.417738 0.142914 0.188141 0.0333945 
0.130261 0.0664134 0.222083 0.0937922 0.216312 0.179546 0.091592 
0.0717602 0.140085 0.241183 0.235647 0.042975 0.161999 0.10635 
0.0539906 0.194287 0.0336865 0.302991 0.138404 0.141227 0.135415 
0.231694 0.10334 0.0655126 0.0364485 0.209516 0.195642 0.157847 
0.138234 0.104418 0.0631986 0.11724 0.15901 0.284204 0.133695 
0.107725 0.0716204 0.203319 0.105964 0.32971 0.0939381 0.0877241 
0.192895 0.129052 0.179582 0.115231 0.157022 0.107794 0.118425 
0.239354 0.12044 0.126573 0.165662 0.160017 0.0933891 0.0945646 
0.136633 0.237059 0.163693 0.0835712 0.0857712 0.121302 0.17197 
0.163264 0.23634 0.0303402 0.199031 0.0597863 0.142807 0.168433 
0.20014 0.18657 0.258095 0.0562416 0.0925595 0.117145 0.0892491 
0.158891 0.226038 0.0691268 0.0770177 0.243718 0.0953073 0.129901 
0.331115 0.117888 0.113866 0.0642495 0.147122 0.102814 0.122946 
0.11066 0.147763 0.167409 0.117016 0.104771 0.115105 0.237275 
0.163264 0.23634 0.0303402 0.199031 0.0597863 0.142807 0.168433 
0.0336358 0.337604 0.0822254 0.116674 0.24434 0.124941 0.0605797 
0.163264 0.23634 0.0303402 0.199031 0.0597863 0.142807 0.168433 
0.164327 0.302423 0.0365877 0.167801 0.114591 0.0718976 0.142372 
0.206887 0.198693 0.0249692 0.214337 0.120339 0.108986 0.125789 
0.123495 0.458186 0.0664756 0.0456612 0.131364 0.087693 0.0871257 
0.0424347 0.132203 0.401819 0.103326 0.0988068 0.0734186 0.147993 
0.2015 0.24035 0.0824552 0.0722748 0.158787 0.123856 0.120776 
0.151587 0.0927274 0.0901289 0.100447 0.162691 0.127778 0.274642 
0.0214026 0.0481193 0.314998 0.0989028 0.165373 0.301358 0.0498462 
0.211371 0.228256 0.130701 0.0934536 0.11654 0.138466 0.0812128 
0.114546 0.0656518 0.145779 0.135335 0.0953132 0.357485 0.0858893 
0.0736929 0.0896657 0.164741 0.0895944 0.402056 0.122238 0.058012 
0.180556 0.378956 0.0631541 0.0557773 0.079054 0.0955917 0.146911 
0.121651 0.158844 0.100472 0.320527 0.142816 0.090787 0.0649028 
0.13492 0.219151 0.114861 0.0819911 0.247528 0.0531473 0.148402 
0.170558 0.247776 0.085942 0.0471561 0.212095 0.0919649 0.144508 
0.160891 0.199314 0.149798 0.160408 0.0782458 0.16157 0.0897738 
0.135304 0.0805494 0.0343678 0.0603648 0.138196 0.230193 0.321025 
0.125071 0.134819 0.207438 0.110671 0.114992 0.142238 0.164772 
0.135634 0.136136 0.112891 0.255694 0.10629 0.104664 0.148692 
0.213527 0.06068 0.172569 0.0606031 0.225744 0.207494 0.059382 
0.0387537 0.159487 0.0933661 0.321623 0.203809 0.124493 0.0584691 
0.322462 0.0429615 0.0742319 0.18208 0.189554 0.153094 0.035617 
0.099725 0.114053 0.177466 0.0921321 0.123576 0.257007 0.136041 
0.0537724 0.0990977 0.136911 0.0758535 0.172219 0.220863 0.241283 
0.182974 0.0379663 0.291244 0.137758 0.0872897 0.199406 0.063362 
0.138582 0.124271 0.181062 0.0625225 0.177757 0.167966 0.147839 
0.179676 0.137938 0.143669 0.149657 0.114042 0.103165 0.171854 
0.17889 0.130612 0.162212 0.0737303 0.0739735 0.196719 0.183863 
0.028936 0.0736905 0.0844255 0.0200801 0.534346 0.110118 0.148404 
0.381766 0.0523117 0.116567 0.107504 0.103697 0.169933 0.068221 
0.168438 0.187675 0.0912706 0.150447 0.282276 0.0225283 0.0973644 
0.13782 0.44728 0.165517 0.0700228 0.0712014 0.0316692 0.0764888 
0.165373 0.132748 0.0280984 0.1544 0.0893385 0.0843548 0.345688 
0.158402 0.217207 0.0415816 0.0891822 0.135781 0.249883 0.107964 
0.114336 0.188608 0.103152 0.165288 0.117738 0.185379 0.125499 
0.0680869 0.150796 0.0456157 0.506665 0.0606615 0.0814838 0.0866909 
0.130652 0.0771579 0.137381 0.080611 0.315855 0.135574 0.122769 
0.0963783 0.117176 0.133894 0.235192 0.134052 0.208294 0.0750142 
0.0169843 0.286597 0.0541381 0.552404 0.0101884 0.012886 0.0668019 
0.089501 0.105291 0.17956 0.0740945 0.0902464 0.21255 0.248757 
0.0978775 0.139708 0.122252 0.0753765 0.292253 0.154978 0.117555 
0.0662241 0.0971323 0.289456 0.117835 0.170414 0.138223 0.120715 
0.0929403 0.100523 0.0593939 0.163689 0.204071 0.146892 0.232491 
0.104309 0.259577 0.130489 0.1073 0.130768 0.121337 0.14622 
0.0845865 0.142655 0.124415 0.133408 0.115995 0.357363 0.0415766 
0.117537 0.136931 0.1322 0.170344 0.154808 0.115053 0.173127 
0.19699 0.0967971 0.0685332 0.323525 0.0816026 0.117542 0.115009 
0.0207287 0.203358 0.0431195 0.0713305 0.206858 0.0415397 0.413066 
0.0503464 0.389172 0.088707 0.114731 0.145424 0.0551533 0.156467 
0.11603 0.0259196 0.347297 0.0679514 0.0755343 0.150984 0.216285 
0.158402 0.217207 0.0415816 0.0891822 0.135781 0.249883 0.107964 
0.0535219 0.107748 0.133942 0.234051 0.234736 0.134257 0.101744 
0.113114 0.143545 0.216833 0.123409 0.204872 0.0869375 0.11129 
0.0817746 0.094432 0.127481 0.0985798 0.076064 0.404442 0.117227 
0.0959513 0.143586 0.0774493 0.135868 0.127422 0.204988 0.214735 
0.109362 0.0485369 0.162668 0.094068 0.14438 0.326724 0.114261 
0.149571 0.142571 0.0927436 0.0557887 0.11514 0.134535 0.309651 
0.166471 0.235398 0.0724341 0.10314 0.113517 0.1371 0.171939 
0.0559544 0.467515 0.139616 0.0944667 0.0760134 0.0661555 0.100279 
0.230569 0.132505 0.044192 0.172606 0.0876699 0.276899 0.0555595 
0.0584002 0.517878 0.0884201 0.101471 0.0862325 0.0436473 0.103951 
0.123301 0.168201 0.127798 0.229338 0.0398494 0.121011 0.190501 
0.150088 0.27256 0.0921471 0.0878271 0.115125 0.176393 0.10586 
0.149707 0.194934 0.10815 0.190092 0.0874519 0.15273 0.116935 
0.0487019 0.0366877 0.235618 0.278802 0.036256 0.184415 0.17952 
0.17808 0.26319 0.0738217 0.0750332 0.233216 0.0713316 0.105328 
0.18265 0.143656 0.162915 0.0736838 0.190651 0.147336 0.0991082 
0.127127 0.127944 0.0730438 0.0749577 0.312125 0.108948 0.175855 
0.10066 0.171672 0.112481 0.140934 0.210431 0.175701 0.0881212 
0.0868625 0.0803394 0.0800211 0.206477 0.185706 0.186713 0.173881 
0.12583 0.144084 0.278619 0.10752 0.0422402 0.0960618 0.205645 
0.120667 0.0810037 0.194193 0.106498 0.249083 0.101807 0.146749 
0.169112 0.205848 0.102869 0.157456 0.0349721 0.231654 0.0980874 
0.383715 0.0351134 0.00138818 0.228537 0.0433317 0.202139 0.105776 
0.166608 0.387202 0.0828486 0.235278 0.0185348 0.0681285 0.0413997 
0.0584788 0.0692456 0.18027 0.19706 0.321679 0.00118625 0.17208 
0.0711531 0.0626727 0.420214 0.185876 0.0488254 0.0521589 0.1591 
0.106519 0.155046 0.230118 0.118628 0.1282 0.133149 0.128341 
0.0683773 0.104848 0.0514554 0.125611 0.199249 0.0408982 0.409562 
0.0867417 0.100765 0.274654 0.165849 0.141197 0.150415 0.0803784 
0.0754848 0.111103 0.238756 0.128201 0.215889 0.122226 0.10834 
0.107549 0.233916 0.140323 0.244959 0.104223 0.0825304 0.0864992 
0.0795602 0.110259 0.158645 0.168247 0.282707 0.1227 0.0778828 
0.0321769 0.198136 0.133684 0.213578 0.165926 0.181473 0.0750268 
0.238458 0.0867314 0.118148 0.224991 0.141988 0.109431 0.0802516 
0.0632235 0.189319 0.0398453 0.521053 0.0548187 0.0688731 0.0628671 
0.0818637 0.224406 0.145481 0.208717 0.138458 0.138861 0.0622138 
0.159612 0.035522 0.297829 0.160636 0.0773367 0.213725 0.0553398 
0.0593193 0.0940479 0.102956 0.15588 0.297923 0.102276 0.187598 
0.0988625 0.0725841 0.230589 0.102166 0.110064 0.0696815 0.316053 
0.121892 0.260973 0.149511 0.0745183 0.0792097 0.177685 0.136211 
0.0932938 0.111305 0.102 0.3223 0.0807808 0.182685 0.107635 
0.0342237 0.0385313 0.240858 0.278887 0.346425 0.0440699 0.0170048 
0.0725059 0.199025 0.100816 0.172886 0.172828 0.165238 0.116701 
0.0801328 0.0160802 0.257104 0.0525589 0.136726 0.405307 0.0520911 
0.111035 0.182418 0.0608142 0.18755 0.149738 0.211552 0.0968923 
0.130692 0.274905 0.197718 0.127779 0.0670672 0.142286 0.0595542 
0.0947252 0.257251 0.133902 0.124052 0.0766624 0.139435 0.173972 
0.225788 0.223912 0.0951132 0.068676 0.168422 0.0626898 0.155399 
0.106562 0.177868 0.150108 0.133351 0.099198 0.149975 0.182938 
0.12972 0.210276 0.160086 0.14058 0.193595 0.0538986 0.111844 
0.0866528 0.164524 0.194197 0.0887798 0.0838175 0.277103 0.104926 
0.0992862 0.236311 0.249571 0.081666 0.127819 0.153436 0.0519103 
0.14059 0.131171 0.11341 0.0590501 0.198683 0.163591 0.193506 
0.0392493 0.0901575 0.177464 0.2591 0.218876 0.131601 0.0835532 
0.0704017 0.135865 0.0924635 0.135274 0.219566 0.163806 0.182623 
0.147454 0.0801708 0.148334 0.108312 0.269238 0.122028 0.124463 
0.162979 0.154181 0.236676 0.112085 0.109916 0.165314 0.0588495 
0.063555 0.323507 0.125698 0.173585 0.100453 0.13524 0.0779622 
0.235934 0.148411 0.127944 0.0697085 0.113503 0.184916 0.119582 
0.0744565 0.26809 0.0447636 0.0882059 0.177208 0.226035 0.121241 
0.0944445 0.172791 0.367067 0.202671 0.125749 0.00683961 0.030437 
0.138374 0.116263 0.0591887 0.089326 0.276418 0.123857 0.196573 
0.227775 0.0706535 0.0878907 0.0932517 0.118008 0.091442 0.310979 
0.0972294 0.214154 0.0805984 0.1503 0.0740899 0.29087 0.0927586 
0.0722008 0.0866371 0.242075 0.142431 0.027011 0.198721 0.230924 
0.122502 0.185899 0.103742 0.2576 0.211635 0.0737381 0.0448849 
0.107266 0.256401 0.063633 0.185755 0.212233 0.0874587 0.0872532 
0.0913103 0.173461 0.178386 0.0927914 0.19694 0.112583 0.154528 
0.115878 0.08041 0.121583 0.075379 0.2436 0.131592 0.231558 
0.199591 0.0743901 0.156313 0.208308 0.0742732 0.0777724 0.209353 
0.0413948 0.10179 0.123973 0.104268 0.315393 0.122563 0.190619 
0.0667461 0.227864 0.0661206 0.227125 0.116809 0.112895 0.182441 
0.057629 0.141591 0.0402428 0.118051 0.261271 0.359028 0.022187 
0.147751 0.136523 0.114297 0.286999 0.151421 0.103676 0.059333 
0.194378 0.173929 0.190477 0.109137 0.177684 0.0726079 0.0817873 
0.0858618 0.0596254 0.0587844 0.307376 0.0932883 0.316187 0.0788778 
0.200607 0.156654 0.0576547 0.16595 0.163419 0.14075 0.114965 
0.0907271 0.0710123 0.117463 0.323193 0.17488 0.181724 0.0410018 
0.137664 0.100061 0.105489 0.11113 0.129788 0.276299 0.13957 
0.183101 0.0913181 0.148698 0.0233471 0.097635 0.254869 0.201032 
0.193231 0.0846941 0.147485 0.0792945 0.245021 0.101808 0.148467 
0.0716211 0.12144 0.221377 0.206302 0.0962461 0.153217 0.129796 
0.139361 0.202265 0.170477 0.141329 0.0413648 0.10884 0.196363 
0.0965758 0.263803 0.131053 0.058195 0.11115 0.101933 0.23729 
0.124477 0.206973 0.057143 0.322854 0.0782235 0.0685132 0.141817 
0.0702927 0.0595722 0.225135 0.268374 0.047667 0.165769 0.163191 
0.368158 0.129969 0.0907187 0.0990296 0.0748778 0.175476 0.0617712 
0.147889 0.195069 0.0738093 0.0746023 0.160727 0.100902 0.247002 
0.195012 0.140981 0.112934 0.154825 0.13654 0.109177 0.150531 
0.106639 0.115876 0.0858523 0.204113 0.228944 0.116054 0.142522 
0.250018 0.0376885 0.117745 0.264456 0.0464744 0.199001 0.0846173 
0.184278 0.0294444 0.108371 0.156692 0.0875206 0.349405 0.0842888 
0.112916 0.172789 0.218824 0.0416793 0.210867 0.195197 0.0477279 
0.111579 0.0674589 0.115958 0.218544 0.143224 0.127527 0.215709 
0.105524 0.065392 0.115497 0.230463 0.125567 0.133558 0.223997 
0.0698524 0.129259 0.304733 0.0910866 0.116271 0.144251 0.144548 
0.134556 0.102154 0.106409 0.167217 0.167454 0.123811 0.1984 
0.322948 0.0730517 0.156462 0.0675964 0.047961 0.0934995 0.238481 
0.0510682 0.366507 0.0440496 0.335805 0.0365895 0.123303 0.0426776 
0.12287 0.195831 0.177469 0.0548381 0.0806114 0.270594 0.0977855 
0.0290084 0.109479 0.390299 0.00841374 0.17654 0.0365161 0.249744 
0.0566987 0.203746 0.110768 0.159802 0.0935942 0.247699 0.127693 
0.265049 0.126878 0.108845 0.136117 0.137226 0.167408 0.0584772 
0.145586 0.143606 0.188301 0.0759737 0.220932 0.120705 0.104897 
0.101482 0.12578 0.111367 0.196833 0.194603 0.13153 0.138404 
0.199981 0.152188 0.0781923 0.153377 0.262972 0.0701086 0.083181 
0.100692 0.0905878 0.225609 0.102789 0.146403 0.114152 0.219767 
0.216241 0.256692 0.107796 0.106637 0.0598949 0.142687 0.110051 
0.0726127 0.256073 0.073719 0.0982728 0.0618042 0.321222 0.116296 
0.093377 0.114372 0.0702943 0.212075 0.125184 0.203938 0.18076 
0.1014 0.105987 0.067729 0.132263 0.292566 0.194258 0.105798 
0.0932368 0.108878 0.0966726 0.107625 0.273958 0.16534 0.15429 
0.116227 0.180448 0.191092 0.141383 0.12901 0.09916 0.142679 
0.163264 0.23634 0.0303402 0.199031 0.0597863 0.142807 0.168433 
0.109977 0.144394 0.113817 0.128476 0.223524 0.154096 0.125716 
0.100391 0.168432 0.224807 0.0898891 0.224966 0.0597327 0.131781 
0.109479 0.190877 0.136939 0.159298 0.137373 0.149471 0.116563 
0.130776 0.0712304 0.116748 0.076273 0.203385 0.213403 0.188184 
0.135917 0.274164 0.102648 0.140274 0.0939846 0.111104 0.141908 
0.0445163 0.155413 0.203232 0.29019 0.18563 0.03395 0.087069 
0.0676447 0.088692 0.0451021 0.292803 0.0960977 0.243255 0.166405 
0.214885 0.140256 0.147479 0.11267 0.115745 0.19038 0.0785844 
0.214016 0.171889 0.103895 0.0867616 0.121286 0.0286645 0.273489 
0.154627 0.330587 0.0772878 0.0548389 0.103775 0.160246 0.118639 
0.182262 0.134783 0.151506 0.122293 0.176219 0.0865114 0.146427 
0.180731 0.135247 0.108532 0.0713963 0.185362 0.156026 0.162706 
0.0510024 0.0706723 0.173082 0.0798139 0.396849 0.0717246 0.156857 
0.0808505 0.178773 0.0940409 0.125938 0.213919 0.213718 0.0927611 
0.0529975 0.0988801 0.130493 0.269343 0.173707 0.125084 0.149496 
0.0455989 0.107999 0.166096 0.103276 0.163425 0.123295 0.290309 
0.0811947 0.0877249 0.0742039 0.100566 0.217715 0.155924 0.282672 
0.0779484 0.0991829 0.143351 0.0687361 0.122761 0.164679 0.323342 
0.124221 0.0260027 0.101469 0.259087 0.27507 0.156207 0.0579438 
0.146847 0.106428 0.306002 0.103816 0.131493 0.118202 0.087211 
0.195123 0.0736458 0.0610874 0.321114 0.0551057 0.154446 0.139478 
0.267365 0.0871999 0.0111063 0.0383293 0.187551 0.383331 0.0251163 
0.157202 0.160142 0.104439 0.145457 0.130765 0.151909 0.150087 
0.0957641 0.162363 0.103907 0.0997958 0.157523 0.216853 0.163794 
0.114666 0.188674 0.120951 0.17285 0.167675 0.117013 0.118171 
0.062239 0.0976443 0.140268 0.210869 0.0817353 0.241798 0.165446 
0.0811202 0.339602 0.0468014 0.137969 0.0781053 0.287302 0.0291001 
0.145527 0.231493 0.085696 0.174101 0.0545258 0.232216 0.0764403 
0.0805186 0.219885 0.0910828 0.155211 0.0703682 0.309278 0.0736565 
0.15297 0.105257 0.153664 0.104557 0.140988 0.231656 0.110908 
0.166218 0.117961 0.232566 0.186626 0.120869 0.113157 0.0626029 
0.163141 0.15362 0.118453 0.194806 0.140206 0.0755626 0.154212 
0.18055 0.134747 0.172988 0.17474 0.129618 0.125262 0.0820937 
0.211835 0.112128 0.0986099 0.0922828 0.197985 0.156095 0.131064 
0.114973 0.210287 0.153332 0.122468 0.117634 0.116184 0.165121 
0.121904 0.138338 0.0867975 0.0903317 0.145492 0.243633 0.173503 
0.151414 0.230686 0.0556915 0.0915806 0.180572 0.0870953 0.202961 
0.125686 0.0573222 0.108498 0.109255 0.296983 0.161728 0.140527 
0.00957918 0.013343 0.529767 0.0119945 0.00821141 0.00751338 0.419591 
0.105476 0.130066 0.115678 0.261591 0.1251 0.156811 0.105279 
0.0774701 0.0799102 0.204234 0.203117 0.061504 0.298761 0.0750037 
0.187889 0.161041 0.0894581 0.226981 0.182497 0.0507514 0.101382 
0.241183 0.110219 0.160013 0.069746 0.134312 0.114458 0.17007 
0.173385 0.111585 0.180523 0.130826 0.106749 0.103199 0.193735 
0.0495042 0.0705608 0.0273483 0.421043 0.0803662 0.284902 0.0662748 
0.31701 0.0556482 0.194412 0.059838 0.194817 0.0965338 0.0817406 
0.0994796 0.123653 0.226333 0.186909 0.12067 0.146671 0.0962835 
0.0193299 0.19228 0.327895 0.0807476 0.193044 0.0695939 0.11711 
0.265035 0.142262 0.0909955 0.0669748 0.13485 0.173977 0.125905 
0.139215 0.0997583 0.0859718 0.0432778 0.203716 0.0875387 0.340523 
0.200256 0.121046 0.142004 0.171035 0.150285 0.109558 0.105816 
0.130885 0.160595 0.184038 0.0492029 0.13054 0.216735 0.128004 
0.0959006 0.129813 0.10049 0.13216 0.289789 0.0945535 0.157294 
0.0868853 0.275025 0.0786151 0.264479 0.0413035 0.165982 0.0877097 
0.117492 0.263943 0.341071 0.0166741 0.0708323 0.0407467 0.149241 
0.151388 0.246327 0.163489 0.0987232 0.143348 0.140577 0.0561475 
0.279693 0.113217 0.147485 0.0640253 0.0743111 0.20148 0.119788 
0.0670418 0.0998014 0.153715 0.0963638 0.19369 0.203842 0.185546 
0.134876 0.156075 0.0900207 0.0306988 0.239446 0.057243 0.29164 
0.148909 0.150586 0.264621 0.126758 0.149131 0.0672489 0.0927465 
0.140645 0.153995 0.0733689 0.122817 0.179642 0.0860272 0.243505 
0.139286 0.0966593 0.0961114 0.0888166 0.115679 0.139507 0.323941 
0.0925902 0.0859042 0.187861 0.285399 0.151158 0.0550173 0.142071 
nan nan nan nan nan nan nan 
0.180742 0.154526 0.0900491 0.0920296 0.153391 0.119768 0.209494 
0.112163 0.0754789 0.0990525 0.0820616 0.270019 0.158949 0.202276 
0.115992 0.0907166 0.109272 0.0857788 0.0911008 0.409854 0.0972857 
0.191553 0.112787 0.0859906 0.417355 0.0234531 0.0982972 0.0705636 
0.207834 0.112728 0.071252 0.0662044 0.164016 0.195699 0.182265 
0.0606563 0.174255 0.18517 0.130541 0.121784 0.171427 0.156166 
0.350164 0.0571745 0.0669044 0.0940774 0.104656 0.100529 0.226495 
0.22393 0.0944155 0.283661 0.0391917 0.136104 0.119381 0.103316 
0.190218 0.0648395 0.145699 0.250625 0.0846832 0.0543686 0.209566 
0.284385 0.124068 0.0718332 0.0772891 0.1662 0.106078 0.170147 
0.071398 0.105846 0.302844 0.0726835 0.128746 0.250858 0.0676243 
0.130885 0.160595 0.184038 0.0492029 0.13054 0.216735 0.128004 
0.0647177 0.0319193 0.360757 0.0507548 0.290459 0.116675 0.0847181 
0.142386 0.233304 0.0934459 0.160549 0.100892 0.109683 0.15974 
0.0633635 0.119554 0.140274 0.0725593 0.180149 0.207471 0.21663 
0.0633635 0.119554 0.140274 0.0725593 0.180149 0.207471 0.21663 
0.0822785 0.0780662 0.229227 0.0970253 0.149996 0.220653 0.142754 
0.0893574 0.123631 0.202165 0.225265 0.157083 0.0790594 0.123439 
0.134262 0.172231 0.0958322 0.190996 0.157091 0.140808 0.10878 
0.208262 0.0482286 0.0780886 0.0718821 0.388844 0.0670081 0.137687 
0.240058 0.0935123 0.153914 0.0929269 0.15446 0.171661 0.0934679 
0.223348 0.134507 0.0699751 0.229976 0.0822769 0.0849307 0.174986 
0.0866864 0.141358 0.118251 0.256184 0.122816 0.169179 0.105525 
0.127762 0.156704 0.3716 0.0614602 0.0877018 0.0944569 0.100316 
0.0732105 0.0931926 0.3143 0.0870892 0.137144 0.124117 0.170946 
0.154122 0.094376 0.0975191 0.302663 0.111907 0.147507 0.0919064 
0.139135 0.128844 0.068855 0.266288 0.172819 0.0750969 0.148962 
0.069588 0.428841 0.0583709 0.103786 0.10677 0.0806303 0.152014 
0.292015 0.113049 0.123623 0.127622 0.132576 0.126362 0.0847527 
0.0606784 0.22156 0.158476 0.164059 0.159766 0.0982807 0.13718 
0.197119 0.196971 0.0991596 0.124081 0.113135 0.169906 0.0996282 
0.0663266 0.128758 0.201385 0.207962 0.0471552 0.19049 0.157923 
0.262234 0.063422 0.100983 0.123848 0.053446 0.246087 0.14998 
0.090391 0.316452 0.0343371 0.158289 0.034886 0.348997 0.016648 
0.115643 0.0600499 0.176907 0.297526 0.050841 0.212829 0.0862048 
0.088175 0.112437 0.0793126 0.185319 0.0733698 0.283491 0.177896 
0.105371 0.072389 0.217322 0.175424 0.220051 0.173399 0.0360433 
0.0684412 0.0887645 0.243383 0.292559 0.0719289 0.167066 0.067858 
nan nan nan nan nan nan nan 
0.241221 0.0763859 0.1149 0.0976102 0.227911 0.112047 0.129925 
0.114709 0.150134 0.0371511 0.183859 0.100927 0.138827 0.274393 
0.0950376 0.0474649 0.100299 0.387097 0.118524 0.0999084 0.151669 
0.241221 0.0763859 0.1149 0.0976102 0.227911 0.112047 0.129925 
0.132192 0.117425 0.0717348 0.0835649 0.295359 0.177115 0.12261 
0.132047 0.127892 0.0865204 0.0798055 0.298076 0.162263 0.113395 
0.0998327 0.112141 0.256933 0.129808 0.0981058 0.187994 0.115185 
0.0560455 0.0530137 0.085796 0.18414 0.298698 0.138057 0.18425 
0.0968117 0.110613 0.28968 0.175208 0.19365 0.10766 0.0263773 
0.097867 0.0834967 0.0254294 0.198317 0.347108 0.0992798 0.148502 
0.265795 0.0815811 0.0427701 0.0201148 0.0780268 0.288617 0.223095 
0.172099 0.197265 0.185679 0.110388 0.118996 0.109758 0.105815 
0.307682 0.0735362 0.121341 0.141791 0.145581 0.0879386 0.12213 
0.101127 0.12177 0.0974094 0.122198 0.167412 0.176106 0.213977 
0.135256 0.223252 0.125388 0.156982 0.0987734 0.173135 0.0872139 
0.128702 0.0766999 0.0721196 0.166693 0.125255 0.358735 0.0717948 
0.165049 0.248264 0.0700831 0.0715907 0.116936 0.168585 0.159492 
0.0674062 0.112527 0.166876 0.0781175 0.205531 0.126971 0.24257 
0.12069 0.101929 0.102877 0.130954 0.146731 0.204783 0.192036 
0.133389 0.156393 0.218048 0.0892033 0.0874351 0.214486 0.101045 
0.347244 0.12453 0.0787927 0.175008 0.0926468 0.0695873 0.112191 
0.0806544 0.169364 0.131326 0.10565 0.100826 0.297585 0.114595 
0.163498 0.220687 0.131767 0.116193 0.141143 0.143667 0.0830451 
0.127513 0.176925 0.136568 0.162315 0.155021 0.0706923 0.170965 
0.272671 0.232184 0.0550354 0.0757473 0.196367 0.0868098 0.0811856 
0.0487611 0.178919 0.0421108 0.0823778 0.290226 0.232439 0.125166 
0.131803 0.0964365 0.0693749 0.076325 0.26965 0.210997 0.145414 
0.107442 0.148769 0.241398 0.125967 0.135714 0.0928937 0.147816 
0.258337 0.0927874 0.0863826 0.0684874 0.05645 0.199307 0.238248 
nan nan nan nan nan nan nan 
0.121634 0.106622 0.0708709 0.182272 0.179978 0.159796 0.178827 
0.0641373 0.0888673 0.0668936 0.0837091 0.0867773 0.235216 0.374399 
0.120368 0.0802659 0.628066 0.0258427 0.0546674 0.0579803 0.0328099 
0.201423 0.224 0.089276 0.0564556 0.150907 0.10986 0.168078 
0.177146 0.158645 0.122681 0.153363 0.0900709 0.160963 0.137132 
0.101688 0.102039 0.142702 0.0670188 0.311288 0.227465 0.0477992 
0.218723 0.106264 0.0667144 0.123845 0.202504 0.104381 0.177567 
0.0997084 0.227291 0.168682 0.0696623 0.156841 0.19804 0.0797755 
0.175934 0.127493 0.0874941 0.160339 0.109747 0.152148 0.186844 
0.249544 0.0934067 0.249406 0.142536 0.0743036 0.093006 0.097798 
0.0622882 0.114312 0.0194566 0.214832 0.188947 0.312034 0.0881309 
0.154746 0.13335 0.10348 0.0765736 0.249513 0.120842 0.161496 
0.144332 0.188361 0.184406 0.0594863 0.170854 0.139965 0.112595 
0.120014 0.151885 0.257118 0.101548 0.196921 0.130248 0.0422652 
0.220037 0.0799825 0.0872221 0.0800406 0.163752 0.10393 0.265037 
0.0158715 0.0147192 0.174888 0.0134538 0.716376 0.0515024 0.013189 
0.109297 0.139683 0.0756713 0.409991 0.0636067 0.0900578 0.111692 
0.165223 0.125579 0.226564 0.114259 0.144974 0.0990699 0.124331 
0.0834436 0.0476768 0.348417 0.202033 0.139118 0.0960009 0.0833116 
0.420674 0.205935 0.0749383 0.0713211 0.0737161 0.0641949 0.0892209 
0.0546502 0.0843847 0.0785047 0.318738 0.122026 0.274607 0.0670884 
0.145406 0.150869 0.0508123 0.153705 0.168077 0.225978 0.105153 
0.130355 0.107235 0.0788343 0.178611 0.31819 0.0931885 0.093586 
0.0841579 0.142888 0.190154 0.116189 0.154483 0.124957 0.18717 
0.0882517 0.0759139 0.0978788 0.0460642 0.337107 0.276007 0.0787782 
0.053262 0.205459 0.0817911 0.131083 0.110532 0.101411 0.316462 
0.157457 0.166882 0.0776637 0.171153 0.193221 0.149844 0.0837794 
0.0601517 0.0724586 0.0525614 0.059578 0.280938 0.110598 0.363714 
0.213211 0.226908 0.130942 0.103718 0.134422 0.0940793 0.0967193 
0.0204926 0.023865 0.046039 0.795834 0.0201692 0.0678118 0.0257882 
0.00989077 0.0129808 0.022633 0.876138 0.0135694 0.0325471 0.0322406 
0.160004 0.151337 0.110168 0.155772 0.11296 0.123257 0.186503 
0.103509 0.100459 0.117555 0.291918 0.170437 0.114635 0.101487 
0.106958 0.288922 0.089019 0.0456209 0.0887812 0.232765 0.147934 
0.173259 0.248467 0.0469832 0.137539 0.134186 0.124132 0.135435 
0.157919 0.0602292 0.173509 0.11325 0.0742359 0.219862 0.200994 
0.181656 0.11924 0.227082 0.0785362 0.107376 0.165627 0.120484 
0.155539 0.124624 0.231991 0.118588 0.127518 0.0725128 0.169227 
0.0946644 0.157941 0.20305 0.0951047 0.131456 0.109117 0.208667 
0.0790789 0.145307 0.12318 0.0931998 0.133821 0.304932 0.120481 
0.257815 0.121287 0.11328 0.0835261 0.101682 0.146375 0.176036 
0.111061 0.243662 0.201353 0.0818109 0.113273 0.0855283 0.163313 
