0.211739 0.0220461 0.170099 0.107952 0.0801717 0.0845731 0.183055 0.140365 
0.16649 0.0906449 0.0595457 0.133913 0.0701554 0.136143 0.131326 0.211783 
0.123623 0.0501107 0.0892534 0.0896159 0.0422108 0.200503 0.181347 0.223336 
0.15642 0.0960692 0.0747163 0.0658813 0.238238 0.104064 0.145375 0.119236 
0.223189 0.044125 0.0892982 0.126971 0.134295 0.0736081 0.140271 0.168243 
0.090394 0.0528389 0.411881 0.0181087 0.0515076 0.0339938 0.17344 0.167836 
0.100959 0.0357155 0.371191 0.0280709 0.0262774 0.0364281 0.212288 0.189069 
0.129065 0.0476759 0.128619 0.147804 0.154203 0.101876 0.150283 0.140473 
0.167115 0.0369771 0.0595655 0.135068 0.0477953 0.136278 0.245735 0.171466 
0.0803283 0.0827441 0.159984 0.0928438 0.159433 0.0948222 0.208966 0.120879 
0.0465552 0.00853865 0.0438659 0.00765581 0.0082094 0.00776743 0.0447069 0.832701 
0.123083 0.076111 0.139473 0.0988482 0.0809471 0.0644022 0.154165 0.262971 
0.0776637 0.0314761 0.134161 0.0861684 0.0722621 0.135172 0.27155 0.191547 
0.218001 0.0707779 0.0731808 0.28218 0.164552 0.0557121 0.0763804 0.0592146 
0.0259274 0.0452423 0.0399015 0.00505574 0.0632602 0.0874472 0.11373 0.619435 
0.0360443 0.00439909 0.292596 0.246381 0.103724 0.0679374 0.14424 0.104678 
0.134411 0.0323923 0.0441164 0.213686 0.126654 0.0499959 0.0984121 0.300332 
0.0554942 0.0709878 0.147342 0.283201 0.144419 0.162114 0.078289 0.0581524 
0.0694474 0.0369129 0.277271 0.112539 0.0332636 0.071838 0.114147 0.284581 
0.176335 0.0276225 0.0900047 0.0698888 0.0293667 0.0348023 0.456222 0.115758 
0.181907 0.139155 0.128286 0.0571784 0.143385 0.13585 0.0775842 0.136654 
0.238078 0.125864 0.199825 0.0627625 0.129566 0.0572112 0.119389 0.0673045 
0.0919621 0.086428 0.0678066 0.233716 0.0454453 0.24328 0.136934 0.0944286 
0.116647 0.076702 0.092313 0.212807 0.0720666 0.124371 0.192844 0.11225 
0.193617 0.211229 0.0243593 0.10617 0.0394793 0.0679508 0.16604 0.191156 
0.0924513 0.145779 0.124419 0.136815 0.14502 0.0541298 0.102 0.199385 
0.1452 0.0622346 0.0738326 0.13121 0.0742048 0.142877 0.250434 0.120007 
0.107963 0.184965 0.0662778 0.133054 0.0816948 0.163576 0.166484 0.0959863 
0.0477247 0.0738919 0.0414357 0.0537149 0.237957 0.040475 0.37079 0.134011 
0.0992143 0.205621 0.103889 0.0727487 0.20158 0.0662139 0.0742357 0.176498 
0.0929735 0.0723201 0.0707785 0.133255 0.119777 0.224558 0.201015 0.0853226 
0.243381 0.0215825 0.174585 0.0471524 0.0776535 0.0875662 0.0433136 0.304766 
0.181746 0.0424919 0.0730132 0.0920258 0.0640594 0.170555 0.180038 0.196071 
0.0995256 0.0597424 0.108491 0.113455 0.0646799 0.105306 0.257708 0.191092 
0.217367 0.0614716 0.246375 0.0711503 0.0663219 0.0911099 0.138979 0.107225 
0.078432 0.187574 0.0782351 0.0586451 0.0519069 0.0271343 0.0952913 0.422781 
0.150834 0.115057 0.148755 0.144744 0.0483228 0.0767959 0.189066 0.126425 
0.035767 0.00246 0.139016 0.233799 0.0969706 0.102939 0.345618 0.0434308 
0.0796186 0.0219939 0.281771 0.135363 0.0977804 0.0878925 0.162839 0.132742 
0.184088 0.0449233 0.136541 0.0716337 0.168638 0.157216 0.102766 0.134195 
0.144471 0.0708206 0.111238 0.0883587 0.123809 0.174272 0.184726 0.102306 
0.0849895 0.0456544 0.222913 0.0517456 0.280864 0.165571 0.0850884 0.0631738 
0.353409 0.0917318 0.066303 0.0923142 0.0931461 0.0480448 0.141647 0.113404 
0.353409 0.0917318 0.066303 0.0923142 0.0931461 0.0480448 0.141647 0.113404 
0.208897 0.0579535 0.0667084 0.174944 0.0377575 0.153379 0.159216 0.141144 
0.238416 0.290211 0.132799 0.107723 0.0286844 0.0430874 0.0652294 0.0938499 
0.0756008 0.0308762 0.0479033 0.175522 0.116541 0.0429408 0.320847 0.18977 
0.214225 0.0159918 0.0445695 0.0975504 0.00662543 0.539377 0.0695463 0.0121147 
0.0320234 0.123536 0.034292 0.260672 0.123629 0.0618221 0.299938 0.0640872 
0.143773 0.197294 0.132059 0.0351815 0.00742489 0.164203 0.222081 0.097984 
0.166095 0.0524054 0.299093 0.0598959 0.0738105 0.0462588 0.102567 0.199874 
0.131255 0.0578858 0.114787 0.094965 0.146618 0.149987 0.250085 0.0544184 
0.157275 0.0850709 0.116985 0.147516 0.105166 0.106632 0.172757 0.108598 
0.0930104 0.0638668 0.130411 0.0497751 0.165987 0.130156 0.132992 0.233801 
0.134256 0.060201 0.11095 0.0700049 0.103193 0.273314 0.139651 0.10843 
0.19297 0.0274487 0.0345763 0.15173 0.0480704 0.159546 0.32854 0.0571191 
0.109707 0.0821493 0.103567 0.0745647 0.123299 0.104498 0.257839 0.144376 
0.194214 0.179062 0.353886 0.0250786 0.071191 0.0129528 0.0812465 0.0823685 
0.0613265 0.0852271 0.10328 0.0502399 0.281302 0.0318159 0.0551069 0.331702 
0.245757 0.121434 0.367524 0.0471528 0.092366 0.0342046 0.057495 0.0340671 
0.0973611 0.0931902 0.117951 0.0514772 0.268021 0.0448121 0.0532837 0.273904 
0.107743 0.0499798 0.136275 0.0912149 0.133819 0.0772591 0.254316 0.149393 
0.0250822 0.114336 0.113509 0.0330692 0.22334 0.183788 0.194719 0.112156 
0.136897 0.144037 0.191571 0.0342115 0.165152 0.0150125 0.0839809 0.229137 
0.0580341 0.0843435 0.17684 0.206891 0.0709336 0.0526525 0.121527 0.228779 
0.0868627 0.124922 0.0772845 0.119304 0.313476 0.1307 0.0423906 0.105059 
0.0767516 0.0992951 0.120509 0.0949756 0.268219 0.159159 0.0339896 0.147101 
0.0489814 0.197812 0.486852 0.10004 0.00263658 0.160669 0.0018262 0.00118374 
0.116873 0.101373 0.181666 0.170983 0.092936 0.0645285 0.0998458 0.171795 
0.132184 0.038055 0.307712 0.146364 0.135602 0.0881814 0.0349794 0.116922 
0.10548 0.140986 0.0471656 0.248909 0.0173673 0.0531787 0.102987 0.283926 
0.207077 0.0756758 0.190816 0.205346 0.0710136 0.140419 0.0633019 0.0463513 
0.0986873 0.162046 0.061613 0.0935142 0.112472 0.0696333 0.258285 0.14375 
0.103125 0.122299 0.410302 0.0484167 0.176925 0.07138 0.0338106 0.0337415 
0.0809171 0.0965977 0.287213 0.061756 0.0969955 0.114444 0.034344 0.227732 
0.0501852 0.11995 0.171692 0.175599 0.150201 0.116068 0.0814004 0.134904 
0.127324 0.0235598 0.0673717 0.272146 0.0662244 0.135133 0.0915571 0.216684 
0.151431 0.049331 0.123979 0.123733 0.0927015 0.206416 0.136061 0.116347 
0.0689331 0.241685 0.152849 0.110178 0.0852655 0.0453697 0.180797 0.114922 
0.202188 0.13597 0.173456 0.107782 0.0504313 0.124801 0.107405 0.0979678 
0.145621 0.0525688 0.120063 0.110281 0.096813 0.0926807 0.169934 0.212039 
0.132882 0.181035 0.128298 0.103597 0.0973062 0.141395 0.133673 0.0818137 
0.107397 0.123916 0.101801 0.146264 0.0513471 0.117107 0.230088 0.12208 
0.0589739 0.0756797 0.266244 0.113207 0.13331 0.159043 0.0254884 0.168055 
0.0340676 0.0807469 0.344828 0.107858 0.10531 0.195778 0.0225099 0.108903 
0.0579115 0.0786497 0.110583 0.245448 0.232207 0.104172 0.0989372 0.0720917 
0.118714 0.0804248 0.31698 0.112628 0.10826 0.102696 0.102554 0.0577432 
0.127754 0.112409 0.161987 0.135189 0.104883 0.12074 0.110401 0.126636 
0.0785762 0.123383 0.374979 0.0517778 0.0654798 0.0437911 0.124479 0.137534 
0.163417 0.31131 0.00992913 0.0105639 0.246003 0.081087 0.0261075 0.151583 
0.0688378 0.0194662 0.516817 0.221075 0.000903851 0.00831945 0.0195943 0.144986 
0.0427094 0.19736 0.145009 0.0825526 0.0840832 0.0746062 0.136682 0.236997 
0.125409 0.138007 0.118165 0.123738 0.132685 0.125542 0.12043 0.116023 
0.172248 0.176936 0.125721 0.109653 0.169712 0.0426706 0.141592 0.0614664 
0.092406 0.146323 0.122539 0.162324 0.0480309 0.220242 0.0836099 0.124524 
0.247241 0.170502 0.0726662 0.0370495 0.0929626 0.0698895 0.123559 0.186129 
0.112925 0.0811523 0.0836757 0.145783 0.0712448 0.190411 0.146273 0.168536 
0.440632 0.0948294 0.108759 0.0383085 0.0520099 0.155033 0.0883777 0.0220498 
0.187915 0.0632771 0.171043 0.140817 0.0972431 0.0444137 0.0584599 0.236831 
0.0590335 0.18453 0.132978 0.130463 0.253786 0.051078 0.0375988 0.150532 
0.17007 0.0460692 0.0773788 0.0423077 0.0247628 0.0992193 0.289579 0.250614 
0.0464154 0.117937 0.173083 0.189792 0.186535 0.0598961 0.190195 0.0361467 
0.125771 0.0825584 0.107033 0.147863 0.14907 0.100359 0.107099 0.180247 
0.154888 0.0590753 0.170817 0.178874 0.0754195 0.0449298 0.136062 0.179934 
0.0651172 0.00805632 0.0591371 0.015707 0.00891583 0.160688 0.666958 0.0154208 
0.119402 0.0354142 0.137045 0.108828 0.0333534 0.0290655 0.220764 0.316129 
0.211301 0.193368 0.263823 0.0486607 0.0672656 0.00337234 0.0650799 0.147129 
0.040357 0.087362 0.123004 0.067626 0.347574 0.0684711 0.0616323 0.203973 
0.116589 0.175993 0.146012 0.205499 0.0832792 0.0582811 0.103525 0.110822 
0.0857532 0.111089 0.230204 0.0547208 0.100508 0.171085 0.122494 0.124146 
0.109481 0.0669358 0.191155 0.132207 0.0918789 0.0970679 0.225695 0.0855795 
0.121217 0.0408628 0.0397883 0.23155 0.0619415 0.154067 0.265065 0.0855097 
0.107583 0.114289 0.0893357 0.198323 0.19406 0.0674701 0.0702469 0.158692 
0.111956 0.0790609 0.0545798 0.286289 0.110964 0.138419 0.105515 0.113216 
0.053516 0.132124 0.244104 0.0797303 0.278 0.082857 0.0301327 0.0995365 
0.219415 0.16946 0.0771707 0.141289 0.167744 0.0790631 0.0860478 0.0598099 
0.128307 0.0987013 0.119476 0.0990894 0.197604 0.0571614 0.114748 0.184912 
0.164417 0.163775 0.0544711 0.072231 0.135388 0.0861747 0.177991 0.145552 
0.048932 0.0205568 0.151858 0.0955928 0.0690857 0.15547 0.267821 0.190683 
0.182072 0.0863106 0.142859 0.119127 0.0858748 0.057582 0.0763504 0.249824 
0.129419 0.0766651 0.119676 0.0991655 0.0918587 0.126626 0.132237 0.224353 
0.107817 0.0853407 0.196558 0.120217 0.113763 0.0323591 0.0819831 0.261963 
0.146181 0.087175 0.118689 0.0909056 0.128582 0.13155 0.182992 0.113926 
0.0790432 0.225311 0.180062 0.0594046 0.0532243 0.118562 0.192833 0.0915598 
0.166467 0.18181 0.0314855 0.103869 0.107005 0.0404113 0.0425504 0.326402 
0.149428 0.133921 0.249047 0.146032 0.109522 0.0921151 0.0327281 0.0872073 
0.132241 0.12874 0.172582 0.0833928 0.244767 0.0942362 0.072778 0.0712635 
0.108429 0.203467 0.328473 0.0532179 0.00631183 0.20368 0.0480755 0.0483451 
0.0731366 0.109243 0.210185 0.0618316 0.271167 0.131964 0.057373 0.0850995 
0.121444 0.157551 0.15846 0.0764722 0.274384 0.069255 0.0860096 0.0564235 
0.0792433 0.0534783 0.188108 0.0652282 0.181115 0.166981 0.103425 0.162421 
0.0920419 0.161026 0.12649 0.160515 0.0640645 0.109298 0.16082 0.125744 
0.039401 0.233151 0.153908 0.103658 0.155174 0.0888098 0.0483251 0.177572 
0.102954 0.0981854 0.13504 0.203571 0.114778 0.0683363 0.0600597 0.217076 
0.138476 0.106142 0.114639 0.0352415 0.179136 0.179578 0.113158 0.133629 
0.0687152 0.0981352 0.266305 0.10744 0.161644 0.0710937 0.115204 0.111463 
0.0645626 0.2411 0.106211 0.0678761 0.112776 0.24251 0.0648679 0.100096 
0.065784 0.0563586 0.164297 0.154224 0.140683 0.0577584 0.190933 0.169962 
0.0603811 0.190096 0.202212 0.0818482 0.192914 0.070982 0.050706 0.150861 
0.0445428 0.0696997 0.211525 0.165863 0.264157 0.0478944 0.0608935 0.135425 
0.054034 0.0536572 0.0692003 0.203739 0.150847 0.255496 0.105472 0.107554 
0.121521 0.0710731 0.259419 0.127149 0.165854 0.0236524 0.0664602 0.164872 
0.446773 0.0127866 0.156767 0.0987377 0.221753 0.0247989 0.0162761 0.0221071 
0.0750564 0.124991 0.219636 0.14697 0.130802 0.208399 0.0521916 0.0419532 
0.187587 0.151573 0.0555191 0.0692372 0.0812798 0.173447 0.112474 0.168883 
0.0539874 0.13267 0.129878 0.0914669 0.0906841 0.0908458 0.0886412 0.321827 
0.0169005 0.191062 0.0883235 0.148819 0.0161933 0.182507 0.195895 0.160299 
0.302623 0.102706 0.11021 0.171294 0.0706586 0.0699649 0.111427 0.0611171 
0.129732 0.130675 0.120668 0.116735 0.118827 0.12133 0.175441 0.0865917 
0.11551 0.131392 0.107707 0.151674 0.0747415 0.233403 0.0914151 0.0941572 
0.166592 0.252494 0.062946 0.0853738 0.0488321 0.101814 0.111822 0.170126 
0.107487 0.111029 0.225429 0.114596 0.307124 0.0429726 0.0485152 0.0428478 
0.234459 0.0819424 0.0624525 0.0771828 0.0986843 0.0543007 0.188943 0.202036 
0.20016 0.0997458 0.118494 0.0663332 0.084498 0.156771 0.200972 0.0730269 
0.0739931 0.0678304 0.250366 0.135867 0.438278 0.0109551 0.00977098 0.0129386 
0.130998 0.0893423 0.248028 0.108715 0.148174 0.119497 0.0623156 0.0929307 
0.101322 0.0558085 0.0780097 0.162516 0.12357 0.292085 0.0726422 0.114047 
0.211841 0.100895 0.0806816 0.0329156 0.153966 0.0970854 0.15127 0.171346 
0.474559 0.121809 0.120407 0.0205386 0.147581 0.0462274 0.048376 0.0205011 
0.176135 0.18768 0.115383 0.112613 0.0571598 0.0241014 0.164721 0.162207 
0.146129 0.104894 0.100311 0.100615 0.0897991 0.309854 0.0964188 0.0519781 
0.158725 0.1229 0.236769 0.062547 0.161118 0.133264 0.0827486 0.0419292 
0.282619 0.0584398 0.117002 0.120118 0.149455 0.0520881 0.0342318 0.186046 
0.0501525 0.16324 0.104733 0.090403 0.040623 0.163701 0.223097 0.16405 
0.206113 0.10353 0.0910264 0.182649 0.0616232 0.181534 0.113635 0.0598898 
0.137992 0.136504 0.17847 0.0576854 0.209469 0.212021 0.0313749 0.036484 
0.102668 0.106297 0.0715391 0.0882764 0.0463336 0.317069 0.170285 0.0975325 
0.243244 0.112472 0.193426 0.051647 0.0788427 0.0967907 0.0520357 0.171542 
0.0668972 0.125107 0.117719 0.155547 0.210972 0.218072 0.0229081 0.0827782 
0.00921081 0.0437855 0.502642 0.0316297 0.012384 0.190107 0.0559974 0.154243 
0.0771185 0.0349282 0.100757 0.102445 0.263826 0.395984 0.0117647 0.0131762 
0.139279 0.0721526 0.109873 0.0935361 0.222662 0.0656692 0.0781683 0.21866 
0.186672 0.0549165 0.440257 0.0811091 0.0655112 0.103797 0.0240624 0.0436745 
0.0877487 0.0966041 0.0988364 0.176432 0.224583 0.148304 0.0853321 0.0821597 
0.173202 0.0701384 0.0803195 0.231617 0.0733143 0.178163 0.0882225 0.105023 
0.0312907 0.136333 0.11104 0.076629 0.146691 0.351673 0.0825887 0.0637531 
0.149672 0.111186 0.114979 0.22319 0.107068 0.0935793 0.0723581 0.127967 
0.0919037 0.19973 0.0854839 0.0990628 0.110324 0.219258 0.0691093 0.125128 
0.182898 0.0598536 0.141568 0.104439 0.0879177 0.1288 0.11184 0.182684 
0.104951 0.215224 0.129039 0.0633834 0.057766 0.0168637 0.305901 0.106872 
0.279787 0.131666 0.0946776 0.0825035 0.239309 0.0475596 0.0756931 0.0488042 
0.15836 0.0930589 0.202253 0.135215 0.0702348 0.0780119 0.143087 0.119779 
0.124242 0.177928 0.168937 0.193977 0.0469988 0.109111 0.0426521 0.136155 
0.118547 0.147573 0.106759 0.147339 0.11668 0.128343 0.126689 0.10807 
0.0736028 0.0533683 0.0754402 0.206329 0.235041 0.0943795 0.133329 0.12851 
0.140007 0.125564 0.140884 0.0431582 0.0497699 0.356734 0.114744 0.0291384 
0.19871 0.0985771 0.174035 0.132597 0.092964 0.0348838 0.165055 0.103178 
0.0351755 0.223679 0.128305 0.0390898 0.406121 0.0264386 0.0956577 0.0455343 
0.178399 0.125193 0.194705 0.0686078 0.113454 0.0522717 0.104445 0.162925 
0.00791396 0.12155 0.328532 0.100711 0.232813 0.0728508 0.112059 0.0235701 
0.0638523 0.170292 0.237997 0.0978773 0.145125 0.0835378 0.0400756 0.161244 
0.103614 0.12712 0.0889089 0.120399 0.127026 0.0961499 0.0982059 0.238576 
0.10453 0.0978577 0.0510495 0.148103 0.0861714 0.107943 0.211963 0.192382 
0.0695794 0.0988487 0.0408636 0.133147 0.277506 0.162319 0.110469 0.107267 
0.147907 0.0874667 0.0468919 0.0938628 0.112627 0.477086 0.0199799 0.0141797 
0.0735066 0.118151 0.180641 0.120222 0.176901 0.122421 0.16557 0.0425883 
0.0919844 0.0915846 0.128637 0.194268 0.109113 0.0803368 0.0721617 0.231914 
0.110902 0.149072 0.188213 0.181911 0.091237 0.057693 0.0591354 0.161837 
0.0761829 0.0638677 0.0499939 0.159944 0.125849 0.239326 0.20971 0.0751272 
0.0688468 0.139323 0.178009 0.10434 0.102557 0.078827 0.124753 0.203344 
0.0899963 0.0560564 0.152269 0.143657 0.064151 0.0986057 0.222536 0.172729 
0.120544 0.081457 0.0723472 0.122871 0.124685 0.119148 0.179977 0.178971 
0.0618913 0.0787482 0.201677 0.174882 0.208292 0.0783499 0.0914752 0.104684 
0.110273 0.180951 0.177443 0.0860241 0.115083 0.149887 0.0706746 0.109665 
0.0964189 0.0782217 0.206281 0.172794 0.105225 0.149259 0.112064 0.0797375 
0.0966007 0.0987845 0.13004 0.144097 0.100459 0.126089 0.177134 0.126796 
0.0890975 0.101698 0.263467 0.186519 0.0789634 0.134724 0.0939617 0.0515693 
0.176229 0.0942974 0.122842 0.0863895 0.211313 0.17721 0.0413579 0.090362 
0.171172 0.0916352 0.0860721 0.0929789 0.128395 0.141855 0.126911 0.16098 
0.0754557 0.128041 0.0923275 0.230764 0.184363 0.0785016 0.0876098 0.122938 
0.35565 0.0368048 0.0457351 0.083093 0.0542585 0.290519 0.0611063 0.0728342 
0.24726 0.161896 0.160499 0.150547 0.130289 0.0340788 0.0615028 0.053928 
0.0999714 0.117121 0.352184 0.118119 0.128188 0.120933 0.0236633 0.0398215 
0.158524 0.111524 0.171401 0.0985362 0.117504 0.113412 0.114367 0.114731 
0.00674953 0.00673036 0.0067605 0.0742725 0.141507 0.00674932 0.310825 0.446405 
0.0556698 0.022713 0.314929 0.0958901 0.224317 0.142273 0.0821678 0.0620406 
0.23034 0.0535672 0.122965 0.0477139 0.431395 0.0301919 0.0645717 0.0192554 
0.0577732 0.039026 0.276746 0.122927 0.0653784 0.131137 0.20384 0.103172 
0.138228 0.08095 0.10027 0.122863 0.118439 0.127494 0.105397 0.206358 
0.109739 0.0601719 0.16198 0.179625 0.118528 0.0735647 0.117942 0.17845 
0.0793853 0.15857 0.234592 0.119154 0.145321 0.0660346 0.0908505 0.106093 
0.135288 0.0758927 0.129145 0.0870541 0.115141 0.216496 0.171937 0.0690457 
0.0797944 0.197275 0.102045 0.252208 0.0759554 0.101472 0.143237 0.0480137 
0.125386 0.140381 0.0797901 0.0864501 0.110435 0.0581972 0.200649 0.198712 
0.119195 0.12739 0.0989596 0.137441 0.0815902 0.111957 0.122756 0.200711 
0.143967 0.100479 0.046123 0.251386 0.0763224 0.146883 0.0770737 0.157766 
0.141591 0.141005 0.144051 0.0646949 0.116282 0.148503 0.0896185 0.154255 
0.142074 0.375579 0.0905097 0.0627827 0.0719188 0.0560575 0.147074 0.0540045 
0.182464 0.160129 0.146125 0.0763171 0.175445 0.0669294 0.122242 0.0703491 
0.0835746 0.0943936 0.190624 0.0460818 0.118018 0.0525621 0.189215 0.225531 
0.13246 0.0618051 0.141159 0.102007 0.171921 0.152829 0.134986 0.102833 
0.293292 0.0382425 0.236822 0.0869304 0.0498231 0.0962322 0.123372 0.0752864 
0.128844 0.0608576 0.034656 0.183417 0.0414774 0.152883 0.170632 0.227233 
0.221103 0.0974596 0.197829 0.122511 0.135076 0.0332048 0.072113 0.120705 
0.136897 0.247115 0.235854 0.125404 0.0607762 0.144285 0.0257874 0.0238799 
0.10205 0.34372 0.237584 0.0943311 0.0452091 0.10733 0.051465 0.0183102 
0.122973 0.0878247 0.0846465 0.181168 0.112954 0.14872 0.128824 0.132889 
0.287452 0.077525 0.111173 0.0638569 0.22488 0.0791593 0.10794 0.0480124 
0.238537 0.164092 0.138171 0.0324604 0.123457 0.0551499 0.135379 0.112753 
0.250709 0.0409299 0.124029 0.0701678 0.0524444 0.091062 0.206312 0.164346 
0.342156 0.0641889 0.0449848 0.137979 0.0711392 0.124707 0.101203 0.113643 
0.116624 0.0540176 0.175195 0.150859 0.0432892 0.202976 0.105273 0.151766 
0.110276 0.0433248 0.373768 0.0710105 0.0610046 0.168623 0.0841716 0.0878215 
0.0666444 0.0636839 0.129543 0.158765 0.112653 0.0549726 0.333369 0.0803692 
0.0988226 0.179851 0.0882978 0.123018 0.114381 0.152937 0.21745 0.0252425 
0.222491 0.0607421 0.289563 0.0327142 0.233029 0.0527037 0.052855 0.0559022 
0.225781 0.0858852 0.225775 0.0339941 0.280915 0.0481404 0.0485884 0.0509208 
0.132466 0.166059 0.115715 0.0693053 0.304748 0.0270862 0.0703464 0.114274 
0.101975 0.126333 0.122782 0.211784 0.15557 0.109785 0.0697016 0.102069 
0.144117 0.116315 0.101954 0.0655523 0.149497 0.0858927 0.165298 0.171374 
0.133756 0.0889884 0.219275 0.142846 0.153775 0.118932 0.116481 0.0259466 
0.196112 0.0733302 0.0357081 0.135876 0.192966 0.174163 0.0702484 0.121595 
0.0722264 0.163904 0.191006 0.246266 0.0878685 0.0723641 0.0675293 0.098836 
0.188222 0.0586468 0.146869 0.171841 0.114813 0.0626622 0.151491 0.105456 
0.0525901 0.197361 0.0977748 0.0203867 0.101441 0.440966 0.0463975 0.043083 
0.0892967 0.139104 0.17136 0.0475771 0.304565 0.145694 0.050378 0.0520246 
0.139479 0.279603 0.108076 0.14654 0.18762 0.0411546 0.0612312 0.0362964 
0.0485646 0.133055 0.12798 0.0781235 0.16405 0.245418 0.0682175 0.13459 
0.0974972 0.0454321 0.0609514 0.110247 0.173667 0.125754 0.203071 0.18338 
0.0706617 0.0468563 0.0585971 0.1377 0.174559 0.192422 0.16638 0.152824 
0.186225 0.163148 0.0608943 0.115845 0.0791155 0.240407 0.0614134 0.0929515 
0.133885 0.076394 0.113493 0.209062 0.103965 0.174647 0.109327 0.0792269 
0.0544428 0.146834 0.227582 0.112233 0.192796 0.0292608 0.0311628 0.205688 
0.112396 0.109308 0.219274 0.0555222 0.130796 0.121649 0.114762 0.136292 
0.138271 0.0639366 0.213815 0.109664 0.119522 0.0233965 0.0903455 0.241049 
0.2238 0.151613 0.0991238 0.165686 0.0755085 0.187175 0.0387564 0.0583368 
0.0736774 0.181287 0.0700568 0.141693 0.188442 0.0627923 0.161274 0.120777 
0.0766647 0.377815 0.0697889 0.144906 0.0697511 0.106015 0.0547761 0.100283 
0.152431 0.0470645 0.231885 0.117935 0.0696591 0.0970932 0.0945851 0.189347 
0.138271 0.0639366 0.213815 0.109664 0.119522 0.0233965 0.0903455 0.241049 
0.0456628 0.0854748 0.435482 0.112658 0.116492 0.0578361 0.0413937 0.105001 
0.138271 0.0639366 0.213815 0.109664 0.119522 0.0233965 0.0903455 0.241049 
0.13728 0.113147 0.150636 0.0484876 0.0659203 0.062889 0.269874 0.151766 
0.348647 0.0442628 0.102177 0.0495938 0.13442 0.0291781 0.207305 0.0844168 
0.0519295 0.275611 0.166272 0.0675396 0.213658 0.109128 0.0364023 0.0794592 
0.053334 0.076623 0.0591845 0.0498006 0.146704 0.44164 0.0525358 0.120178 
0.108573 0.114098 0.0718402 0.116361 0.108193 0.0790809 0.239209 0.162645 
0.113993 0.0476326 0.0868138 0.166911 0.139633 0.0899094 0.181982 0.173125 
0.135499 0.312434 0.160999 0.128846 0.0167523 0.0969206 0.0689115 0.0796372 
0.088036 0.0762458 0.0596953 0.100777 0.115286 0.157768 0.179234 0.222958 
0.172648 0.145685 0.0727462 0.038507 0.247078 0.110291 0.0366121 0.176434 
0.0511192 0.0420485 0.157612 0.0335831 0.158813 0.237055 0.128593 0.191176 
0.0837651 0.0474809 0.130181 0.245019 0.216326 0.20053 0.0355209 0.0411774 
0.137356 0.107359 0.25976 0.0708799 0.143769 0.0513589 0.0802436 0.149273 
0.090399 0.0810627 0.160451 0.123476 0.0722918 0.117454 0.180517 0.174348 
0.177444 0.0757501 0.123335 0.0761642 0.0726139 0.28056 0.112299 0.0818336 
0.101688 0.0659361 0.110034 0.109463 0.0931254 0.0855833 0.267285 0.166886 
0.23892 0.158254 0.0463512 0.203405 0.127751 0.037218 0.13427 0.0538298 
0.296317 0.0476761 0.141569 0.0695225 0.164594 0.11667 0.0783103 0.0853407 
0.13458 0.0988256 0.180799 0.175716 0.181218 0.0746402 0.0640845 0.0901369 
0.303428 0.0569341 0.0802057 0.0754962 0.109531 0.0947546 0.188482 0.0911675 
0.124131 0.0669988 0.316162 0.0348458 0.106582 0.199423 0.0225835 0.129273 
0.127089 0.19105 0.0782429 0.0801191 0.0417697 0.15442 0.223228 0.104083 
0.0327291 0.116967 0.0955766 0.186442 0.231742 0.0464233 0.0800148 0.210105 
0.118019 0.1028 0.133708 0.0860652 0.267005 0.0383096 0.0743686 0.179725 
0.0312881 0.0368542 0.0628186 0.358992 0.10793 0.17079 0.132884 0.0984433 
0.166455 0.0900062 0.110718 0.0591544 0.125954 0.156002 0.154784 0.136926 
0.107243 0.0820274 0.0836135 0.101934 0.0547087 0.167909 0.25562 0.146945 
0.192206 0.0996633 0.117444 0.142228 0.0758059 0.142736 0.151142 0.0787746 
0.321546 0.153446 0.0344049 0.0505632 0.0781228 0.0753153 0.276048 0.0105542 
0.112383 0.187043 0.123856 0.16909 0.0516085 0.0390189 0.0463361 0.270665 
0.0525016 0.0885068 0.0406976 0.0701715 0.169794 0.233338 0.136233 0.208757 
0.551548 0.0249322 0.141748 0.0553263 0.0479178 0.0591149 0.0769812 0.0424319 
0.128906 0.320256 0.0381791 0.0273144 0.0102148 0.37351 0.0624829 0.039137 
0.066761 0.0348141 0.430089 0.196524 0.0332469 0.133949 0.0162103 0.0884052 
0.103725 0.0824113 0.229386 0.11504 0.159422 0.0685112 0.0711138 0.17039 
0.0972782 0.0930362 0.313649 0.118218 0.208915 0.0250821 0.0568607 0.0869612 
0.175624 0.081372 0.082042 0.177347 0.119713 0.0465405 0.169474 0.147887 
0.110279 0.0920609 0.123992 0.128083 0.108719 0.164466 0.0793244 0.193075 
0.120197 0.135878 0.577375 0.0120396 0.0565018 0.0618923 0.0215965 0.0145196 
0.088437 0.138345 0.133791 0.13126 0.111653 0.104976 0.242464 0.0490738 
0.0650849 0.0207829 0.0663186 0.100023 0.316655 0.0711703 0.197075 0.162891 
0.111646 0.121418 0.221604 0.0873685 0.151395 0.0676069 0.116644 0.122317 
0.157168 0.14972 0.217634 0.0754479 0.093533 0.0914718 0.164643 0.0503829 
0.218931 0.0842804 0.0834234 0.0886914 0.0846783 0.17368 0.156707 0.109608 
0.10905 0.0494823 0.111737 0.102708 0.145845 0.105982 0.0148777 0.360318 
0.110571 0.129154 0.0921654 0.120898 0.103512 0.0724646 0.166301 0.204935 
0.0886457 0.105279 0.127318 0.14254 0.108655 0.170244 0.159867 0.097451 
0.100345 0.0230388 0.461459 0.0943583 0.0246833 0.0172035 0.0517947 0.227118 
0.0826857 0.0475772 0.0476517 0.0577157 0.199685 0.200701 0.274286 0.0896977 
0.0610755 0.195753 0.164539 0.410579 0.0167584 0.0601729 0.0867607 0.00436087 
0.066761 0.0348141 0.430089 0.196524 0.0332469 0.133949 0.0162103 0.0884052 
0.120186 0.0522621 0.0927122 0.180509 0.0738375 0.0778386 0.128507 0.274147 
0.15614 0.0406347 0.147655 0.148297 0.0774415 0.151005 0.184749 0.094078 
0.0972816 0.0536881 0.311723 0.207042 0.080822 0.0911747 0.0408015 0.117467 
0.107753 0.200323 0.138429 0.131303 0.046307 0.172125 0.0811998 0.12256 
0.0851915 0.1434 0.126582 0.20563 0.17314 0.053514 0.112362 0.10018 
0.105794 0.0711503 0.102376 0.130142 0.136956 0.189815 0.140694 0.123072 
0.124112 0.0730891 0.142486 0.18184 0.152241 0.144834 0.0777517 0.103647 
0.0429111 0.107848 0.321339 0.0659251 0.224613 0.0253672 0.164104 0.0478926 
0.0793523 0.225515 0.212669 0.124009 0.163429 0.107474 0.0199526 0.0675981 
0.0401367 0.139459 0.273529 0.0577964 0.250453 0.0225219 0.161981 0.0541234 
0.116168 0.130533 0.120273 0.170558 0.20045 0.110698 0.0184416 0.132879 
0.17562 0.229043 0.0931228 0.0754248 0.107231 0.127672 0.145412 0.0464741 
0.13769 0.14426 0.196136 0.0749514 0.149367 0.118655 0.0475654 0.131374 
0.137841 0.266515 0.11115 0.110831 0.100394 0.0466113 0.0649924 0.161665 
0.231553 0.0570496 0.0717968 0.177279 0.116513 0.225361 0.0646226 0.0558249 
0.138714 0.276607 0.0656951 0.0758587 0.0835584 0.142945 0.14056 0.0760615 
0.101576 0.112378 0.180042 0.148386 0.132751 0.110652 0.0726344 0.14158 
0.0948012 0.0994099 0.114276 0.166133 0.0943078 0.0878208 0.150868 0.192382 
0.0614355 0.0916775 0.189909 0.229879 0.0633693 0.0633341 0.188636 0.11176 
0.0428346 0.080662 0.329244 0.210676 0.106471 0.0679634 0.111403 0.0507452 
0.0608086 0.0609551 0.325717 0.0780151 0.10577 0.290405 0.0505825 0.0277477 
0.212134 0.197715 0.132868 0.033523 0.049423 0.129778 0.102921 0.141638 
0.490978 0.100392 0.0474977 0.0384356 0.039964 0.055933 0.0275023 0.199297 
0.172722 0.0600635 0.114471 0.041361 0.228889 0.290265 0.0268216 0.0654071 
0.115766 0.000791132 0.0675917 0.122648 0.119469 0.180127 0.295936 0.0976712 
0.155659 0.0806921 0.103903 0.114128 0.0643062 0.0802456 0.187865 0.213201 
0.0746146 0.182172 0.2232 0.0832628 0.12985 0.117596 0.0916443 0.097661 
0.0802153 0.123902 0.0633579 0.302366 0.124933 0.0706952 0.140452 0.09408 
0.126297 0.112901 0.175524 0.0890448 0.207742 0.0896165 0.0957956 0.103079 
0.0628508 0.144175 0.206596 0.0883656 0.106385 0.158071 0.133826 0.0997302 
0.0742445 0.0906986 0.344468 0.0548054 0.167733 0.08772 0.102793 0.0775378 
0.161174 0.059272 0.229325 0.0898541 0.110683 0.0848133 0.10741 0.157468 
0.21605 0.139685 0.0456423 0.0641071 0.0724681 0.225065 0.146159 0.0908233 
0.0731978 0.172869 0.239257 0.0687738 0.133889 0.0938359 0.0939384 0.124239 
0.0687076 0.0901768 0.335064 0.106102 0.225961 0.0247451 0.0576101 0.0916334 
0.0778288 0.0402211 0.165633 0.187835 0.233586 0.0753239 0.0672512 0.152321 
0.162978 0.192651 0.244624 0.0694172 0.0333458 0.149502 0.117684 0.0297979 
0.224816 0.122106 0.140235 0.0935222 0.0669238 0.0664138 0.121162 0.164822 
0.0303816 0.0495556 0.0913091 0.0914033 0.0712286 0.117662 0.33925 0.209211 
0.0718589 0.083267 0.156487 0.0733333 0.184623 0.202939 0.0974815 0.130009 
0.235328 0.0934673 0.17212 0.0516581 0.109799 0.0578617 0.109832 0.169934 
0.0127122 0.0889172 0.087858 0.0271415 0.633451 0.0994571 0.0167773 0.0336854 
0.0762654 0.147877 0.219166 0.119637 0.181658 0.0558848 0.0806092 0.118901 
0.137415 0.0792104 0.33977 0.271653 0.057899 0.0396408 0.0438119 0.0306003 
0.115486 0.154996 0.213718 0.0850442 0.19228 0.0870408 0.0590863 0.0923489 
0.207216 0.110429 0.192413 0.142854 0.101403 0.111215 0.0759204 0.0585502 
0.106903 0.205882 0.164241 0.0491239 0.0940725 0.0802081 0.125951 0.173619 
0.0689078 0.0671355 0.0656169 0.116938 0.114579 0.142815 0.129582 0.294426 
0.127144 0.144082 0.228602 0.0691819 0.124588 0.0769952 0.138349 0.0910583 
0.0938166 0.0551751 0.103954 0.111468 0.0885968 0.105981 0.225831 0.215178 
0.0903383 0.036259 0.173418 0.250613 0.105945 0.0911326 0.211185 0.0411093 
0.0330561 0.11162 0.330393 0.118845 0.113449 0.122944 0.0351111 0.134582 
0.0635627 0.147415 0.170433 0.123696 0.129217 0.0543112 0.103448 0.207918 
0.0711985 0.0481241 0.139301 0.151002 0.418143 0.0440706 0.0534322 0.0747287 
0.180436 0.111619 0.113097 0.0648035 0.155583 0.219417 0.0908421 0.0642027 
0.0639688 0.0894085 0.147466 0.198715 0.152933 0.0896571 0.121411 0.136442 
0.136731 0.112878 0.155739 0.187347 0.0865186 0.12391 0.0715494 0.125327 
0.116082 0.113982 0.101762 0.274577 0.129171 0.0917455 0.108768 0.0639124 
0.101525 0.0729525 0.14386 0.0586907 0.120107 0.131552 0.308353 0.0629607 
0.0376953 0.216083 0.0631148 0.0764687 0.142606 0.186868 0.180155 0.0970092 
0.548134 0.305834 0.0061324 0.00642162 0.00688596 0.0295648 0.0271005 0.069927 
0.130667 0.109177 0.0857441 0.100309 0.116804 0.187975 0.129463 0.139861 
0.160613 0.125859 0.129484 0.106381 0.0586316 0.140863 0.104516 0.173651 
0.222209 0.0812588 0.151776 0.0229352 0.251772 0.0584592 0.0874439 0.124146 
0.0642619 0.127454 0.234817 0.162951 0.122581 0.125221 0.0815108 0.0812034 
0.111966 0.0546494 0.147433 0.123397 0.160089 0.243444 0.0660644 0.0929567 
0.0755449 0.0202952 0.120522 0.166445 0.053978 0.138399 0.0885534 0.336263 
0.125348 0.1154 0.167069 0.043276 0.172508 0.0367348 0.112938 0.226726 
0.13337 0.0443031 0.22571 0.0457604 0.11756 0.094711 0.260103 0.0784823 
0.131533 0.314341 0.0604049 0.0419025 0.10147 0.138071 0.157445 0.0548329 
0.155685 0.133134 0.145774 0.160046 0.083647 0.0523966 0.0841105 0.185206 
0.0769284 0.189309 0.224378 0.104513 0.121625 0.122714 0.0857501 0.0747817 
0.141849 0.532622 0.0270916 0.061346 0.0790215 0.0751181 0.0143687 0.0685832 
0.0482042 0.117534 0.102048 0.0711282 0.214094 0.268517 0.064149 0.114325 
0.10872 0.202283 0.180384 0.131857 0.0648413 0.0996883 0.169621 0.0426055 
0.0335155 0.185734 0.389547 0.148764 0.170747 0.00605944 0.0258034 0.0398298 
0.0620192 0.052103 0.0621595 0.227514 0.19121 0.125883 0.113773 0.165338 
0.0893006 0.188163 0.131176 0.0861315 0.0708349 0.371725 0.025006 0.0376628 
0.0718891 0.121314 0.259345 0.11766 0.0497053 0.193341 0.07394 0.112805 
0.0718645 0.115095 0.195781 0.111311 0.147539 0.0354495 0.279698 0.0432628 
0.17188 0.0218913 0.0791907 0.0807486 0.0784798 0.181006 0.145903 0.2409 
0.105843 0.267884 0.144941 0.151715 0.108604 0.0598365 0.0541986 0.106977 
0.294839 0.0732531 0.0249309 0.0791048 0.0458885 0.0987479 0.300027 0.0832079 
0.0816986 0.14932 0.121985 0.0905275 0.175664 0.114849 0.0834659 0.18249 
0.182978 0.0148647 0.166841 0.00918215 0.441921 0.0216576 0.154202 0.00835243 
0.13049 0.300559 0.1848 0.0872524 0.0437043 0.0490796 0.0651546 0.13896 
0.0929304 0.107643 0.114148 0.120064 0.367347 0.0341604 0.0872389 0.0764684 
0.117079 0.116013 0.153028 0.0852768 0.101948 0.133626 0.16674 0.12629 
0.199173 0.237073 0.13688 0.0575521 0.105667 0.0527319 0.0616536 0.14927 
0.133689 0.064818 0.221777 0.0584497 0.134704 0.0937489 0.213195 0.0796172 
0.102717 0.113637 0.25256 0.0828637 0.128401 0.284933 0.024427 0.0104605 
0.0860705 0.107151 0.310221 0.110398 0.149353 0.174927 0.0527239 0.00915685 
0.234797 0.221748 0.242133 0.0862138 0.0586082 0.0640831 0.0423264 0.05009 
0.106614 0.0803439 0.091923 0.0785702 0.177808 0.259925 0.130067 0.0747486 
0.102176 0.0785005 0.0955781 0.0737506 0.179753 0.256195 0.130532 0.0835148 
0.128485 0.133904 0.0790414 0.152792 0.0940583 0.135166 0.161488 0.115066 
0.16547 0.0933894 0.18531 0.0843248 0.0921826 0.108477 0.107061 0.163785 
0.128724 0.0264183 0.0818855 0.204034 0.0448506 0.0663708 0.226388 0.221329 
0.0311016 0.165745 0.132735 0.0297574 0.10381 0.109846 0.158035 0.26897 
0.265279 0.0350659 0.112666 0.101783 0.182677 0.10837 0.133465 0.060695 
0.0688413 0.0452472 0.106492 0.0699978 0.371961 0.225111 0.108393 0.00395593 
0.0607922 0.356782 0.23822 0.0948384 0.110749 0.0491721 0.0294825 0.0599641 
0.0749658 0.0698114 0.191415 0.143127 0.163904 0.119208 0.0607181 0.176851 
0.116741 0.0900217 0.178713 0.0782947 0.0741776 0.164943 0.182398 0.114711 
0.0638804 0.0238351 0.341029 0.0840575 0.189621 0.0305518 0.117918 0.149106 
0.191143 0.172228 0.122129 0.0804786 0.105153 0.0710915 0.134457 0.123319 
0.091816 0.0392669 0.106761 0.198222 0.149433 0.29001 0.0657399 0.0587509 
0.156944 0.0389318 0.218674 0.152472 0.0959197 0.120666 0.149921 0.0664712 
0.164387 0.118463 0.185085 0.0555315 0.283128 0.0430528 0.0679779 0.082375 
0.0610222 0.0733736 0.0426454 0.10912 0.349901 0.0876872 0.144681 0.13157 
0.102076 0.0588467 0.126086 0.0822452 0.208927 0.0443705 0.0613952 0.316053 
0.0920205 0.127995 0.135748 0.129481 0.0987644 0.111812 0.195666 0.108514 
0.163229 0.107202 0.0583574 0.179885 0.0955819 0.10668 0.105536 0.183529 
0.138271 0.0639366 0.213815 0.109664 0.119522 0.0233965 0.0903455 0.241049 
0.0941685 0.160483 0.122515 0.0736714 0.16282 0.127784 0.109753 0.148807 
0.083726 0.138968 0.167422 0.108474 0.130503 0.0968398 0.151368 0.122698 
0.115675 0.15006 0.16219 0.0861602 0.0757815 0.180997 0.129862 0.0992749 
0.0741157 0.177748 0.122855 0.136447 0.154068 0.13355 0.0962791 0.104938 
0.184773 0.116747 0.072178 0.0879615 0.198365 0.114766 0.118047 0.107161 
0.2941 0.0794262 0.0710195 0.196512 0.104936 0.0507262 0.0879105 0.11537 
0.126141 0.129474 0.168091 0.115068 0.0602529 0.110108 0.102528 0.188337 
0.144252 0.157175 0.183481 0.177006 0.0519441 0.0855259 0.121837 0.0787797 
0.086383 0.211047 0.28283 0.0595127 0.108176 0.0956176 0.0275225 0.128912 
0.147681 0.116321 0.230868 0.0364345 0.0494377 0.063694 0.163155 0.19241 
0.149229 0.0279605 0.0363523 0.13093 0.0696629 0.152221 0.275553 0.158092 
0.106911 0.0590363 0.0823384 0.142863 0.103139 0.169298 0.23203 0.104386 
0.10252 0.026303 0.110067 0.124751 0.159041 0.0800909 0.163007 0.234219 
0.0376131 0.345147 0.169299 0.106917 0.146003 0.0762159 0.0389546 0.079851 
0.11577 0.0572668 0.0457365 0.233922 0.193238 0.111008 0.0867621 0.156297 
0.00720083 0.0519514 0.114912 0.0954044 0.311804 0.07596 0.138045 0.204722 
0.172741 0.032478 0.112848 0.104816 0.0603866 0.106676 0.110115 0.29994 
0.0637889 0.261798 0.106076 0.111132 0.0885764 0.0788979 0.136334 0.153396 
0.414772 0.117378 0.0650627 0.0739165 0.146498 0.0774293 0.0610474 0.0438962 
0.0992527 0.190745 0.071722 0.109053 0.148396 0.108222 0.105546 0.167063 
0.0897921 0.224126 0.0630801 0.0924099 0.239081 0.091364 0.126683 0.0734645 
0.224159 0.19736 0.201019 0.0515823 0.0127192 0.172494 0.058365 0.0823014 
0.204291 0.133729 0.10094 0.13119 0.152823 0.0886022 0.110218 0.0782053 
0.122699 0.0633035 0.123261 0.124541 0.144045 0.0812416 0.151652 0.189257 
0.111546 0.156039 0.113132 0.101723 0.167378 0.117915 0.130529 0.101738 
0.0854595 0.246178 0.0781033 0.077456 0.174663 0.0897082 0.0869474 0.161485 
0.213387 0.158868 0.0336006 0.110647 0.284799 0.0815092 0.0876861 0.0295037 
0.1087 0.138701 0.117016 0.243172 0.0608724 0.079472 0.0787651 0.173302 
0.254579 0.0705335 0.0969486 0.267047 0.109477 0.0438189 0.0658234 0.0917729 
0.0407947 0.235278 0.308633 0.0918886 0.116274 0.0529346 0.0932005 0.060996 
0.119026 0.0817891 0.154746 0.0681506 0.166261 0.0875188 0.130553 0.191954 
0.0274205 0.328847 0.224558 0.0591831 0.105198 0.0530926 0.0909545 0.110746 
0.0884249 0.06906 0.17006 0.0739312 0.112475 0.178675 0.136538 0.170835 
0.20452 0.243563 0.0868367 0.0983812 0.0755175 0.0804425 0.0930524 0.117687 
0.119554 0.0829007 0.0896368 0.16475 0.0966678 0.143027 0.155024 0.148439 
0.0448864 0.280586 0.27883 0.134127 0.128513 0.06135 0.0500988 0.0216078 
0.0720115 0.123568 0.275747 0.103117 0.121272 0.153878 0.0982121 0.0521951 
0.0782891 0.155875 0.165676 0.0999088 0.0957343 0.0680058 0.223533 0.112979 
0.158329 0.0108872 0.00794066 0.0157828 0.0111528 0.121331 0.0149025 0.659674 
0.149285 0.126119 0.120124 0.062793 0.14495 0.145088 0.0934224 0.15822 
0.114379 0.217752 0.123493 0.133112 0.109324 0.0553003 0.155003 0.0916353 
0.0884928 0.17764 0.254697 0.0476178 0.289002 0.0824784 0.0248451 0.0352269 
0.129808 0.116553 0.193827 0.08198 0.117167 0.105915 0.130555 0.124195 
0.0862382 0.158169 0.0756961 0.149516 0.068738 0.12858 0.137763 0.1953 
0.246558 0.112767 0.149872 0.102067 0.134967 0.0667962 0.152644 0.0343284 
0.102048 0.134194 0.384183 0.0469487 0.0943792 0.0552957 0.121705 0.0612466 
0.0488076 0.203065 0.0472553 0.119209 0.149222 0.162858 0.16836 0.101224 
0.0524702 0.0572574 0.183909 0.0737074 0.192435 0.0770055 0.114027 0.24919 
0.196638 0.0728289 0.0842234 0.0765732 0.271907 0.123762 0.086005 0.0880623 
0.139913 0.148233 0.0786671 0.071711 0.112129 0.128181 0.139872 0.181293 
0.153002 0.173142 0.077182 0.169781 0.150091 0.108531 0.0582243 0.110047 
0.228372 0.0834145 0.256475 0.105209 0.120495 0.0166361 0.110536 0.0788616 
0.254183 0.0952435 0.159449 0.126398 0.118378 0.0913514 0.0844188 0.0705771 
0.167223 0.275598 0.122821 0.0636532 0.0952914 0.0823196 0.0885979 0.104496 
0.0770187 0.040485 0.0294387 0.179836 0.0159655 0.441839 0.171928 0.0434885 
0.0977495 0.11911 0.130128 0.107678 0.172447 0.0918297 0.158714 0.122344 
0.0550225 0.133135 0.236456 0.060299 0.0941924 0.142882 0.175044 0.10297 
0.0988921 0.0485448 0.0826595 0.161127 0.128212 0.152214 0.101878 0.226472 
0.0800442 0.3513 0.0296064 0.24199 0.0778938 0.128758 0.0532639 0.0371435 
0.186849 0.189769 0.0527213 0.221216 0.0550439 0.125691 0.0967382 0.0719732 
0.0677469 0.220269 0.111272 0.149305 0.0992884 0.127991 0.101985 0.122143 
0.11008 0.0764977 0.0811082 0.162311 0.0571813 0.0867012 0.235227 0.190894 
0.0358112 0.0773249 0.0734346 0.0437883 0.303416 0.28704 0.0838785 0.0953071 
nan nan nan nan nan nan nan nan 
0.104881 0.215578 0.108253 0.14482 0.101232 0.124344 0.0698252 0.131066 
0.0662102 0.0726101 0.257757 0.129511 0.0791964 0.111973 0.12023 0.162512 
0.223907 0.0575952 0.26663 0.0661924 0.0392952 0.110876 0.12388 0.111625 
0.082548 0.0723481 0.26779 0.237012 0.0987325 0.0631648 0.123109 0.0552964 
0.127876 0.148013 0.0556348 0.153106 0.0699093 0.187908 0.117139 0.140414 
0.155559 0.106653 0.0607442 0.0921908 0.285582 0.091986 0.116379 0.0909067 
0.17776 0.0492989 0.0297984 0.11465 0.149669 0.365313 0.0232798 0.0902322 
0.0610011 0.050454 0.182388 0.226952 0.0795706 0.121912 0.0925431 0.185179 
0.0936681 0.24883 0.0638776 0.151809 0.0446607 0.206343 0.137473 0.0533384 
0.10079 0.0400382 0.0571021 0.29791 0.133799 0.12199 0.132366 0.116005 
0.0686866 0.13789 0.0559385 0.148197 0.201972 0.0772826 0.198947 0.111086 
0.228372 0.0834145 0.256475 0.105209 0.120495 0.0166361 0.110536 0.0788616 
0.0567329 0.284206 0.0282395 0.154055 0.314023 0.0988922 0.0361236 0.0277275 
0.0805727 0.177906 0.116249 0.249107 0.0636322 0.0725346 0.124847 0.115151 
0.18053 0.0773592 0.0787708 0.106277 0.140914 0.148752 0.11491 0.152487 
0.18053 0.0773592 0.0787708 0.106277 0.140914 0.148752 0.11491 0.152487 
0.17163 0.0797167 0.177239 0.131796 0.122966 0.117173 0.107279 0.092201 
0.0547828 0.0899986 0.0772201 0.0877035 0.165927 0.100115 0.14944 0.274813 
0.138275 0.133056 0.189524 0.0653177 0.184319 0.0999061 0.107546 0.082056 
0.294516 0.0324663 0.082858 0.0681294 0.110957 0.265402 0.0664706 0.0792006 
0.0684698 0.120324 0.248719 0.097645 0.0550107 0.0741508 0.0656348 0.270047 
0.165101 0.104674 0.111861 0.112728 0.0761548 0.048582 0.189666 0.191232 
0.102385 0.123559 0.138803 0.133017 0.129669 0.091582 0.0708194 0.210166 
0.0990137 0.13215 0.110356 0.0871253 0.111471 0.068261 0.146232 0.24539 
0.118569 0.130245 0.108957 0.0908026 0.243564 0.0577363 0.10414 0.145986 
0.0819958 0.073472 0.347148 0.167867 0.0926507 0.0964617 0.0365099 0.103895 
0.155736 0.102619 0.0856521 0.107187 0.243841 0.13232 0.0999542 0.0726912 
0.0900029 0.0645338 0.0327763 0.0527916 0.340082 0.0493776 0.136019 0.234416 
0.168824 0.11135 0.256454 0.121312 0.0943006 0.0705004 0.0963738 0.0808852 
