0.150549 0.361095 0.101561 0.0680747 0.0550369 0.0552452 0.0995072 0.0757324 0.0331982 
0.0688146 0.179503 0.125139 0.0998239 0.175012 0.0689299 0.097489 0.074882 0.110407 
0.0508033 0.112457 0.172591 0.122705 0.151708 0.112085 0.108983 0.0580642 0.110603 
0.137829 0.0771531 0.0718714 0.0920172 0.108821 0.164396 0.173135 0.145044 0.0297341 
0.192959 0.120374 0.130147 0.110978 0.0608104 0.0953511 0.0748321 0.0775898 0.136959 
0.0639672 0.126407 0.0179527 0.12289 0.156776 0.0349341 0.236986 0.180064 0.060024 
0.0486989 0.141126 0.103114 0.185614 0.103679 0.0418786 0.164099 0.170991 0.0407992 
0.0522268 0.0666024 0.194701 0.402865 0.0484644 0.0598605 0.0837618 0.0444535 0.0470646 
0.0518038 0.233348 0.170344 0.155831 0.0649494 0.0723782 0.148183 0.0574342 0.0457284 
0.077308 0.139007 0.290805 0.0802417 0.0449029 0.144787 0.0582032 0.0963669 0.0683782 
0.00722432 0.247125 0.478117 0.00698953 0.0070382 0.00757926 0.00780601 0.230628 0.00749275 
0.0537639 0.220203 0.239058 0.0533228 0.0853047 0.0657835 0.07175 0.11301 0.0978037 
0.0604587 0.165689 0.136389 0.0400866 0.198093 0.0888194 0.124692 0.117013 0.0687591 
0.0497242 0.171204 0.0650721 0.162543 0.128683 0.226999 0.0753335 0.0579718 0.0624689 
0.348863 0.0228923 0.0888849 0.00827844 0.0147007 0.0931954 0.150002 0.186978 0.0862055 
0.0784837 0.177364 0.349967 0.0779641 0.0437691 0.0965458 0.0638799 0.0686172 0.0434098 
0.0412392 0.167981 0.189636 0.186945 0.105457 0.0261173 0.0669618 0.114628 0.101034 
0.184144 0.0859706 0.113738 0.157939 0.0881935 0.0782283 0.171184 0.0664947 0.0541084 
0.0899355 0.0871568 0.150791 0.243305 0.0675536 0.0577952 0.114963 0.0982268 0.0902728 
0.0320917 0.154426 0.148366 0.0502101 0.161748 0.143719 0.0380424 0.203216 0.0681797 
0.0312376 0.0673048 0.126889 0.0503294 0.107274 0.174598 0.167992 0.155119 0.119256 
0.0609923 0.0445171 0.12327 0.138683 0.312859 0.125652 0.0381474 0.069841 0.0860375 
0.101582 0.084961 0.0853433 0.105257 0.0861805 0.0816692 0.166571 0.223833 0.0646031 
0.159828 0.116706 0.124693 0.131175 0.0508584 0.0922786 0.119737 0.0962736 0.108451 
0.0433033 0.0699487 0.0873892 0.188965 0.117943 0.0366277 0.160255 0.0258167 0.269751 
0.0507123 0.136432 0.168484 0.0730239 0.110747 0.121345 0.0859313 0.0821748 0.17115 
0.0785563 0.129459 0.135168 0.0730072 0.11537 0.157669 0.0958824 0.120637 0.0942514 
0.110168 0.072948 0.211043 0.136012 0.12336 0.0939629 0.0666253 0.0771706 0.10871 
0.0923754 0.124685 0.16758 0.0205238 0.363026 0.04845 0.0134023 0.118396 0.0515615 
0.129779 0.086771 0.0825047 0.0857635 0.244071 0.121837 0.096007 0.103604 0.0496628 
0.126805 0.192899 0.148449 0.117648 0.132052 0.0571552 0.0598042 0.0925441 0.0726436 
0.0394721 0.364163 0.0531544 0.279335 0.0467266 0.0492714 0.0814743 0.0551429 0.0312607 
0.107625 0.170139 0.14802 0.0864171 0.0795675 0.0919207 0.153377 0.0957954 0.0671393 
0.119358 0.282849 0.123908 0.0762878 0.0502129 0.101447 0.0340238 0.066873 0.14504 
0.114688 0.16931 0.0926262 0.0623267 0.0850912 0.148987 0.111183 0.15501 0.0607778 
0.0188206 0.142944 0.0671061 0.0712967 0.0527912 0.0461625 0.479353 0.0634331 0.0580931 
0.211311 0.158451 0.0986237 0.0709429 0.0553379 0.0587634 0.203032 0.0936152 0.049923 
0.00297991 0.000471921 0.000498021 0.147037 0.433536 0.331389 0.00321985 0.000511456 0.0803563 
0.0697226 0.124273 0.199765 0.237089 0.0535484 0.0932913 0.061669 0.0991254 0.0615165 
0.177577 0.07301 0.0554746 0.22613 0.148057 0.103776 0.1001 0.0467149 0.0691611 
0.147017 0.131966 0.107327 0.130575 0.0838781 0.120944 0.0850291 0.0923662 0.100898 
0.140239 0.171376 0.0380586 0.127939 0.0552511 0.153603 0.095998 0.140035 0.0775002 
0.107167 0.195093 0.189062 0.110559 0.0679001 0.063103 0.0665259 0.107677 0.0929138 
0.107167 0.195093 0.189062 0.110559 0.0679001 0.063103 0.0665259 0.107677 0.0929138 
0.093577 0.128178 0.147681 0.158176 0.115056 0.0708644 0.101967 0.0794688 0.105031 
0.178389 0.070205 0.0811862 0.0561884 0.171288 0.133268 0.196134 0.068468 0.0448735 
0.0755927 0.189118 0.165498 0.0355807 0.0462216 0.141861 0.0739779 0.19375 0.0784005 
0.296206 0.0608478 0.0170728 0.0752665 0.0184681 0.0888617 0.284361 0.157896 0.00102083 
0.173376 0.0538603 0.0996476 0.0694018 0.0351801 0.130893 0.0593797 0.204573 0.173688 
0.0422164 0.143798 0.0519854 0.134495 0.123789 0.0319659 0.0463711 0.0579326 0.367446 
0.202601 0.0794315 0.10097 0.161275 0.189917 0.0804251 0.0756104 0.0886276 0.0211426 
0.120924 0.121036 0.0563582 0.269912 0.125211 0.0851106 0.0743162 0.10451 0.0426215 
0.0978512 0.153715 0.175806 0.0358926 0.119522 0.0567376 0.118181 0.143735 0.0985605 
0.047746 0.196438 0.0881705 0.218249 0.0590248 0.0674891 0.0621613 0.199431 0.061291 
0.189172 0.0819859 0.0657274 0.0378815 0.0940935 0.178271 0.0688864 0.0947897 0.189193 
0.0954009 0.0400084 0.0302211 0.228426 0.104164 0.343414 0.0385271 0.0584983 0.0613399 
0.0885516 0.0935269 0.0546775 0.156306 0.0558428 0.244482 0.0844033 0.156449 0.0657612 
0.0126352 0.0166303 0.0190057 0.0317755 0.178046 0.520546 0.0151793 0.0414294 0.164753 
0.0278562 0.260387 0.300677 0.0268098 0.074968 0.0904556 0.0226434 0.140165 0.056038 
0.14242 0.0344913 0.202083 0.0789091 0.237292 0.114455 0.115631 0.0266558 0.0480636 
0.0712465 0.227775 0.208867 0.0200898 0.071408 0.151546 0.0702062 0.0918608 0.087 
0.131471 0.0920907 0.0529267 0.0866738 0.237015 0.133619 0.0566818 0.105469 0.104053 
0.103952 0.223318 0.280831 0.0318202 0.092212 0.0941776 0.0309436 0.0633143 0.0794311 
0.0709218 0.094259 0.032862 0.0482978 0.404633 0.106362 0.0160983 0.158115 0.0684507 
0.223311 0.283656 0.13409 0.0495484 0.0686532 0.0489239 0.0439395 0.0704996 0.0773783 
0.0491199 0.0576105 0.199379 0.486691 0.0780357 0.0275747 0.0125371 0.0323875 0.0566651 
0.13836 0.0858041 0.159176 0.423006 0.0624764 0.0225055 0.0105848 0.0263261 0.0717618 
0.0285463 0.00361452 0.252281 0.0663297 0.0157702 0.00305746 0.0468754 0.432419 0.151107 
0.203982 0.0922919 0.126574 0.0792064 0.174453 0.035083 0.0621677 0.0505325 0.175709 
0.363158 0.130492 0.0761315 0.0792241 0.118622 0.0514144 0.0290365 0.0809712 0.0709508 
0.230438 0.109605 0.0756424 0.237421 0.0068986 0.0638134 0.225671 0.0468624 0.00364794 
0.0541631 0.0428072 0.0938684 0.0742307 0.0574705 0.202621 0.19103 0.0909008 0.192908 
0.118112 0.174632 0.144342 0.0912043 0.0918598 0.0950533 0.0665241 0.0999269 0.118346 
0.0523684 0.0953137 0.0411889 0.0409844 0.306242 0.196538 0.0467524 0.0694196 0.151193 
0.0867086 0.100277 0.0562837 0.121311 0.11954 0.161061 0.0782504 0.210264 0.066304 
0.128896 0.0278166 0.0311493 0.144809 0.16557 0.135439 0.122234 0.1839 0.0601863 
0.127729 0.0628172 0.093514 0.146725 0.033535 0.254983 0.0463702 0.122702 0.111625 
0.144051 0.0823843 0.0760077 0.129981 0.114655 0.125682 0.0916369 0.11862 0.116982 
0.126617 0.138676 0.0717722 0.0683841 0.109825 0.0816956 0.225347 0.124508 0.0531748 
0.150067 0.200425 0.0710519 0.131645 0.186823 0.0450003 0.0705683 0.0638912 0.0805279 
0.10495 0.0597839 0.0586153 0.200593 0.191383 0.0532825 0.111913 0.127707 0.0917721 
0.0538738 0.0880969 0.0980662 0.0850587 0.119165 0.0762159 0.170481 0.101119 0.207923 
0.0828512 0.0765898 0.122212 0.140391 0.234962 0.0927404 0.0996213 0.0601875 0.0904448 
0.102293 0.273909 0.165491 0.12275 0.0655591 0.0509002 0.0522726 0.0903472 0.0764777 
0.0438333 0.24166 0.206335 0.152653 0.0790311 0.0453397 0.0707837 0.0953075 0.0650572 
0.138914 0.0626914 0.168841 0.0938679 0.166779 0.0688054 0.08896 0.136826 0.074315 
0.106365 0.10231 0.0803403 0.199408 0.106378 0.0491008 0.147583 0.0817733 0.126741 
0.218392 0.119751 0.0335666 0.0947386 0.159712 0.040436 0.0628579 0.051545 0.219001 
0.0429118 0.0138972 0.35698 0.216929 0.0746149 0.0196792 0.0295399 0.157068 0.0883794 
0.0559534 0.0274739 0.0266187 0.200865 0.0591034 0.513004 0.0467549 0.0100032 0.0602231 
0.0614217 0.0588012 0.062865 0.366825 0.00668462 0.049477 0.101912 0.0801515 0.211862 
0.0371405 0.195461 0.0839292 0.203333 0.153321 0.0701413 0.0835911 0.0594137 0.113669 
0.109995 0.104518 0.110298 0.10642 0.107161 0.115399 0.118852 0.113274 0.114082 
0.178411 0.125675 0.161813 0.0680506 0.0949243 0.0461098 0.182262 0.0949064 0.0478469 
0.191758 0.197463 0.119865 0.0832639 0.131962 0.0742727 0.0425889 0.047356 0.111471 
0.0703673 0.105259 0.0706558 0.0729824 0.242772 0.0554734 0.211987 0.123145 0.0473586 
0.0922145 0.078287 0.165213 0.113135 0.0938399 0.115926 0.11587 0.163408 0.062108 
0.037808 0.0512697 0.19382 0.040802 0.0683672 0.104548 0.124801 0.163294 0.215289 
0.0557778 0.0908522 0.0325577 0.133196 0.141038 0.123484 0.0587888 0.164973 0.199333 
0.0647418 0.238086 0.114335 0.152079 0.0691207 0.0771729 0.0313474 0.123177 0.129939 
0.0701912 0.036593 0.115078 0.188305 0.114986 0.180389 0.0670724 0.144879 0.0825067 
0.0861435 0.105019 0.0618289 0.0858033 0.118554 0.118517 0.046016 0.116075 0.262044 
0.0697693 0.172442 0.0834433 0.214849 0.136355 0.0665863 0.0801159 0.0761505 0.100288 
0.102433 0.274299 0.0348041 0.00491424 0.0173196 0.120787 0.206725 0.0139485 0.224769 
0.0141051 0.378352 0.0167368 0.175414 0.0522201 0.119943 0.223529 0.00597855 0.0137208 
0.133971 0.0857071 0.103335 0.0871568 0.07707 0.26845 0.0892936 0.113349 0.0416685 
0.0650272 0.130904 0.0142442 0.0195727 0.256092 0.215002 0.0409853 0.116722 0.14145 
0.0175241 0.0843196 0.126457 0.072548 0.170159 0.158067 0.0314589 0.0727548 0.266712 
0.111885 0.131432 0.129829 0.195473 0.146906 0.0459447 0.0463432 0.090606 0.101582 
0.397298 0.0831497 0.0581748 0.0797444 0.0731351 0.0654432 0.0825309 0.06912 0.0914039 
0.125905 0.172739 0.0457632 0.170687 0.139461 0.0660792 0.0703467 0.126003 0.0830155 
0.123372 0.170233 0.184381 0.0674247 0.0461249 0.0905384 0.104097 0.0616105 0.152218 
0.118345 0.0895511 0.0399532 0.115807 0.052196 0.0674391 0.022939 0.172841 0.320928 
0.147486 0.0722002 0.0909935 0.09379 0.145105 0.181452 0.180982 0.049312 0.0386793 
0.120057 0.0413261 0.0783982 0.173151 0.244664 0.095461 0.0448769 0.0827618 0.119304 
0.126711 0.090448 0.132252 0.116626 0.111479 0.182505 0.0413342 0.137042 0.0616029 
0.0897864 0.115012 0.0778654 0.129692 0.235274 0.129022 0.069381 0.0321263 0.121841 
0.096049 0.190194 0.107933 0.0989249 0.152707 0.0954882 0.115952 0.0552315 0.0875203 
0.0263173 0.0393546 0.0480241 0.145508 0.0267172 0.217224 0.172676 0.0641002 0.260078 
0.0774566 0.145275 0.09984 0.0985373 0.245499 0.189976 0.0178141 0.0236559 0.101946 
0.100153 0.0829081 0.0817464 0.166258 0.24661 0.0815612 0.0750492 0.071419 0.0942955 
0.0196681 0.202895 0.0186305 0.0735305 0.0661752 0.116691 0.193316 0.184672 0.124421 
0.114883 0.132308 0.057424 0.0736057 0.062729 0.0786846 0.074243 0.184312 0.221811 
0.105607 0.104999 0.0922052 0.0986313 0.153591 0.0818512 0.0747748 0.056528 0.231812 
0.036042 0.408605 0.102399 0.0265718 0.062007 0.0546605 0.045753 0.108604 0.155357 
0.125991 0.0632537 0.10213 0.11212 0.098767 0.137642 0.0479361 0.182308 0.129853 
0.0976699 0.0999155 0.103034 0.0980413 0.171676 0.117624 0.095041 0.102931 0.114067 
0.0301505 0.0415683 0.0306208 0.137904 0.503179 0.0400666 0.0941652 0.0818767 0.040469 
0.121105 0.180867 0.0790145 0.0727483 0.104062 0.104878 0.157744 0.0822798 0.0973009 
0.0808268 0.119292 0.122265 0.0803413 0.13803 0.123557 0.128587 0.134617 0.0724843 
0.0450563 0.121572 0.0558361 0.115561 0.0563189 0.0249729 0.115281 0.0814177 0.383984 
0.14765 0.105788 0.119035 0.150974 0.0287948 0.134417 0.111684 0.133853 0.0678055 
0.0537927 0.0387098 0.208311 0.0943184 0.221842 0.0614169 0.0575548 0.176255 0.0877992 
0.117256 0.0691947 0.0730889 0.1066 0.126387 0.273694 0.0804204 0.0815374 0.0718213 
0.0615394 0.128044 0.0638574 0.112556 0.210222 0.0348004 0.0367056 0.207545 0.144731 
0.0567553 0.0841395 0.223823 0.0454772 0.0827199 0.0252353 0.0639828 0.113234 0.304632 
0.105388 0.0644804 0.0829588 0.0632314 0.0899724 0.210603 0.082453 0.249587 0.0513261 
0.242619 0.137939 0.0220069 0.133469 0.187696 0.0466068 0.0682598 0.0365697 0.124833 
0.0407227 0.0179371 0.130749 0.229772 0.274175 0.0567518 0.0238249 0.0719267 0.154141 
0.0647361 0.0897231 0.16891 0.0794332 0.098138 0.334734 0.0550524 0.0600929 0.0491798 
0.108478 0.195534 0.149657 0.155613 0.119942 0.0263981 0.0299008 0.107354 0.107123 
0.0425994 0.196114 0.0253878 0.054135 0.0638385 0.0909169 0.0899302 0.236512 0.200566 
0.00520691 0.0407252 0.156815 0.205196 0.0170263 0.182415 0.0205411 0.0986622 0.273413 
0.178533 0.152597 0.0381527 0.0980205 0.0597705 0.136964 0.0351941 0.207959 0.0928091 
0.0688729 0.0895618 0.145757 0.148954 0.0596994 0.0555667 0.12979 0.242951 0.0588467 
0.163977 0.101173 0.169643 0.157595 0.120703 0.132915 0.0185151 0.0749732 0.0605067 
0.0955328 0.0480626 0.0252435 0.181823 0.0377987 0.160343 0.143489 0.228195 0.0795125 
0.0567953 0.093219 0.136369 0.266054 0.134143 0.109494 0.0107883 0.0553168 0.13782 
0.10874 0.124461 0.0944787 0.115119 0.0944202 0.129075 0.110114 0.131267 0.0923241 
0.0421117 0.114188 0.251164 0.22283 0.133418 0.0538559 0.0471683 0.0395048 0.0957595 
0.0486001 0.0368892 0.217095 0.117076 0.0808792 0.236796 0.0862515 0.103212 0.0732006 
0.0527028 0.063956 0.061162 0.241398 0.152577 0.226877 0.058272 0.0446559 0.0983998 
0.0245035 0.112548 0.13676 0.261692 0.0674841 0.0639541 0.231096 0.0689531 0.0330094 
0.0543712 0.0516637 0.0999083 0.16356 0.0529705 0.217092 0.108316 0.178151 0.0739674 
0.0121355 0.0162064 0.00851204 0.579873 0.182961 0.0127939 0.0276957 0.0167931 0.143029 
0.0739023 0.177876 0.0822961 0.0949985 0.15009 0.184028 0.0194761 0.0659034 0.15143 
0.212961 0.0516493 0.0613281 0.0849425 0.0972933 0.0678815 0.0479855 0.283798 0.0921615 
0.0446776 0.215617 0.179334 0.217792 0.0301552 0.0270428 0.124751 0.115774 0.0448563 
0.0378217 0.0389755 0.133092 0.184241 0.135788 0.139912 0.0341284 0.18924 0.106801 
0.0764405 0.177664 0.0189178 0.143455 0.134923 0.182052 0.0578337 0.0873792 0.121336 
0.165682 0.146082 0.103191 0.101254 0.0935379 0.125645 0.0967081 0.0662356 0.101664 
0.205117 0.0720097 0.0508076 0.0987083 0.12271 0.198852 0.0631357 0.0679401 0.120719 
0.0425411 0.0997245 0.212118 0.0958983 0.0754683 0.0991993 0.134223 0.176808 0.0640192 
0.033584 0.232614 0.0572303 0.187505 0.076217 0.238978 0.00519004 0.0524559 0.116226 
0.0350466 0.147688 0.229934 0.134888 0.121796 0.0483085 0.09703 0.123177 0.0621318 
0.0533587 0.0625768 0.0966204 0.158506 0.195982 0.208983 0.0453832 0.0599607 0.118629 
0.0675849 0.159158 0.0883502 0.0741489 0.262178 0.0358492 0.183448 0.0824163 0.046867 
0.0506235 0.0541425 0.0690663 0.133182 0.133397 0.111995 0.0948715 0.140733 0.21199 
0.278306 0.0857696 0.0504944 0.0946612 0.110244 0.0874924 0.0788415 0.150791 0.0633995 
0.231427 0.104861 0.162836 0.0626407 0.0132232 0.0329605 0.00627066 0.232891 0.152889 
0.215783 0.127127 0.187687 0.0992881 0.0492425 0.0682728 0.0449509 0.185704 0.0219456 
0.125971 0.0618685 0.066266 0.131928 0.0613274 0.0753085 0.0780143 0.131237 0.268078 
0.193411 0.0716822 0.0387079 0.237716 0.0656911 0.0663518 0.117375 0.0514664 0.157599 
0.0625857 0.0679457 0.106402 0.199789 0.117704 0.126049 0.0675167 0.161909 0.0900986 
0.103374 0.0826501 0.172751 0.0662836 0.0863031 0.0822698 0.176579 0.101181 0.128608 
0.234447 0.258171 0.0561284 0.113308 0.0515579 0.0671583 0.0183608 0.0972349 0.103634 
0.0887787 0.106803 0.118228 0.104225 0.14789 0.0611376 0.187003 0.109575 0.0763595 
0.0640049 0.137971 0.0520326 0.0862903 0.103338 0.227705 0.0531221 0.0528372 0.222699 
0.125513 0.0788936 0.0726539 0.154138 0.125891 0.122177 0.182306 0.074628 0.0637994 
0.0425054 0.0325373 0.0653769 0.275608 0.0573484 0.0466634 0.0125525 0.362978 0.10443 
0.0551768 0.145463 0.119002 0.102001 0.0826506 0.0854061 0.129152 0.0997277 0.181422 
0.115018 0.070651 0.0489466 0.106637 0.147655 0.0681029 0.0673035 0.11812 0.257566 
0.0378611 0.115241 0.148523 0.0374757 0.0823034 0.361068 0.0428057 0.0649187 0.109803 
0.0706638 0.13517 0.0626033 0.0790372 0.23973 0.105679 0.150802 0.0827608 0.0735538 
0.109166 0.0632868 0.15634 0.0699141 0.170704 0.0708085 0.122837 0.166446 0.0704979 
0.344941 0.0659878 0.0878524 0.0943634 0.0489437 0.0652949 0.0612003 0.0279542 0.203462 
0.0596067 0.150047 0.130513 0.16437 0.132854 0.0897206 0.13636 0.05943 0.077099 
0.015812 0.108508 0.137558 0.0676273 0.23951 0.182123 0.101438 0.0508321 0.0965912 
0.102862 0.169081 0.101446 0.101446 0.0521941 0.132102 0.0948871 0.0751952 0.170786 
0.0536754 0.130493 0.0853667 0.014479 0.0160202 0.456965 0.0377076 0.138941 0.0663517 
0.0444564 0.0321258 0.149865 0.193683 0.230746 0.045015 0.0245376 0.0573966 0.222174 
0.0639747 0.143939 0.0867038 0.139704 0.124369 0.120199 0.0633 0.0652262 0.192584 
0.075756 0.104126 0.169969 0.120071 0.117654 0.0952112 0.0627586 0.0835798 0.170875 
0.252039 0.0885757 0.0242054 0.103456 0.0872263 0.16231 0.0997852 0.0898318 0.0925703 
0.260462 0.0258726 0.331594 0.185608 0.0257554 0.0318633 0.0183616 0.101226 0.019257 
0.144884 0.0325257 0.157865 0.124855 0.194486 0.158688 0.0318391 0.0873895 0.0674681 
0.0958183 0.114434 0.0512308 0.159548 0.147488 0.139035 0.118766 0.0490636 0.124616 
0.0558725 0.0666432 0.101814 0.206726 0.15716 0.0893655 0.119133 0.134003 0.0692823 
0.237475 0.0954383 0.0589008 0.0596568 0.071269 0.0478796 0.0607351 0.202106 0.166539 
0.126984 0.124174 0.156498 0.107191 0.0931921 0.0630401 0.18267 0.0599216 0.086329 
0.0791633 0.218535 0.117476 0.0389327 0.19109 0.027957 0.230039 0.0449581 0.0518485 
0.102453 0.0900267 0.126458 0.140609 0.140671 0.114058 0.111476 0.126968 0.0472802 
0.0547645 0.0705061 0.10361 0.102805 0.16646 0.15166 0.0806575 0.126556 0.142982 
0.0731779 0.151715 0.0912693 0.178818 0.0997394 0.0870364 0.0503412 0.104948 0.162955 
0.105488 0.100515 0.107542 0.12069 0.0814256 0.182398 0.126049 0.089878 0.0860147 
0.0970551 0.079548 0.108272 0.185464 0.112116 0.0803052 0.117238 0.0707369 0.149265 
0.049973 0.0804058 0.102481 0.302832 0.228461 0.0669803 0.0255541 0.00698167 0.136331 
0.133024 0.0702514 0.079582 0.075249 0.151005 0.107975 0.0820295 0.147583 0.153302 
0.162507 0.0846337 0.113753 0.0635896 0.0581386 0.222309 0.065905 0.147836 0.0813283 
0.086302 0.0902308 0.0940812 0.285512 0.129401 0.105685 0.0726038 0.0679402 0.0682445 
0.125417 0.282037 0.0264763 0.0695676 0.0452745 0.0808183 0.041599 0.0697509 0.25906 
0.0319627 0.088381 0.10109 0.0460861 0.114076 0.205407 0.066549 0.059605 0.286843 
0.101011 0.115334 0.101792 0.160112 0.0521039 0.0809275 0.0501886 0.248757 0.0897749 
0.0908983 0.269929 0.0946265 0.0974017 0.134356 0.0870493 0.070093 0.0858746 0.0697715 
0.00671849 0.00672896 0.00671795 0.174858 0.107582 0.00670814 0.375285 0.00671223 0.308689 
0.0689959 0.13591 0.0950941 0.0468608 0.140053 0.173537 0.115493 0.085206 0.138851 
0.183385 0.0818896 0.0397644 0.0708705 0.111545 0.0434123 0.134052 0.298963 0.0361182 
0.176172 0.117606 0.0391108 0.344695 0.043509 0.0557515 0.0534143 0.0252479 0.144493 
0.0804311 0.122346 0.106677 0.128052 0.126146 0.143259 0.0863709 0.0872637 0.119453 
0.146544 0.0948898 0.0692899 0.0802651 0.258946 0.0618228 0.133135 0.0528881 0.10222 
0.0889799 0.0648485 0.0860797 0.0648097 0.163766 0.07226 0.123287 0.0923731 0.243597 
0.0628702 0.146721 0.12913 0.0663418 0.0823755 0.225538 0.0465473 0.127304 0.113172 
0.0838867 0.176162 0.0689536 0.0983943 0.0984339 0.213087 0.11747 0.0980979 0.0455138 
0.0905243 0.130688 0.0974713 0.111297 0.248077 0.0723455 0.0746593 0.0655992 0.109339 
0.0420343 0.135442 0.149223 0.0753361 0.100082 0.124461 0.09975 0.208525 0.0651462 
0.13691 0.0740406 0.0907934 0.205732 0.0648975 0.102694 0.064426 0.174819 0.0856874 
0.114029 0.164933 0.140107 0.0968515 0.0965031 0.0786253 0.145098 0.0843024 0.0795509 
0.113893 0.0150766 0.112194 0.123268 0.0932523 0.102692 0.0418409 0.311978 0.085805 
0.0675025 0.0875738 0.181368 0.0929954 0.142377 0.09655 0.050437 0.120136 0.161061 
0.0774885 0.211685 0.0967778 0.0614957 0.218743 0.177897 0.0177028 0.0747002 0.0635099 
0.107103 0.137898 0.0930787 0.12823 0.138331 0.0880978 0.0996069 0.0969191 0.110735 
0.0816473 0.156381 0.193685 0.14188 0.0924008 0.0338551 0.101176 0.0962094 0.102764 
0.145295 0.120541 0.128779 0.0786402 0.208759 0.0509438 0.128892 0.0892312 0.0489188 
0.199713 0.0729308 0.0523071 0.119207 0.170238 0.104488 0.0458265 0.147496 0.0877932 
0.156357 0.0963686 0.0486338 0.0747397 0.128827 0.0597914 0.0574159 0.116781 0.261086 
0.164069 0.0728196 0.140241 0.0736008 0.16841 0.0468135 0.0444147 0.0899985 0.199633 
0.112914 0.117535 0.131381 0.120157 0.0731268 0.157849 0.0606813 0.0542285 0.172127 
0.124069 0.0278339 0.035551 0.0823637 0.130842 0.122214 0.135715 0.213027 0.128384 
0.0461475 0.152255 0.117827 0.0499392 0.0624832 0.156447 0.182669 0.158533 0.0736992 
0.0861914 0.149996 0.11951 0.0817745 0.0788188 0.0835 0.195853 0.163499 0.0408572 
0.164603 0.066086 0.227547 0.0729886 0.0747313 0.073614 0.0914922 0.0874245 0.141513 
0.0849138 0.121086 0.0932853 0.153095 0.207373 0.0592936 0.0216114 0.0444663 0.214876 
0.0599724 0.142335 0.099078 0.0552193 0.201996 0.0720269 0.176483 0.0862156 0.106674 
0.0233737 0.0629184 0.122461 0.305558 0.112742 0.0635884 0.146419 0.0879406 0.0749988 
0.0259963 0.0654068 0.121597 0.271322 0.0132913 0.0127829 0.310376 0.131227 0.048001 
0.190813 0.0438128 0.0271148 0.090801 0.0704482 0.436252 0.0341549 0.0325157 0.074088 
0.162136 0.0432755 0.0279744 0.082286 0.063473 0.345569 0.0343605 0.0446961 0.196229 
0.178731 0.0582839 0.0916474 0.237836 0.108741 0.0468844 0.0614287 0.112487 0.103962 
0.134764 0.101954 0.0364657 0.145883 0.193393 0.124501 0.0869463 0.0533546 0.12274 
0.168887 0.0374384 0.0910788 0.0549394 0.335329 0.0691454 0.13455 0.0418666 0.0667658 
0.2051 0.0643231 0.186282 0.202955 0.052112 0.0522691 0.0884686 0.0247921 0.123698 
0.127803 0.134478 0.104586 0.0813612 0.0397574 0.137444 0.0757003 0.172904 0.125966 
0.062251 0.0736734 0.0535042 0.0466322 0.154353 0.144984 0.2005 0.107411 0.156691 
0.123018 0.0720331 0.109465 0.237091 0.142087 0.0903641 0.0630299 0.0786554 0.0842571 
0.313535 0.086387 0.0836373 0.161695 0.0701388 0.0723403 0.105562 0.0411864 0.0655181 
0.206519 0.150606 0.0788981 0.116079 0.0471697 0.132038 0.017026 0.094703 0.156961 
0.0460618 0.163433 0.134409 0.0302037 0.139978 0.206375 0.0252997 0.117848 0.136391 
0.228722 0.0519788 0.0611638 0.210228 0.0597137 0.0984697 0.107038 0.0776172 0.105068 
0.064657 0.183465 0.0783628 0.223678 0.10054 0.142459 0.0829224 0.0628454 0.0610703 
0.0678157 0.106958 0.252038 0.108842 0.120513 0.079577 0.0697483 0.0882687 0.106238 
0.138305 0.11338 0.17881 0.189508 0.0642764 0.107707 0.0801246 0.0663554 0.0615333 
0.0864094 0.144886 0.0614606 0.247444 0.113668 0.0825859 0.0922252 0.112565 0.0587553 
0.142885 0.0558111 0.0365091 0.0619889 0.286992 0.0464593 0.0362669 0.106542 0.226546 
0.0747304 0.0885092 0.0814985 0.200667 0.11368 0.110531 0.121297 0.0640227 0.145064 
0.00704444 0.221883 0.0123536 0.0551345 0.0534845 0.0956424 0.172525 0.237148 0.144784 
0.0376443 0.18641 0.179671 0.0693624 0.0725006 0.10268 0.025436 0.152376 0.17392 
0.0701524 0.0771149 0.0497539 0.15232 0.142712 0.0491709 0.173515 0.209008 0.0762523 
0.21564 0.126946 0.0406588 0.121961 0.22969 0.052037 0.0913776 0.0408962 0.0807936 
0.0836217 0.184859 0.110527 0.0877179 0.13609 0.112953 0.135834 0.0973042 0.0510928 
0.00704444 0.221883 0.0123536 0.0551345 0.0534845 0.0956424 0.172525 0.237148 0.144784 
0.0689078 0.0868459 0.213362 0.094257 0.161138 0.0717727 0.04272 0.157627 0.103369 
0.00704444 0.221883 0.0123536 0.0551345 0.0534845 0.0956424 0.172525 0.237148 0.144784 
0.134161 0.148266 0.0772631 0.110074 0.0397882 0.158598 0.0425416 0.0842787 0.20503 
0.0665313 0.133268 0.0442795 0.111721 0.10093 0.0349768 0.0626922 0.213227 0.232374 
0.0195885 0.0738314 0.0729997 0.375787 0.0907667 0.0231377 0.0355777 0.124075 0.184236 
0.0588381 0.205849 0.0708483 0.0414355 0.164117 0.192193 0.0960855 0.123296 0.0473375 
0.096255 0.168251 0.0532466 0.141977 0.249569 0.0585702 0.0877473 0.0693916 0.0749929 
0.100676 0.104076 0.174395 0.136607 0.139802 0.120753 0.0436155 0.0941106 0.0859643 
0.0470768 0.0244847 0.245441 0.0581525 0.0933483 0.234339 0.0316598 0.0868901 0.178607 
0.0858137 0.0628645 0.109195 0.127987 0.136138 0.0623538 0.0414947 0.166601 0.207552 
0.0432426 0.0713436 0.0603474 0.115612 0.297907 0.0352994 0.053582 0.0958191 0.226846 
0.22292 0.0564432 0.0293312 0.284624 0.194781 0.0504732 0.0789821 0.047532 0.0349129 
0.113611 0.04913 0.174398 0.120566 0.178746 0.0273305 0.0150079 0.111832 0.209378 
0.035787 0.188982 0.201255 0.0933327 0.0713764 0.0944823 0.0593309 0.105676 0.149778 
0.109711 0.089266 0.0945342 0.15977 0.108966 0.0572261 0.162952 0.10221 0.115365 
0.144398 0.0997512 0.274717 0.068401 0.113668 0.0288373 0.0506001 0.0943598 0.125267 
0.0476908 0.306429 0.0934112 0.0829764 0.0746379 0.152112 0.0486223 0.13371 0.0604103 
0.137289 0.142602 0.240388 0.081215 0.0536895 0.148626 0.0158422 0.0847656 0.0955827 
0.181242 0.0627321 0.197017 0.0989508 0.0702361 0.0662513 0.155092 0.0655655 0.102913 
0.066326 0.19076 0.0865597 0.0999112 0.104238 0.123019 0.0703953 0.0868019 0.171989 
0.0941911 0.121241 0.112441 0.0718444 0.132512 0.139935 0.204774 0.0690419 0.0540191 
0.0951187 0.209901 0.0241913 0.119619 0.0700487 0.218267 0.0609526 0.0897391 0.112162 
0.0949737 0.0328229 0.0613829 0.151538 0.191372 0.140405 0.154509 0.158918 0.0140787 
0.238357 0.138891 0.0775624 0.22584 0.0302909 0.0870799 0.0544102 0.0970612 0.0505063 
0.0309299 0.174002 0.0350397 0.146519 0.141239 0.186531 0.0449489 0.140519 0.100271 
0.0337148 0.187176 0.198599 0.174529 0.182815 0.063914 0.0174265 0.0661489 0.0756768 
0.0944978 0.158937 0.0825008 0.0642506 0.0991654 0.0718578 0.0943106 0.203984 0.130496 
0.137528 0.136488 0.0668993 0.0702602 0.104429 0.100496 0.0985696 0.167945 0.117384 
0.125256 0.0931497 0.0848004 0.144861 0.0841202 0.189636 0.131378 0.0681632 0.0786352 
0.0385263 0.113535 0.133549 0.133397 0.0131402 0.0352791 0.0425093 0.020635 0.469429 
0.0428287 0.118931 0.0464984 0.0855071 0.228622 0.0792404 0.146097 0.0680554 0.18422 
0.147624 0.0452609 0.0915168 0.0460848 0.170389 0.0709538 0.151653 0.19883 0.0776863 
0.0389228 0.040494 0.259901 0.0878813 0.0411898 0.0273462 0.0477756 0.0611295 0.39536 
0.126762 0.0169226 0.083995 0.159806 0.0552071 0.179619 0.113984 0.162249 0.101456 
0.266433 0.0978026 0.0491878 0.179871 0.136825 0.0509895 0.0367113 0.018178 0.164002 
0.103281 0.155083 0.145586 0.0807138 0.0894136 0.133576 0.0411524 0.143734 0.107461 
0.0667895 0.054262 0.0226685 0.0277774 0.24756 0.187164 0.0611356 0.246526 0.0861173 
0.146786 0.12378 0.0596993 0.144144 0.125605 0.062903 0.0707178 0.125441 0.140924 
0.0740948 0.12591 0.0538037 0.21991 0.0562839 0.0726415 0.0367037 0.224388 0.136264 
0.0269877 0.0125536 0.0893868 0.0376329 0.241723 0.268529 0.0525964 0.139939 0.130652 
0.120589 0.0909885 0.0501453 0.0877181 0.0926061 0.128585 0.143295 0.0821857 0.203887 
0.0222745 0.0646006 0.121507 0.289634 0.112391 0.0366818 0.106162 0.152594 0.094155 
0.0429272 0.160361 0.151896 0.179895 0.105691 0.0884349 0.0819401 0.0576795 0.131175 
0.218764 0.0679445 0.386832 0.113039 0.0667919 0.0290114 0.0238694 0.0175011 0.0762465 
0.174307 0.123613 0.0609403 0.123098 0.165484 0.117629 0.0983779 0.0566474 0.0799035 
0.0543465 0.0947032 0.0406389 0.201447 0.0349527 0.222508 0.0989352 0.180687 0.0717822 
0.0576953 0.122308 0.0923824 0.0664999 0.10262 0.175478 0.101286 0.0885595 0.193172 
0.170212 0.0643532 0.0769828 0.0877693 0.07396 0.0619582 0.0527578 0.145277 0.266729 
0.172842 0.048375 0.217115 0.237131 0.0999854 0.0555466 0.0461783 0.0659878 0.056838 
0.039216 0.319549 0.045408 0.124686 0.11767 0.060366 0.134258 0.0489752 0.109871 
0.156295 0.110473 0.200564 0.12996 0.0633938 0.131513 0.0273618 0.0708438 0.109594 
0.266433 0.0978026 0.0491878 0.179871 0.136825 0.0509895 0.0367113 0.018178 0.164002 
0.112211 0.0570422 0.0500087 0.0608974 0.148015 0.111328 0.0202983 0.167212 0.272987 
0.127577 0.135285 0.0818996 0.0735665 0.0720251 0.107385 0.132499 0.141186 0.128576 
0.0978438 0.148689 0.133013 0.30604 0.0514226 0.0709608 0.0233664 0.0780186 0.0906456 
0.0656581 0.144905 0.222619 0.0932969 0.053088 0.073053 0.0676592 0.122174 0.157547 
0.130004 0.0900118 0.0797114 0.190668 0.111049 0.0820026 0.0917632 0.0851796 0.13961 
0.0667413 0.115714 0.103138 0.162929 0.105535 0.0666488 0.0904822 0.201431 0.0873815 
0.103031 0.0802413 0.173723 0.153049 0.136412 0.0521757 0.133001 0.0895609 0.078806 
0.0417898 0.0645657 0.0399247 0.110026 0.118914 0.314259 0.0528793 0.196768 0.0608743 
0.0991165 0.060839 0.0544047 0.125301 0.170714 0.0643125 0.137827 0.149329 0.138156 
0.0450263 0.0637077 0.0353921 0.117844 0.103335 0.240236 0.0682491 0.272203 0.0540062 
0.0864015 0.104469 0.0578398 0.227814 0.064231 0.154283 0.0854369 0.192365 0.0271586 
0.064759 0.0863522 0.0715894 0.114095 0.0487055 0.0264113 0.0569753 0.262235 0.268877 
0.0479469 0.0894806 0.0550684 0.21494 0.0594828 0.27099 0.115034 0.129233 0.0178242 
0.071575 0.161625 0.110678 0.0590572 0.0484343 0.126934 0.0330655 0.104456 0.284175 
0.205128 0.068258 0.0866672 0.0586821 0.0904521 0.135415 0.0559044 0.0556148 0.243879 
0.0288358 0.174664 0.0211684 0.112567 0.268209 0.0679659 0.15216 0.0874267 0.0870029 
0.13929 0.0759964 0.0784691 0.0979533 0.14777 0.131127 0.132834 0.129878 0.066682 
0.146564 0.0898736 0.0486335 0.149567 0.148647 0.0697135 0.067705 0.121157 0.158138 
0.07785 0.198192 0.0944874 0.124211 0.0712199 0.13033 0.059992 0.132257 0.11146 
0.0557388 0.0549178 0.0652368 0.0944815 0.106173 0.171981 0.108899 0.130888 0.211684 
0.0933263 0.0693651 0.115143 0.250451 0.142265 0.130503 0.113567 0.04087 0.0445097 
0.111123 0.144676 0.100273 0.139383 0.014302 0.23047 0.0867128 0.0567953 0.116264 
0.19183 0.0328563 0.320328 0.0917174 0.0448282 0.124817 0.0189951 0.0932974 0.0813301 
0.157461 0.105137 0.188178 0.0991595 0.04358 0.188926 0.0290015 0.0482838 0.140274 
0.230474 0.0587795 0.0233389 0.197028 0.0488793 0.236696 0.0449015 0.0989265 0.0609759 
0.0496281 0.218422 0.170697 0.094675 0.0881963 0.0609745 0.119148 0.146787 0.0514721 
0.0650969 0.170555 0.10964 0.131555 0.118514 0.0486993 0.0385879 0.0920994 0.225252 
0.114772 0.0708284 0.0605106 0.0704505 0.0737501 0.270167 0.147094 0.128577 0.0638503 
0.0995577 0.124028 0.0567116 0.0615844 0.151938 0.132995 0.0551783 0.136879 0.181128 
0.173491 0.216987 0.0597575 0.137384 0.0737001 0.0866971 0.148183 0.0626283 0.0411728 
0.0671651 0.0853687 0.0806668 0.0639944 0.173093 0.17567 0.0499811 0.141732 0.162329 
0.0496699 0.212576 0.054586 0.0960027 0.173535 0.0482347 0.0988091 0.168155 0.0984319 
0.0450711 0.199307 0.205104 0.0889849 0.0694465 0.0229466 0.226046 0.0415119 0.101582 
0.135826 0.096949 0.100728 0.0606296 0.0696091 0.259304 0.0592377 0.0976091 0.120107 
0.0656127 0.0422889 0.0260448 0.0288771 0.22453 0.214552 0.0597405 0.255623 0.0827318 
0.0475032 0.22996 0.0481944 0.0780935 0.140194 0.0869858 0.071296 0.103712 0.194062 
0.0350784 0.116926 0.0326582 0.206608 0.100458 0.0488418 0.188558 0.135415 0.135457 
0.0533585 0.251658 0.0912106 0.0625297 0.112178 0.0993755 0.14617 0.119088 0.0644307 
0.0847534 0.198633 0.0808972 0.202648 0.0624206 0.0869476 0.0644556 0.107336 0.111909 
0.095083 0.116534 0.190602 0.0903028 0.112715 0.0972949 0.0710057 0.151731 0.0747325 
0.0997308 0.118997 0.162045 0.181108 0.0748965 0.122058 0.0475471 0.0801177 0.1135 
0.207004 0.0102502 0.00572238 0.223975 0.297568 0.0563396 0.0481206 0.126775 0.0242453 
0.112078 0.081574 0.110642 0.0973719 0.204868 0.177074 0.0481269 0.0891308 0.0791336 
0.022716 0.0387228 0.0150408 0.580974 0.00959412 0.095913 0.0196918 0.0676371 0.14971 
0.143026 0.0944445 0.0756753 0.133295 0.144753 0.082691 0.0187754 0.110473 0.196868 
0.0467081 0.156294 0.232645 0.0960204 0.0606128 0.070561 0.0285517 0.173694 0.134912 
0.111898 0.0276056 0.0875231 0.120318 0.187663 0.0913817 0.0928737 0.190735 0.0900013 
0.111067 0.0845969 0.0701168 0.100422 0.225365 0.035638 0.0937954 0.157678 0.12132 
0.0374654 0.257812 0.127575 0.0933761 0.147407 0.0736365 0.0553023 0.0771786 0.130247 
0.0817557 0.131298 0.155207 0.0763939 0.105757 0.0540946 0.156899 0.124516 0.114079 
0.06147 0.182982 0.0564269 0.347674 0.0472136 0.0492312 0.0927183 0.0756554 0.0866288 
0.064365 0.102173 0.160949 0.256579 0.176055 0.0561411 0.0675434 0.0381989 0.0779947 
0.074706 0.148059 0.0909806 0.179434 0.199034 0.0744256 0.0363261 0.0720844 0.124951 
0.0415138 0.249168 0.0398792 0.143317 0.157577 0.0278367 0.0549392 0.195467 0.0903015 
0.0709366 0.0636257 0.0636297 0.223084 0.193286 0.0984067 0.120439 0.088446 0.0781464 
0.0897874 0.255243 0.0401958 0.11517 0.0955963 0.0591429 0.0700941 0.0976593 0.177111 
0.0873055 0.138246 0.106735 0.218417 0.100836 0.0949568 0.0449184 0.152159 0.0564262 
0.239515 0.159672 0.0296801 0.116688 0.127515 0.0506903 0.186669 0.0347736 0.0547979 
0.172899 0.0844861 0.128535 0.0999126 0.121963 0.0974578 0.0377214 0.0643796 0.192645 
0.107241 0.118094 0.106773 0.122677 0.17675 0.106733 0.0509829 0.120398 0.0903506 
0.0906113 0.0237269 0.338773 0.192328 0.00739298 0.00796131 0.00819949 0.0648131 0.266194 
0.0905601 0.0817975 0.0761057 0.195412 0.146414 0.042146 0.0629685 0.22399 0.0806059 
0.0726311 0.111934 0.0834555 0.215671 0.101221 0.143116 0.0927185 0.0928204 0.0864336 
0.0344039 0.185622 0.114095 0.152267 0.102728 0.105736 0.0606401 0.169748 0.0747614 
0.0369439 0.279349 0.0172406 0.151968 0.0636844 0.197773 0.019541 0.0265329 0.206968 
0.114699 0.169086 0.0903708 0.0888897 0.107498 0.0495298 0.0785222 0.0776555 0.223748 
0.18457 0.0419333 0.140724 0.108343 0.0991896 0.0107775 0.0496691 0.257886 0.106907 
0.0843135 0.0822046 0.322197 0.136562 0.107388 0.0478598 0.073582 0.101728 0.0441643 
0.0970192 0.0820155 0.175604 0.052552 0.227938 0.144233 0.0538014 0.086715 0.0801225 
0.0374441 0.101271 0.114368 0.0412409 0.281944 0.228032 0.0629759 0.0396527 0.0930711 
0.196556 0.0469181 0.0568935 0.149248 0.0799568 0.0605698 0.11336 0.20162 0.094878 
0.121563 0.0604071 0.070657 0.113676 0.0787328 0.0951515 0.154719 0.174107 0.130987 
0.0961671 0.0574803 0.0779705 0.115853 0.208075 0.0755168 0.0893054 0.165033 0.114599 
0.365725 0.0566216 0.0671163 0.107329 0.0988119 0.0967009 0.0345564 0.0499035 0.123235 
0.0189927 0.089401 0.0816007 0.111228 0.204064 0.176185 0.171204 0.0728585 0.0744656 
0.0515451 0.267151 0.0169586 0.0948343 0.0696904 0.427894 0.00808177 0.0333689 0.0304754 
0.157058 0.245727 0.128219 0.0591646 0.0511307 0.0325091 0.10235 0.138455 0.0853874 
0.176632 0.0930946 0.0522335 0.109491 0.107269 0.128084 0.137327 0.0443679 0.151501 
0.0810796 0.250799 0.0675159 0.224215 0.114841 0.0537937 0.0517736 0.0299061 0.126077 
0.111247 0.258382 0.0525809 0.308431 0.0447368 0.0455679 0.0143926 0.07604 0.0886221 
0.0609209 0.083232 0.194868 0.0553973 0.0640112 0.16064 0.0953175 0.115742 0.169872 
0.0785399 0.119205 0.117259 0.0882183 0.0795914 0.0770943 0.0684959 0.0693735 0.302222 
0.136608 0.116663 0.146034 0.0608933 0.0349193 0.282954 0.0880959 0.0823675 0.0514639 
0.0910809 0.114313 0.2029 0.0812636 0.0866159 0.0685763 0.131343 0.124564 0.099343 
0.0458252 0.00967712 0.143931 0.0270365 0.233522 0.0743088 0.100965 0.233822 0.130914 
0.109994 0.142658 0.0971865 0.087186 0.0777338 0.0866853 0.0657452 0.060544 0.272267 
0.0764042 0.138295 0.0464562 0.0612883 0.219585 0.171622 0.0734815 0.0371992 0.175668 
0.107848 0.149243 0.186001 0.119121 0.0653901 0.0975689 0.136704 0.0927127 0.0454113 
0.0993158 0.141772 0.0474582 0.0966973 0.163561 0.138967 0.115474 0.0550196 0.141735 
0.104182 0.0926191 0.0786629 0.336729 0.093973 0.06904 0.0566745 0.124747 0.0433724 
0.0823202 0.0431328 0.0459829 0.31994 0.113833 0.0985483 0.0225764 0.232731 0.0409357 
0.0529032 0.0558881 0.0440064 0.385381 0.0738943 0.0898502 0.0149938 0.239147 0.043936 
0.0201975 0.0885201 0.0682288 0.0760291 0.158489 0.306251 0.0710002 0.063185 0.148099 
0.292863 0.0487189 0.0714776 0.146339 0.107906 0.108683 0.0443238 0.0672525 0.112436 
0.318028 0.0552483 0.0671366 0.123516 0.103215 0.101595 0.0465819 0.0757754 0.108903 
0.148773 0.131718 0.172265 0.160801 0.081698 0.0632656 0.0672196 0.0426407 0.131618 
0.100863 0.0803504 0.061717 0.127024 0.246577 0.0458431 0.138081 0.0674164 0.132127 
0.136161 0.048024 0.0712311 0.137356 0.165431 0.0683182 0.167822 0.162818 0.0428387 
0.0982425 0.0330787 0.099575 0.0656327 0.0732434 0.0480653 0.0790617 0.150513 0.352588 
0.0701914 0.0954499 0.0534399 0.117955 0.287297 0.0922539 0.0904228 0.0634307 0.12956 
0.112431 0.0279017 0.387775 0.0535492 0.144569 0.0426516 0.0715809 0.0617276 0.0978148 
0.109088 0.0671944 0.0481824 0.21099 0.140721 0.127343 0.0682518 0.141424 0.0868052 
0.0481121 0.162558 0.0729308 0.181678 0.150018 0.0520731 0.059056 0.180744 0.0928299 
0.115086 0.0856342 0.0752472 0.116218 0.10171 0.1177 0.120492 0.108692 0.159221 
0.0963093 0.106562 0.172096 0.177456 0.104989 0.0367947 0.0132685 0.176489 0.116036 
0.0982587 0.0479606 0.192557 0.0696265 0.137458 0.0806564 0.0555603 0.223081 0.0948414 
0.142858 0.144326 0.132854 0.0503183 0.115519 0.0802427 0.0514932 0.18894 0.0934496 
0.0437991 0.0501814 0.145079 0.189409 0.10487 0.210762 0.0604912 0.088155 0.107254 
0.0984252 0.100841 0.0630927 0.109243 0.0974702 0.238385 0.079929 0.128152 0.0844632 
0.0804349 0.185545 0.092903 0.137829 0.107176 0.0412132 0.091912 0.166523 0.0964628 
0.109924 0.0698496 0.0858544 0.091375 0.112135 0.0897049 0.0839155 0.135631 0.22161 
0.128395 0.215785 0.0976391 0.107141 0.0938313 0.106483 0.0659942 0.0977575 0.0869734 
0.141123 0.128886 0.0605831 0.0509562 0.2623 0.0616505 0.0539692 0.0731311 0.1674 
0.00704444 0.221883 0.0123536 0.0551345 0.0534845 0.0956424 0.172525 0.237148 0.144784 
0.074746 0.104788 0.102106 0.121245 0.127389 0.121979 0.0446172 0.157961 0.145168 
0.0937482 0.128868 0.204992 0.073093 0.0886576 0.0580052 0.146366 0.117037 0.0892334 
0.12584 0.0878582 0.154327 0.118107 0.0564385 0.0895004 0.134392 0.118775 0.114761 
0.0938092 0.0746345 0.17341 0.094598 0.196402 0.0341081 0.0621671 0.186956 0.0839154 
0.068865 0.0943236 0.132391 0.133855 0.166597 0.0629398 0.087416 0.167012 0.0866009 
0.162524 0.0800506 0.260216 0.11556 0.0555612 0.076804 0.0724719 0.105934 0.0708786 
0.0824471 0.178766 0.112658 0.0844211 0.0634331 0.11119 0.0419092 0.130903 0.194271 
0.0556883 0.114272 0.0790444 0.274661 0.19574 0.0486614 0.129659 0.0593165 0.0429561 
0.10906 0.0987541 0.252451 0.110683 0.170173 0.102711 0.0332813 0.070648 0.0522381 
0.0970971 0.126655 0.0991827 0.0308058 0.113969 0.352442 0.124207 0.0157244 0.0399162 
0.277861 0.04393 0.0606201 0.091702 0.0718479 0.102243 0.0154421 0.169561 0.166793 
0.108288 0.163655 0.155478 0.0889548 0.0643185 0.0751702 0.124849 0.126822 0.0924653 
0.211238 0.0951996 0.0451832 0.0552226 0.0818627 0.0262844 0.112476 0.204535 0.167998 
0.0869558 0.114467 0.211408 0.0819098 0.0936775 0.0668445 0.0806981 0.133184 0.130855 
0.0478782 0.146105 0.0967335 0.31829 0.0483872 0.0792729 0.120071 0.100885 0.0423759 
0.0272883 0.142391 0.175433 0.066025 0.0502195 0.0478309 0.00647169 0.0399879 0.444353 
0.0423518 0.111462 0.176693 0.160431 0.0699025 0.0541018 0.0829747 0.0548682 0.247214 
0.0367318 0.1239 0.134478 0.157271 0.119393 0.122643 0.0587118 0.0843471 0.162523 
0.0679893 0.235415 0.100226 0.0329658 0.045874 0.125898 0.121757 0.118615 0.15126 
0.134917 0.0862341 0.0510567 0.0421848 0.150917 0.212227 0.0535039 0.138675 0.130285 
0.0389008 0.0496394 0.210797 0.0873905 0.0188273 0.109518 0.0122685 0.128678 0.34398 
0.00834591 0.0517204 0.0180399 0.0329562 0.475073 0.0643696 0.0879978 0.174104 0.0873938 
0.0973104 0.0576429 0.151465 0.103615 0.13033 0.131503 0.117397 0.0881599 0.122577 
0.155814 0.131645 0.0663656 0.093766 0.0838878 0.0706536 0.0964484 0.187385 0.114033 
0.152295 0.148575 0.10517 0.107354 0.0957365 0.0795256 0.0856087 0.0639421 0.161793 
0.209141 0.0736865 0.0667787 0.0789484 0.0805901 0.157113 0.0707547 0.117555 0.145431 
0.0655381 0.257917 0.170589 0.0694151 0.132861 0.181925 0.0598423 0.0172821 0.0446315 
0.0916376 0.162744 0.138086 0.231102 0.105608 0.121202 0.0200981 0.0733894 0.0561316 
0.0736003 0.244726 0.242344 0.0640127 0.0735157 0.105132 0.0423585 0.0403705 0.11394 
